Instance name: /home/cuong/CLionProjects/uMV-FSTSP/50_dis_rand_ins/v18
Write arg val: 1

drone speed: 1 miles/minute
uav non-eligible customer: 11 
Printing tau:
0 24.6034 34.5225 58.2131 59.1394 48.6008 47.895 56.8864 56.6909 88.4251 91.1343 0 
24.6034 0 38.3405 62.0311 62.9574 52.4188 51.713 32.283 36.6341 92.2431 94.9523 24.6034 
34.5225 38.3405 0 23.6906 28.2462 25.9868 22.5143 68.6283 68.4328 53.9027 56.6119 34.5225 
58.2131 62.0311 23.6906 0 37.8678 35.6084 32.1358 78.2499 78.0544 40.5636 44.7387 58.2131 
59.1394 62.9574 28.2462 37.8678 0 10.5386 11.2444 40.3821 40.1866 29.2857 31.9949 59.1394 
48.6008 52.4188 25.9868 35.6084 10.5386 0 3.47251 42.6415 42.446 39.8244 42.5335 48.6008 
47.895 51.713 22.5143 32.1358 11.2444 3.47251 0 46.114 45.9185 40.5301 43.2393 47.895 
56.8864 32.283 68.6283 78.2499 40.3821 42.6415 46.114 0 5.61518 61.2242 63.9334 56.8864 
56.6909 36.6341 68.4328 78.0544 40.1866 42.446 45.9185 5.61518 0 55.609 58.3182 56.6909 
88.4251 92.2431 53.9027 40.5636 29.2857 39.8244 40.5301 61.2242 55.609 0 4.17513 88.4251 
91.1343 94.9523 56.6119 44.7387 31.9949 42.5335 43.2393 63.9334 58.3182 4.17513 0 91.1343 
0 0 0 0 0 0 0 0 0 0 0 0 
Printing tau_prime:
0 3.52109 5.15688 8.76944 8.68316 7.16233 6.94258 8.91734 9.26365 12.7966 13.3055 0 
3.52109 0 7.47124 10.9186 8.97689 7.55649 7.57038 6.33146 6.88719 13.0675 13.4294 3.52109 
5.15688 7.47124 0 3.61613 5.29876 4.17974 3.70329 9.76058 9.68087 8.78966 9.42138 5.15688 
8.76944 10.9186 3.61613 0 5.35692 5.21604 4.77321 11.9036 11.6082 7.15287 7.8554 8.76944 
8.68316 8.97689 5.29876 5.35692 0 1.52426 1.78489 7.28118 6.79394 4.15914 4.62792 8.68316 
7.16233 7.55649 4.17974 5.21604 1.52426 0 0.501128 6.74722 6.40441 5.67545 6.15218 7.16233 
6.94258 7.57038 3.70329 4.77321 1.78489 0.501128 0 7.14807 6.83503 5.85443 6.36942 6.94258 
8.91734 6.33146 9.76058 11.9036 7.28118 6.74722 7.14807 0 0.794588 10.1673 10.2083 8.91734 
9.26365 6.88719 9.68087 11.6082 6.79394 6.40441 6.83503 0.794588 0 9.48464 9.49836 9.26365 
12.7966 13.0675 8.78966 7.15287 4.15914 5.67545 5.85443 10.1673 9.48464 0 0.703866 12.7966 
13.3055 13.4294 9.42138 7.8554 4.62792 6.15218 6.36942 10.2083 9.49836 0.703866 0 13.3055 
0 0 0 0 0 0 0 0 0 0 0 0 
Printing number of nodes: 11

Version identifier: 22.1.1.0 | 2022-11-28 | 9160aff4d
CPXPARAM_ClockType                               0
CPXPARAM_Emphasis_MIP                            2
CPXPARAM_MIP_Tolerances_Integrality              0
Tried aggregator 2 times.
MIP Presolve eliminated 438 rows and 1238 columns.
MIP Presolve modified 596 coefficients.
Aggregator did 35 substitutions.
Reduced MIP has 5514 rows, 442 columns, and 162997 nonzeros.
Reduced MIP has 432 binaries, 0 generals, 0 SOSs, and 0 indicators.
Presolve time = 0.12 sec. (376.17 ticks)
Found incumbent of value 516.920500 after 0.18 sec. (511.96 ticks)
Probing fixed 74 vars, tightened 0 bounds.
Probing changed sense of 5 constraints.
Probing time = 0.02 sec. (15.67 ticks)
Cover probing fixed 8 vars, tightened 0 bounds.
Tried aggregator 2 times.
MIP Presolve eliminated 110 rows and 82 columns.
MIP Presolve added 6 rows and 0 columns.
MIP Presolve modified 149 coefficients.
Aggregator did 2 substitutions.
Reduced MIP has 5408 rows, 358 columns, and 162223 nonzeros.
Reduced MIP has 348 binaries, 0 generals, 0 SOSs, and 0 indicators.
Presolve time = 0.13 sec. (340.21 ticks)
Probing fixed 2 vars, tightened 0 bounds.
Probing changed sense of 30 constraints.
Probing time = 0.01 sec. (16.94 ticks)
Tried aggregator 1 time.
MIP Presolve eliminated 86 rows and 87 columns.
MIP Presolve modified 61 coefficients.
Reduced MIP has 5320 rows, 271 columns, and 161815 nonzeros.
Reduced MIP has 262 binaries, 0 generals, 0 SOSs, and 0 indicators.
Presolve time = 0.08 sec. (227.34 ticks)
Probing changed sense of 2 constraints.
Probing time = 0.01 sec. (10.88 ticks)
Tried aggregator 1 time.
Detecting symmetries...
MIP Presolve eliminated 6 rows and 2 columns.
MIP Presolve modified 6 coefficients.
Reduced MIP has 5314 rows, 269 columns, and 161795 nonzeros.
Reduced MIP has 260 binaries, 0 generals, 0 SOSs, and 0 indicators.
Presolve time = 0.04 sec. (95.38 ticks)
Probing time = 0.01 sec. (11.78 ticks)
Clique table members: 14522.
MIP emphasis: optimality.
MIP search method: dynamic search.
Parallel mode: deterministic, using up to 20 threads.
Root relaxation solution time = 0.04 sec. (50.34 ticks)

        Nodes                                         Cuts/
   Node  Left     Objective  IInf  Best Integer    Best Bound    ItCnt     Gap

*     0+    0                          516.9205        0.0000           100.00%
*     0+    0                          341.1610        0.0000           100.00%
      0     0      196.5079    40      341.1610      196.5079      521   42.40%
*     0+    0                          246.1731      196.5079            20.17%
      0     0      198.8525    48      246.1731      Cuts: 16      570   19.22%
      0     0      202.0052    74      246.1731      Cuts: 16      623   17.94%
*     0+    0                          226.0088      202.0052            10.62%
      0     0      202.2592    89      226.0088      Cuts: 45      667   10.51%
      0     0      202.4984    84      226.0088       Cuts: 9      688   10.40%
      0     0      202.9684    88      226.0088      Cuts: 19      733   10.19%
Detecting symmetries...
      0     0      203.0739    93      226.0088      Cuts: 35      767   10.15%
      0     0      203.0749    91      226.0088   ZeroHalf: 7      773   10.15%
*     0+    0                          219.3471      203.0749             7.42%
      0     0      203.0795    97      219.3471   ZeroHalf: 8      779    6.67%
      0     0        cutoff            219.3471      219.3471      779    0.00%
Elapsed time = 0.96 sec. (2340.21 ticks, tree = 0.01 MB, solutions = 5)

Clique cuts applied:  12
Implied bound cuts applied:  6
Zero-half cuts applied:  16
Gomory fractional cuts applied:  2

Root node processing (before b&c):
  Real time             =    0.96 sec. (2340.77 ticks)
Parallel b&c, 20 threads:
  Real time             =    0.00 sec. (0.00 ticks)
  Sync time (average)   =    0.00 sec.
  Wait time (average)   =    0.00 sec.
                          ------------
Total (root+branch&cut) =    0.96 sec. (2340.77 ticks)
Truck arcs:
0 2
1 11
2 3
3 6
4 8
5 4
6 5
7 1
8 7
customer 9 is served by drone
start of this sortie: 6
end of this sortie: 5

customer 10 is served by drone
start of this sortie: 5
end of this sortie: 4

219.347
In write mode
