Instance name: /home/cuong/CLionProjects/uMV-FSTSP/50_dis_rand_ins/v19
Write arg val: 1

drone speed: 1 miles/minute
uav non-eligible customer: 2 8 11 
Printing tau:
0 16.3133 70.8879 83.3784 60.121 65.2433 68.0412 70.7304 56.4235 101.575 99.1478 0 
16.3133 0 65.7065 74.0828 50.8254 55.9478 58.7456 61.4348 47.128 92.2795 89.8522 16.3133 
70.8879 65.7065 0 12.4904 46.4609 56.7946 67.0784 87.752 86.8494 47.7991 60.791 70.8879 
83.3784 74.0828 12.4904 0 39.5249 49.8587 60.1425 80.8161 79.9135 40.8632 53.8551 83.3784 
60.121 50.8254 46.4609 39.5249 0 10.3337 20.6175 41.2911 40.3886 41.454 39.0268 60.121 
65.2433 55.9478 56.7946 49.8587 10.3337 0 10.2838 30.9574 30.0548 36.3317 33.9044 65.2433 
68.0412 58.7456 67.0784 60.1425 20.6175 10.2838 0 20.6736 19.771 33.5339 31.1066 68.0412 
70.7304 61.4348 87.752 80.8161 41.2911 30.9574 20.6736 0 14.3068 39.9529 28.4174 70.7304 
56.4235 47.128 86.8494 79.9135 40.3886 30.0548 19.771 14.3068 0 45.1515 42.7242 56.4235 
101.575 92.2795 47.7991 40.8632 41.454 36.3317 33.5339 39.9529 45.1515 0 12.9919 101.575 
99.1478 89.8522 60.791 53.8551 39.0268 33.9044 31.1066 28.4174 42.7242 12.9919 0 99.1478 
0 0 0 0 0 0 0 0 0 0 0 0 
Printing tau_prime:
0 2.6553 12.2187 13.2322 8.5125 9.28598 9.9422 11.3791 9.57767 14.3666 14.114 0 
2.6553 0 12.7365 13.3733 7.68585 8.01196 8.31015 9.23064 7.30489 13.2937 12.726 2.6553 
12.2187 12.7365 0 2.02048 6.74469 8.07154 9.49486 12.41 12.4515 8.033 9.48068 12.2187 
13.2322 13.3733 2.02048 0 6.48556 7.50302 8.77764 11.5682 11.9271 6.32601 7.93605 13.2322 
8.5125 7.68585 6.74469 6.48556 0 1.6311 3.1235 6.02912 5.73569 5.86554 5.87953 8.5125 
9.28598 8.01196 8.07154 7.50302 1.6311 0 1.50722 4.44628 4.42963 5.29322 4.82801 9.28598 
9.9422 8.31015 9.49486 8.77764 3.1235 1.50722 0 2.94832 3.24303 5.4703 4.4881 9.9422 
11.3791 9.23064 12.41 11.5682 6.02912 4.44628 2.94832 0 2.02731 7.1381 5.53975 11.3791 
9.57767 7.30489 12.4515 11.9271 5.73569 4.42963 3.24303 2.02731 0 8.44226 7.07729 9.57767 
14.3666 13.2937 8.033 6.32601 5.86554 5.29322 5.4703 7.1381 8.44226 0 1.86913 14.3666 
14.114 12.726 9.48068 7.93605 5.87953 4.82801 4.4881 5.53975 7.07729 1.86913 0 14.114 
0 0 0 0 0 0 0 0 0 0 0 0 
Printing number of nodes: 11

Version identifier: 22.1.1.0 | 2022-11-28 | 9160aff4d
CPXPARAM_ClockType                               0
CPXPARAM_Emphasis_MIP                            2
CPXPARAM_MIP_Tolerances_Integrality              0
Tried aggregator 3 times.
MIP Presolve eliminated 1007 rows and 1280 columns.
MIP Presolve modified 831 coefficients.
Aggregator did 21 substitutions.
Reduced MIP has 5247 rows, 414 columns, and 149054 nonzeros.
Reduced MIP has 406 binaries, 0 generals, 0 SOSs, and 0 indicators.
Presolve time = 0.15 sec. (568.02 ticks)
Found incumbent of value 477.189100 after 0.19 sec. (651.98 ticks)
Probing fixed 26 vars, tightened 0 bounds.
Probing changed sense of 25 constraints.
Probing time = 0.01 sec. (15.88 ticks)
Cover probing fixed 12 vars, tightened 0 bounds.
Tried aggregator 2 times.
MIP Presolve eliminated 80 rows and 67 columns.
MIP Presolve modified 42 coefficients.
Aggregator did 6 substitutions.
Reduced MIP has 5161 rows, 341 columns, and 148553 nonzeros.
Reduced MIP has 333 binaries, 0 generals, 0 SOSs, and 0 indicators.
Presolve time = 0.11 sec. (296.62 ticks)
Probing fixed 1 vars, tightened 0 bounds.
Probing changed sense of 12 constraints.
Probing time = 0.01 sec. (16.96 ticks)
Tried aggregator 1 time.
MIP Presolve eliminated 97 rows and 106 columns.
MIP Presolve modified 71 coefficients.
Reduced MIP has 5064 rows, 235 columns, and 148036 nonzeros.
Reduced MIP has 230 binaries, 0 generals, 0 SOSs, and 0 indicators.
Presolve time = 0.07 sec. (185.56 ticks)
Probing time = 0.01 sec. (8.81 ticks)
Tried aggregator 1 time.
Detecting symmetries...
Reduced MIP has 5064 rows, 235 columns, and 148036 nonzeros.
Reduced MIP has 230 binaries, 0 generals, 0 SOSs, and 0 indicators.
Presolve time = 0.03 sec. (80.04 ticks)
Probing time = 0.01 sec. (10.34 ticks)
Clique table members: 9850.
MIP emphasis: optimality.
MIP search method: dynamic search.
Parallel mode: deterministic, using up to 20 threads.
Root relaxation solution time = 0.03 sec. (34.44 ticks)

        Nodes                                         Cuts/
   Node  Left     Objective  IInf  Best Integer    Best Bound    ItCnt     Gap

*     0+    0                          477.1891       -1.0154           100.21%
      0     0      234.3884    44      477.1891      234.3884      254   50.88%
*     0+    0                          234.7433      234.3884             0.15%
      0     0        cutoff            234.7433                    260    0.00%
Elapsed time = 0.52 sec. (1397.65 ticks, tree = 0.01 MB, solutions = 2)

Root node processing (before b&c):
  Real time             =    0.52 sec. (1398.17 ticks)
Parallel b&c, 20 threads:
  Real time             =    0.00 sec. (0.00 ticks)
  Sync time (average)   =    0.00 sec.
  Wait time (average)   =    0.00 sec.
                          ------------
Total (root+branch&cut) =    0.52 sec. (1398.17 ticks)
Truck arcs:
0 1
1 8
2 11
3 2
4 3
5 4
6 5
8 6
customer 7 is served by drone
start of this sortie: 5
end of this sortie: 4

customer 9 is served by drone
start of this sortie: 3
end of this sortie: 2

customer 10 is served by drone
start of this sortie: 6
end of this sortie: 5

234.743
In write mode
