Instance name: /home/cuong/CLionProjects/uMV-FSTSP/50_dis_rand_ins/v2
Write arg val: 1

drone speed: 1 miles/minute
uav non-eligible customer: 9 11 
Printing tau:
0 15.8312 32.3194 47.5108 40.6727 37.3362 27.4944 52.5771 52.1885 93.7841 98.2145 0 
15.8312 0 41.7844 63.342 42.0247 38.6882 28.8465 53.9291 45.5885 95.1361 99.5666 15.8312 
32.3194 41.7844 0 21.5576 13.9462 24.063 41.0139 73.2942 78.1418 61.4647 65.8951 32.3194 
47.5108 63.342 21.5576 0 35.5038 45.6205 62.5715 94.8518 99.6993 61.2923 65.7228 47.5108 
40.6727 42.0247 13.9462 35.5038 0 10.1168 27.0677 59.348 64.1956 53.1114 57.5418 40.6727 
37.3362 38.6882 24.063 45.6205 10.1168 0 16.951 49.2312 54.0788 56.4479 60.8783 37.3362 
27.4944 28.8465 41.0139 62.5715 27.0677 16.951 0 32.2803 37.1279 66.2897 70.7201 27.4944 
52.5771 53.9291 73.2942 94.8518 59.348 49.2312 32.2803 0 8.34059 41.207 45.6375 52.5771 
52.1885 45.5885 78.1418 99.6993 64.1956 54.0788 37.1279 8.34059 0 49.5476 53.9781 52.1885 
93.7841 95.1361 61.4647 61.2923 53.1114 56.4479 66.2897 41.207 49.5476 0 4.43046 93.7841 
98.2145 99.5666 65.8951 65.7228 57.5418 60.8783 70.7201 45.6375 53.9781 4.43046 0 98.2145 
0 0 0 0 0 0 0 0 0 0 0 0 
Printing tau_prime:
0 2.24701 5.86194 8.14002 5.9974 5.2869 4.43344 10.0055 9.67524 13.3611 13.9692 0 
2.24701 0 7.58908 10.1564 7.12887 6.01802 4.08096 8.83314 8.24642 13.4687 14.1008 2.24701 
5.86194 7.58908 0 3.0488 2.29902 3.47619 5.84024 10.754 11.1787 10.1733 10.6518 5.86194 
8.14002 10.1564 3.0488 0 5.15256 6.48799 8.87712 13.7115 14.1971 12.0248 12.4 8.14002 
5.9974 7.12887 2.29902 5.15256 0 1.50653 4.25753 8.56026 9.0926 8.20939 8.73947 5.9974 
5.2869 6.01802 3.47619 6.48799 1.50653 0 2.77199 7.28835 7.7099 8.2019 8.78681 5.2869 
4.43344 4.08096 5.84024 8.87712 4.25753 2.77199 0 5.78127 5.75982 9.38889 10.0218 4.43344 
10.0055 8.83314 10.754 13.7115 8.56026 7.28835 5.78127 0 1.36429 7.73077 8.29208 10.0055 
9.67524 8.24642 11.1787 14.1971 9.0926 7.7099 5.75982 1.36429 0 9.07407 9.6428 9.67524 
13.3611 13.4687 10.1733 12.0248 8.20939 8.2019 9.38889 7.73077 9.07407 0 0.639153 13.3611 
13.9692 14.1008 10.6518 12.4 8.73947 8.78681 10.0218 8.29208 9.6428 0.639153 0 13.9692 
0 0 0 0 0 0 0 0 0 0 0 0 
Printing number of nodes: 11

Version identifier: 22.1.1.0 | 2022-11-28 | 9160aff4d
CPXPARAM_ClockType                               0
CPXPARAM_Emphasis_MIP                            2
CPXPARAM_MIP_Tolerances_Integrality              0
Tried aggregator 2 times.
MIP Presolve eliminated 534 rows and 1210 columns.
MIP Presolve modified 792 coefficients.
Aggregator did 37 substitutions.
Reduced MIP has 5560 rows, 468 columns, and 160910 nonzeros.
Reduced MIP has 459 binaries, 0 generals, 0 SOSs, and 0 indicators.
Presolve time = 0.10 sec. (335.37 ticks)
Found incumbent of value 565.374000 after 0.15 sec. (435.47 ticks)
Probing fixed 72 vars, tightened 0 bounds.
Probing changed sense of 15 constraints.
Probing time = 0.03 sec. (18.84 ticks)
Cover probing fixed 12 vars, tightened 0 bounds.
Tried aggregator 2 times.
MIP Presolve eliminated 122 rows and 113 columns.
MIP Presolve modified 101 coefficients.
Aggregator did 5 substitutions.
Reduced MIP has 5433 rows, 350 columns, and 160073 nonzeros.
Reduced MIP has 341 binaries, 0 generals, 0 SOSs, and 0 indicators.
Presolve time = 0.12 sec. (317.36 ticks)
Probing changed sense of 11 constraints.
Probing time = 0.07 sec. (15.57 ticks)
Tried aggregator 1 time.
MIP Presolve eliminated 88 rows and 96 columns.
MIP Presolve modified 106 coefficients.
Reduced MIP has 5344 rows, 254 columns, and 159619 nonzeros.
Reduced MIP has 245 binaries, 0 generals, 0 SOSs, and 0 indicators.
Presolve time = 0.06 sec. (162.23 ticks)
Probing time = 0.02 sec. (10.06 ticks)
Tried aggregator 1 time.
Detecting symmetries...
Reduced MIP has 5344 rows, 254 columns, and 159619 nonzeros.
Reduced MIP has 245 binaries, 0 generals, 0 SOSs, and 0 indicators.
Presolve time = 0.03 sec. (85.04 ticks)
Probing time = 0.01 sec. (11.55 ticks)
Clique table members: 12637.
MIP emphasis: optimality.
MIP search method: dynamic search.
Parallel mode: deterministic, using up to 20 threads.
Root relaxation solution time = 0.03 sec. (46.72 ticks)

        Nodes                                         Cuts/
   Node  Left     Objective  IInf  Best Integer    Best Bound    ItCnt     Gap

*     0+    0                          565.3740       -7.0000           101.24%
      0     0      222.0696    76      565.3740      222.0696      420   60.72%
*     0+    0                          326.5010      222.0696            31.99%
*     0+    0                          227.0223      222.0696             2.18%
      0     0        cutoff            227.0223      227.0223      504    0.00%
Elapsed time = 0.75 sec. (1771.01 ticks, tree = 0.01 MB, solutions = 3)

Clique cuts applied:  11
Implied bound cuts applied:  13
Flow cuts applied:  1
Mixed integer rounding cuts applied:  8
Zero-half cuts applied:  3
Gomory fractional cuts applied:  24

Root node processing (before b&c):
  Real time             =    0.75 sec. (1771.55 ticks)
Parallel b&c, 20 threads:
  Real time             =    0.00 sec. (0.00 ticks)
  Sync time (average)   =    0.00 sec.
  Wait time (average)   =    0.00 sec.
                          ------------
Total (root+branch&cut) =    0.75 sec. (1771.55 ticks)
Truck arcs:
0 1
1 8
4 5
5 6
6 11
7 9
8 7
9 4
customer 2 is served by drone
start of this sortie: 0
end of this sortie: 1

customer 3 is served by drone
start of this sortie: 4
end of this sortie: 5

customer 10 is served by drone
start of this sortie: 5

227.022
In write mode
