Instance name: /home/cuong/CLionProjects/uMV-FSTSP/50_dis_rand_ins/v21
Write arg val: 1

drone speed: 1 miles/minute
uav non-eligible customer: 11 
Printing tau:
0 18.8439 31.1145 31.1128 50.7223 23.0625 29.9569 55.2186 49.6811 93.28 76.3191 0 
18.8439 0 46.1224 49.9567 69.5661 41.9064 48.8007 47.2101 68.525 112.124 95.163 18.8439 
31.1145 46.1224 0 3.83435 42.5696 52.954 30.6023 86.333 80.5901 66.0015 49.0406 31.1145 
31.1128 49.9567 3.83435 0 39.275 49.6595 27.3077 83.0385 77.2956 62.1672 45.2063 31.1128 
50.7223 69.5661 42.5696 39.275 0 27.6597 20.7654 43.7635 38.0205 42.5578 25.5969 50.7223 
23.0625 41.9064 52.954 49.6595 27.6597 0 22.3518 33.379 27.6361 70.2175 53.2566 23.0625 
29.9569 48.8007 30.6023 27.3077 20.7654 22.3518 0 55.7308 49.9878 63.3232 46.3623 29.9569 
55.2186 47.2101 86.333 83.0385 43.7635 33.379 55.7308 0 21.3149 64.9138 48.8234 55.2186 
49.6811 68.525 80.5901 77.2956 38.0205 27.6361 49.9878 21.3149 0 45.9187 43.0805 49.6811 
93.28 112.124 66.0015 62.1672 42.5578 70.2175 63.3232 64.9138 45.9187 0 16.9609 93.28 
76.3191 95.163 49.0406 45.2063 25.5969 53.2566 46.3623 48.8234 43.0805 16.9609 0 76.3191 
0 0 0 0 0 0 0 0 0 0 0 0 
Printing tau_prime:
0 3.27818 5.85188 5.90247 7.35387 4.49187 4.23716 8.77922 9.9157 13.2014 10.831 0 
3.27818 0 9.07487 9.16838 9.84238 6.04269 7.1803 8.90987 10.9453 15.9189 13.4955 3.27818 
5.85188 9.07487 0 0.71493 6.87281 7.51253 4.34436 12.2103 11.8293 10.5435 8.7315 5.85188 
5.90247 9.16838 0.71493 0 6.20815 7.1146 3.86535 11.7498 11.2422 9.84812 8.01783 5.90247 
7.35387 9.84238 6.87281 6.20815 0 4.17827 3.38945 6.94987 5.37893 6.12135 3.68999 7.35387 
4.49187 6.04269 7.51253 7.1146 4.17827 0 3.30797 4.77972 5.42642 10.2613 7.84193 4.49187 
4.23716 7.1803 4.34436 3.86535 3.38945 3.30797 0 7.88473 7.59978 8.97372 6.62898 4.23716 
8.77922 8.90987 12.2103 11.7498 6.94987 4.77972 7.88473 0 3.12188 11.7326 9.67802 8.77922 
9.9157 10.9453 11.8293 11.2422 5.37893 5.42642 7.59978 3.12188 0 8.95476 7.16311 9.9157 
13.2014 15.9189 10.5435 9.84812 6.12135 10.2613 8.97372 11.7326 8.95476 0 2.43198 13.2014 
10.831 13.4955 8.7315 8.01783 3.68999 7.84193 6.62898 9.67802 7.16311 2.43198 0 10.831 
0 0 0 0 0 0 0 0 0 0 0 0 
Printing number of nodes: 11

Version identifier: 22.1.1.0 | 2022-11-28 | 9160aff4d
CPXPARAM_ClockType                               0
CPXPARAM_Emphasis_MIP                            2
CPXPARAM_MIP_Tolerances_Integrality              0
Tried aggregator 3 times.
MIP Presolve eliminated 384 rows and 1255 columns.
MIP Presolve added 4 rows and 0 columns.
MIP Presolve modified 671 coefficients.
Aggregator did 76 substitutions.
Reduced MIP has 5531 rows, 384 columns, and 162780 nonzeros.
Reduced MIP has 374 binaries, 0 generals, 0 SOSs, and 0 indicators.
Presolve time = 0.14 sec. (464.82 ticks)
Found incumbent of value 557.711400 after 0.24 sec. (655.73 ticks)
Probing fixed 109 vars, tightened 0 bounds.
Probing changed sense of 16 constraints.
Probing time = 0.21 sec. (14.59 ticks)
Cover probing fixed 4 vars, tightened 0 bounds.
Tried aggregator 2 times.
MIP Presolve eliminated 218 rows and 134 columns.
MIP Presolve added 2 rows and 0 columns.
MIP Presolve modified 163 coefficients.
Aggregator did 5 substitutions.
Reduced MIP has 5308 rows, 245 columns, and 159230 nonzeros.
Reduced MIP has 238 binaries, 0 generals, 0 SOSs, and 0 indicators.
Presolve time = 0.10 sec. (244.65 ticks)
Probing changed sense of 32 constraints.
Probing time = 0.03 sec. (12.59 ticks)
Tried aggregator 1 time.
MIP Presolve eliminated 111 rows and 84 columns.
MIP Presolve modified 47 coefficients.
Reduced MIP has 5197 rows, 161 columns, and 158759 nonzeros.
Reduced MIP has 157 binaries, 0 generals, 0 SOSs, and 0 indicators.
Presolve time = 0.05 sec. (129.85 ticks)
Probing time = 0.13 sec. (7.53 ticks)
Tried aggregator 1 time.
Detecting symmetries...
Reduced MIP has 5197 rows, 161 columns, and 158759 nonzeros.
Reduced MIP has 157 binaries, 0 generals, 0 SOSs, and 0 indicators.
Presolve time = 0.04 sec. (83.21 ticks)
Probing time = 0.01 sec. (7.80 ticks)
Clique table members: 4289.
MIP emphasis: optimality.
MIP search method: dynamic search.
Parallel mode: deterministic, using up to 20 threads.
Root relaxation solution time = 0.03 sec. (32.40 ticks)

        Nodes                                         Cuts/
   Node  Left     Objective  IInf  Best Integer    Best Bound    ItCnt     Gap

*     0+    0                          557.7114       -6.0000           101.08%
      0     0      233.0254    35      557.7114      233.0254      111   58.22%
*     0+    0                          332.0242      233.0254            29.82%
*     0+    0                          233.6232      233.0254             0.26%
      0     0        cutoff            233.6232      233.6232      115    0.00%
Elapsed time = 1.10 sec. (2084.59 ticks, tree = 0.01 MB, solutions = 3)

Implied bound cuts applied:  4
Mixed integer rounding cuts applied:  1
Gomory fractional cuts applied:  11

Root node processing (before b&c):
  Real time             =    1.10 sec. (2085.13 ticks)
Parallel b&c, 20 threads:
  Real time             =    0.00 sec. (0.00 ticks)
  Sync time (average)   =    0.00 sec.
  Wait time (average)   =    0.00 sec.
                          ------------
Total (root+branch&cut) =    1.10 sec. (2085.13 ticks)
Truck arcs:
0 1
1 2
2 3
4 5
5 11
9 10
10 4
customer 6 is served by drone
start of this sortie: 2
end of this sortie: 3

customer 7 is served by drone
start of this sortie: 0
end of this sortie: 1

customer 8 is served by drone
start of this sortie: 9
end of this sortie: 10

233.623
In write mode
