Instance name: /home/cuong/CLionProjects/uMV-FSTSP/50_dis_rand_ins/v22
Write arg val: 1

drone speed: 1 miles/minute
uav non-eligible customer: 11 
Printing tau:
0 21.5718 51.881 52.1621 41.8741 55.9123 53.9798 42.2968 39.5402 88.5894 111.596 0 
21.5718 0 53.7182 30.5903 20.3023 34.3405 32.408 38.7913 37.4372 67.0176 90.0243 21.5718 
51.881 53.7182 0 25.2861 58.275 46.3729 35.8264 92.5095 91.1554 44.5039 63.4488 51.881 
52.1621 30.5903 25.2861 0 32.9889 21.0868 10.5402 67.2234 65.8693 36.4273 59.434 52.1621 
41.8741 20.3023 58.275 32.9889 0 14.0382 22.4486 34.2345 32.8804 46.7153 69.722 41.8741 
55.9123 34.3405 46.3729 21.0868 14.0382 0 10.5466 46.1366 44.7825 32.677 55.6837 55.9123 
53.9798 32.408 35.8264 10.5402 22.4486 10.5466 0 56.6831 55.3291 34.6096 57.6163 53.9798 
42.2968 38.7913 92.5095 67.2234 34.2345 46.1366 56.6831 0 2.75658 48.0055 69.2993 42.2968 
39.5402 37.4372 91.1554 65.8693 32.8804 44.7825 55.3291 2.75658 0 49.0492 72.0559 39.5402 
88.5894 67.0176 44.5039 36.4273 46.7153 32.677 34.6096 48.0055 49.0492 0 23.0067 88.5894 
111.596 90.0243 63.4488 59.434 69.722 55.6837 57.6163 69.2993 72.0559 23.0067 0 111.596 
0 0 0 0 0 0 0 0 0 0 0 0 
Printing tau_prime:
0 3.06176 10.0098 8.2803 5.99053 7.94547 7.96438 8.2942 7.8815 12.5718 15.8049 0 
3.06176 0 8.47573 5.90618 2.94261 4.96634 5.23526 6.21979 5.87266 9.56688 12.745 3.06176 
10.0098 8.47573 0 3.62079 8.28894 6.64943 5.13332 13.109 12.9487 8.50432 12.1462 10.0098 
8.2803 5.90618 3.62079 0 4.88694 3.02892 1.51262 9.60865 9.48481 5.82455 9.58661 8.2803 
5.99053 2.94261 8.28894 4.88694 0 2.60281 3.6069 4.84186 4.6617 6.88761 9.86033 5.99053 
7.94547 4.96634 6.64943 3.02892 2.60281 0 1.51634 6.80289 6.74317 4.62878 8.04143 7.94547 
7.96438 5.23526 5.13332 1.51262 3.6069 1.51634 0 8.1847 8.08679 5.04604 8.72499 7.96438 
8.2942 6.21979 13.109 9.60865 4.84186 6.80289 8.1847 0 0.434333 9.43137 10.9555 8.2942 
7.8815 5.87266 12.9487 9.48481 4.6617 6.74317 8.08679 0.434333 0 9.57307 11.224 7.8815 
12.5718 9.56688 8.50432 5.82455 6.88761 4.62878 5.04604 9.43137 9.57307 0 3.76402 12.5718 
15.8049 12.745 12.1462 9.58661 9.86033 8.04143 8.72499 10.9555 11.224 3.76402 0 15.8049 
0 0 0 0 0 0 0 0 0 0 0 0 
Printing number of nodes: 11

Version identifier: 22.1.1.0 | 2022-11-28 | 9160aff4d
CPXPARAM_ClockType                               0
CPXPARAM_Emphasis_MIP                            2
CPXPARAM_MIP_Tolerances_Integrality              0
Tried aggregator 2 times.
MIP Presolve eliminated 442 rows and 1264 columns.
MIP Presolve modified 635 coefficients.
Aggregator did 44 substitutions.
Reduced MIP has 5501 rows, 407 columns, and 162799 nonzeros.
Reduced MIP has 397 binaries, 0 generals, 0 SOSs, and 0 indicators.
Presolve time = 0.11 sec. (349.21 ticks)
Found incumbent of value 497.301500 after 0.16 sec. (461.78 ticks)
Probing fixed 67 vars, tightened 0 bounds.
Probing changed sense of 9 constraints.
Probing time = 0.07 sec. (15.55 ticks)
Tried aggregator 2 times.
MIP Presolve eliminated 118 rows and 78 columns.
MIP Presolve added 2 rows and 0 columns.
MIP Presolve modified 155 coefficients.
Aggregator did 2 substitutions.
Reduced MIP has 5383 rows, 327 columns, and 162040 nonzeros.
Reduced MIP has 317 binaries, 0 generals, 0 SOSs, and 0 indicators.
Presolve time = 0.13 sec. (378.60 ticks)
Probing fixed 4 vars, tightened 0 bounds.
Probing changed sense of 36 constraints.
Probing time = 0.02 sec. (16.02 ticks)
Tried aggregator 1 time.
MIP Presolve eliminated 106 rows and 93 columns.
MIP Presolve modified 60 coefficients.
Reduced MIP has 5277 rows, 234 columns, and 161594 nonzeros.
Reduced MIP has 224 binaries, 0 generals, 0 SOSs, and 0 indicators.
Presolve time = 0.07 sec. (163.52 ticks)
Probing time = 0.09 sec. (9.49 ticks)
Tried aggregator 1 time.
Detecting symmetries...
Reduced MIP has 5277 rows, 234 columns, and 161594 nonzeros.
Reduced MIP has 224 binaries, 0 generals, 0 SOSs, and 0 indicators.
Presolve time = 0.04 sec. (87.25 ticks)
Probing time = 0.05 sec. (11.11 ticks)
Clique table members: 10848.
MIP emphasis: optimality.
MIP search method: dynamic search.
Parallel mode: deterministic, using up to 20 threads.
Root relaxation solution time = 0.03 sec. (40.07 ticks)

        Nodes                                         Cuts/
   Node  Left     Objective  IInf  Best Integer    Best Bound    ItCnt     Gap

*     0+    0                          497.3015        0.0000           100.00%
*     0+    0                          401.2414        0.0000           100.00%
      0     0      173.6819    10      401.2414      173.6819      273   56.71%
*     0+    0                          175.2485      173.6819             0.89%
*     0+    0                          173.6819      173.6819             0.00%
      0     0        cutoff            173.6819      173.6819      274    0.00%
Elapsed time = 0.72 sec. (1291.41 ticks, tree = 0.01 MB, solutions = 4)

Root node processing (before b&c):
  Real time             =    0.72 sec. (1291.99 ticks)
Parallel b&c, 20 threads:
  Real time             =    0.00 sec. (0.00 ticks)
  Sync time (average)   =    0.00 sec.
  Wait time (average)   =    0.00 sec.
                          ------------
Total (root+branch&cut) =    0.72 sec. (1291.99 ticks)
Truck arcs:
0 8
1 11
3 1
4 5
5 6
6 3
7 4
8 7
customer 2 is served by drone
start of this sortie: 6
end of this sortie: 3

customer 9 is served by drone
start of this sortie: 5
end of this sortie: 6

customer 10 is served by drone
start of this sortie: 4
end of this sortie: 5

173.682
In write mode
