Instance name: /home/cuong/CLionProjects/uMV-FSTSP/50_dis_rand_ins/v24
Write arg val: 1

drone speed: 1 miles/minute
uav non-eligible customer: 1 4 11 
Printing tau:
0 4.86123 63.1841 54.6586 38.2436 37.2606 53.6397 52.4434 45.1944 96.2313 96.7525 0 
4.86123 0 59.4199 50.8943 34.4793 33.4963 49.8754 48.6791 46.3944 92.467 92.9882 4.86123 
63.1841 59.4199 0 9.69046 47.9754 57.2698 39.1917 94.6385 95.3052 46.0498 49.4939 63.1841 
54.6586 50.8943 9.69046 0 38.2849 47.5794 29.5012 84.948 85.6147 41.5727 42.0939 54.6586 
38.2436 34.4793 47.9754 38.2849 0 9.29443 15.396 46.6631 47.3298 57.9877 58.5089 38.2436 
37.2606 33.4963 57.2698 47.5794 9.29443 0 18.0781 37.3687 38.0354 58.9707 59.4919 37.2606 
53.6397 49.8754 39.1917 29.5012 15.396 18.0781 0 55.4468 56.1135 42.5916 43.1128 53.6397 
52.4434 48.6791 94.6385 84.948 46.6631 37.3687 55.4468 0 7.24897 48.5887 45.1446 52.4434 
45.1944 46.3944 95.3052 85.6147 47.3298 38.0354 56.1135 7.24897 0 51.0369 51.5581 45.1944 
96.2313 92.467 46.0498 41.5727 57.9877 58.9707 42.5916 48.5887 51.0369 0 3.44406 96.2313 
96.7525 92.9882 49.4939 42.0939 58.5089 59.4919 43.1128 45.1446 51.5581 3.44406 0 96.7525 
0 0 0 0 0 0 0 0 0 0 0 0 
Printing tau_prime:
0 0.869499 11.7334 9.93051 5.47024 5.29261 7.86105 9.40253 8.68048 13.6529 13.6962 0 
0.869499 0 10.8839 9.08677 4.87791 4.88237 7.18612 9.4453 8.79647 13.0831 13.1508 0.869499 
11.7334 10.8839 0 1.82532 7.64679 8.89029 5.70453 13.4698 13.7162 8.01586 8.45751 11.7334 
9.93051 9.08677 1.82532 0 5.89099 7.16448 4.17459 12.0176 12.1815 7.81062 8.19293 9.93051 
5.47024 4.87791 7.64679 5.89099 0 1.32176 2.50676 6.89794 6.76524 8.20521 8.27719 5.47024 
5.29261 4.88237 8.89029 7.16448 1.32176 0 3.44991 5.70427 5.49479 8.48932 8.48499 5.29261 
7.86105 7.18612 5.70453 4.17459 2.50676 3.44991 0 7.84319 8.02502 6.10095 6.26873 7.86105 
9.40253 9.4453 13.4698 12.0176 6.89794 5.70427 7.84319 0 1.02949 9.25013 8.94576 9.40253 
8.68048 8.79647 13.7162 12.1815 6.76524 5.49479 8.02502 1.02949 0 10.0308 9.75388 8.68048 
13.6529 13.0831 8.01586 7.81062 8.20521 8.48932 6.10095 9.25013 10.0308 0 0.492609 13.6529 
13.6962 13.1508 8.45751 8.19293 8.27719 8.48499 6.26873 8.94576 9.75388 0.492609 0 13.6962 
0 0 0 0 0 0 0 0 0 0 0 0 
Printing number of nodes: 11

Version identifier: 22.1.1.0 | 2022-11-28 | 9160aff4d
CPXPARAM_ClockType                               0
CPXPARAM_Emphasis_MIP                            2
CPXPARAM_MIP_Tolerances_Integrality              0
Tried aggregator 2 times.
MIP Presolve eliminated 984 rows and 1239 columns.
MIP Presolve modified 722 coefficients.
Aggregator did 31 substitutions.
Reduced MIP has 5260 rows, 445 columns, and 149262 nonzeros.
Reduced MIP has 437 binaries, 0 generals, 0 SOSs, and 0 indicators.
Presolve time = 0.10 sec. (334.88 ticks)
Found incumbent of value 525.834700 after 0.16 sec. (422.42 ticks)
Probing fixed 62 vars, tightened 0 bounds.
Probing changed sense of 26 constraints.
Probing time = 0.22 sec. (16.41 ticks)
Cover probing fixed 9 vars, tightened 0 bounds.
Tried aggregator 2 times.
MIP Presolve eliminated 106 rows and 100 columns.
MIP Presolve modified 87 coefficients.
Aggregator did 2 substitutions.
Reduced MIP has 5152 rows, 343 columns, and 148558 nonzeros.
Reduced MIP has 335 binaries, 0 generals, 0 SOSs, and 0 indicators.
Presolve time = 0.14 sec. (302.70 ticks)
Probing fixed 2 vars, tightened 0 bounds.
Probing changed sense of 1 constraints.
Probing time = 0.07 sec. (15.65 ticks)
Tried aggregator 1 time.
Detecting symmetries...
MIP Presolve eliminated 60 rows and 67 columns.
MIP Presolve modified 56 coefficients.
Reduced MIP has 5090 rows, 276 columns, and 148290 nonzeros.
Reduced MIP has 268 binaries, 0 generals, 0 SOSs, and 0 indicators.
Presolve time = 0.10 sec. (183.31 ticks)
Probing time = 0.02 sec. (10.26 ticks)
Clique table members: 15924.
MIP emphasis: optimality.
MIP search method: dynamic search.
Parallel mode: deterministic, using up to 20 threads.
Root relaxation solution time = 0.04 sec. (47.05 ticks)

        Nodes                                         Cuts/
   Node  Left     Objective  IInf  Best Integer    Best Bound    ItCnt     Gap

*     0+    0                          525.8347        5.7225            98.91%
      0     0      175.2763    96      525.8347      175.2763      439   66.67%
*     0+    0                          339.7312      175.2763            48.41%
*     0+    0                          231.5484      175.2763            24.30%
      0     0      184.7624    83      231.5484     Cuts: 125      584   20.21%
      0     0      188.3419    99      231.5484      Cuts: 40      658   18.66%
*     0+    0                          194.4833      188.3419             3.16%
      0     0      189.3393   110      194.4833      Cuts: 51      723    2.64%
      0     0      190.3047   121      194.4833      Cuts: 34      778    2.15%
*     0+    0                          194.4832      190.3047             2.15%
      0     0        cutoff            194.4832      194.4832      803    0.00%
Elapsed time = 1.16 sec. (1733.88 ticks, tree = 0.01 MB, solutions = 5)

GUB cover cuts applied:  2
Clique cuts applied:  58
Implied bound cuts applied:  19
Zero-half cuts applied:  11
Gomory fractional cuts applied:  6

Root node processing (before b&c):
  Real time             =    1.16 sec. (1734.41 ticks)
Parallel b&c, 20 threads:
  Real time             =    0.00 sec. (0.00 ticks)
  Sync time (average)   =    0.00 sec.
  Wait time (average)   =    0.00 sec.
                          ------------
Total (root+branch&cut) =    1.16 sec. (1734.41 ticks)
Truck arcs:
0 1
1 5
2 11
3 2
4 6
5 4
6 3
customer 7 is served by drone
start of this sortie: 5
end of this sortie: 4

customer 8 is served by drone
start of this sortie: 0
end of this sortie: 1

customer 9 is served by drone
start of this sortie: 3
end of this sortie: 2

customer 10 is served by drone
start of this sortie: 4
end of this sortie: 6

194.483
In write mode
