Instance name: /home/cuong/CLionProjects/uMV-FSTSP/50_dis_rand_ins/v3
Write arg val: 1

drone speed: 1 miles/minute
uav non-eligible customer: 11 
Printing tau:
0 14.4341 44.9501 57.8618 41.6325 28.6623 49.6888 48.5609 46.6311 78.0303 73.8932 0 
14.4341 0 48.6591 61.5708 27.1984 14.2282 35.2547 34.1268 32.197 63.5962 59.4591 14.4341 
44.9501 48.6591 0 12.9117 63.2099 41.3236 40.191 71.8855 79.5212 38.9915 50.6743 44.9501 
57.8618 61.5708 12.9117 0 76.1216 54.2353 53.1027 84.7972 92.4329 51.9032 63.586 57.8618 
41.6325 27.1984 63.2099 76.1216 0 21.8863 23.0189 8.67554 16.3113 36.3977 32.2607 41.6325 
28.6623 14.2282 41.3236 54.2353 21.8863 0 21.0266 30.5619 38.1976 49.368 45.231 28.6623 
49.6888 35.2547 40.191 53.1027 23.0189 21.0266 0 31.6944 39.3302 28.3414 24.2044 49.6888 
48.5609 34.1268 71.8855 84.7972 8.67554 30.5619 31.6944 0 7.63575 32.894 25.3323 48.5609 
46.6311 32.197 79.5212 92.4329 16.3113 38.1976 39.3302 7.63575 0 40.5297 28.8469 46.6311 
78.0303 63.5962 38.9915 51.9032 36.3977 49.368 28.3414 32.894 40.5297 0 11.6828 78.0303 
73.8932 59.4591 50.6743 63.586 32.2607 45.231 24.2044 25.3323 28.8469 11.6828 0 73.8932 
0 0 0 0 0 0 0 0 0 0 0 0 
Printing tau_prime:
0 2.1076 8.57095 10.9059 6.42913 4.08578 7.05922 7.85325 8.20929 11.0673 10.4814 0 
2.1076 0 7.81673 10.1258 4.3623 2.26385 5.12758 5.83798 6.30733 9.09718 8.41362 2.1076 
8.57095 7.81673 0 2.33831 8.94031 6.08503 5.82579 10.2275 11.2777 7.63873 8.57076 8.57095 
10.9059 10.1258 2.33831 0 10.8461 8.29402 7.51208 11.997 13.0864 8.27728 9.55845 10.9059 
6.42913 4.3623 8.94031 10.8461 0 3.59789 3.44898 1.57014 2.41265 6.18276 4.89468 6.42913 
4.08578 2.26385 6.08503 8.29402 3.59789 0 2.97791 5.15749 5.96982 6.98947 6.53188 4.08578 
7.05922 5.12758 5.82579 7.51208 3.44898 2.97791 0 4.48511 5.57891 4.01167 3.73029 7.05922 
7.85325 5.83798 10.2275 11.997 1.57014 5.15749 4.48511 0 1.11381 6.24573 4.67256 7.85325 
8.20929 6.30733 11.2777 13.0864 2.41265 5.96982 5.57891 1.11381 0 7.2506 5.61314 8.20929 
11.0673 9.09718 7.63873 8.27728 6.18276 6.98947 4.01167 6.24573 7.2506 0 1.75273 11.0673 
10.4814 8.41362 8.57076 9.55845 4.89468 6.53188 3.73029 4.67256 5.61314 1.75273 0 10.4814 
0 0 0 0 0 0 0 0 0 0 0 0 
Printing number of nodes: 11

Version identifier: 22.1.1.0 | 2022-11-28 | 9160aff4d
CPXPARAM_ClockType                               0
CPXPARAM_Emphasis_MIP                            2
CPXPARAM_MIP_Tolerances_Integrality              0
Tried aggregator 3 times.
MIP Presolve eliminated 350 rows and 1154 columns.
MIP Presolve modified 943 coefficients.
Aggregator did 39 substitutions.
Reduced MIP has 5598 rows, 522 columns, and 163524 nonzeros.
Reduced MIP has 512 binaries, 0 generals, 0 SOSs, and 0 indicators.
Presolve time = 0.13 sec. (470.38 ticks)
Found incumbent of value 448.648200 after 0.17 sec. (571.20 ticks)
Probing fixed 74 vars, tightened 0 bounds.
Probing time = 0.02 sec. (20.02 ticks)
Cover probing fixed 4 vars, tightened 0 bounds.
Tried aggregator 2 times.
MIP Presolve eliminated 110 rows and 107 columns.
MIP Presolve modified 160 coefficients.
Aggregator did 6 substitutions.
Reduced MIP has 5482 rows, 409 columns, and 162722 nonzeros.
Reduced MIP has 399 binaries, 0 generals, 0 SOSs, and 0 indicators.
Presolve time = 0.12 sec. (339.34 ticks)
Probing fixed 4 vars, tightened 0 bounds.
Probing changed sense of 10 constraints.
Probing time = 0.01 sec. (17.88 ticks)
Tried aggregator 1 time.
MIP Presolve eliminated 74 rows and 92 columns.
MIP Presolve modified 52 coefficients.
Reduced MIP has 5408 rows, 317 columns, and 162348 nonzeros.
Reduced MIP has 308 binaries, 0 generals, 0 SOSs, and 0 indicators.
Presolve time = 0.08 sec. (221.05 ticks)
Probing time = 0.01 sec. (11.27 ticks)
Tried aggregator 1 time.
Detecting symmetries...
Reduced MIP has 5408 rows, 317 columns, and 162348 nonzeros.
Reduced MIP has 308 binaries, 0 generals, 0 SOSs, and 0 indicators.
Presolve time = 0.04 sec. (88.44 ticks)
Probing time = 0.01 sec. (12.99 ticks)
Clique table members: 20558.
MIP emphasis: optimality.
MIP search method: dynamic search.
Parallel mode: deterministic, using up to 20 threads.
Root relaxation solution time = 0.04 sec. (49.96 ticks)

        Nodes                                         Cuts/
   Node  Left     Objective  IInf  Best Integer    Best Bound    ItCnt     Gap

*     0+    0                          448.6482       -7.0000           101.56%
*     0+    0                          360.4752       -7.0000           101.94%
      0     0      139.8318   112      360.4752      139.8318      428   61.21%
*     0+    0                          155.1983      139.8318             9.90%
      0     0        cutoff            155.1983      155.1983      535    0.00%
Elapsed time = 0.75 sec. (2008.61 ticks, tree = 0.01 MB, solutions = 3)

GUB cover cuts applied:  1
Clique cuts applied:  79
Implied bound cuts applied:  12
Flow cuts applied:  2
Mixed integer rounding cuts applied:  2
Zero-half cuts applied:  8
Gomory fractional cuts applied:  24

Root node processing (before b&c):
  Real time             =    0.75 sec. (2009.17 ticks)
Parallel b&c, 20 threads:
  Real time             =    0.00 sec. (0.00 ticks)
  Sync time (average)   =    0.00 sec.
  Wait time (average)   =    0.00 sec.
                          ------------
Total (root+branch&cut) =    0.75 sec. (2009.17 ticks)
Truck arcs:
0 1
1 5
4 7
5 6
6 4
7 8
8 11
customer 2 is served by drone
start of this sortie: 0
end of this sortie: 1

customer 3 is served by drone
start of this sortie: 1
end of this sortie: 5

customer 9 is served by drone
start of this sortie: 4
end of this sortie: 7

customer 10 is served by drone
start of this sortie: 7
end of this sortie: 8

155.198
In write mode
