Instance name: /home/cuong/CLionProjects/uMV-FSTSP/50_dis_rand_ins/v32
Write arg val: 1

drone speed: 1 miles/minute
uav non-eligible customer: 11 
Printing tau:
0 22.1593 44.641 31.3613 17.1113 28.2167 40.5037 70.5974 41.8103 61.7306 64.0467 0 
22.1593 0 58.7395 53.5206 20.4715 31.5769 43.8639 48.4381 35.5881 65.0908 67.4069 22.1593 
44.641 58.7395 0 23.5923 46.7939 43.1986 41.2796 107.178 78.3904 46.8581 47.3583 44.641 
31.3613 53.5206 23.5923 0 41.575 37.9797 36.0607 101.959 73.1715 41.6392 42.9981 31.3613 
17.1113 20.4715 46.7939 41.575 0 11.1054 23.3924 60.3837 31.5965 44.6193 46.9354 17.1113 
28.2167 31.5769 43.1986 37.9797 11.1054 0 12.287 63.9789 35.1918 33.5138 35.83 28.2167 
40.5037 43.8639 41.2796 36.0607 23.3924 12.287 0 65.8979 37.1108 21.2269 23.543 40.5037 
70.5974 48.4381 107.178 101.959 60.3837 63.9789 65.8979 0 28.7872 60.3194 59.8192 70.5974 
41.8103 35.5881 78.3904 73.1715 31.5965 35.1918 37.1108 28.7872 0 31.5323 31.8188 41.8103 
61.7306 65.0908 46.8581 41.6392 44.6193 33.5138 21.2269 60.3194 31.5323 0 2.31615 61.7306 
64.0467 67.4069 47.3583 42.9981 46.9354 35.83 23.543 59.8192 31.8188 2.31615 0 64.0467 
0 0 0 0 0 0 0 0 0 0 0 0 
Printing tau_prime:
0 3.16963 8.16201 5.34148 2.81821 4.09875 5.76651 10.8466 7.46557 8.8502 9.18494 0 
3.16963 0 10.7279 8.31895 3.35196 4.97719 6.67666 8.3156 5.74921 9.35733 9.6677 3.16963 
8.16201 10.7279 0 3.41712 7.67795 6.53586 5.86707 15.2985 11.2242 7.0537 7.23795 8.16201 
5.34148 8.31895 3.41712 0 5.9059 5.46597 5.79461 14.4743 10.4681 8.23267 8.51419 5.34148 
2.81821 3.35196 7.67795 5.9059 0 1.6508 3.39886 8.73116 4.95349 6.31012 6.63815 2.81821 
4.09875 4.97719 6.53586 5.46597 1.6508 0 1.7587 9.0514 5.00909 4.76774 5.10116 4.09875 
5.76651 6.67666 5.86707 5.79461 3.39886 1.7587 0 9.43758 5.37717 3.10387 3.43868 5.76651 
10.8466 8.3156 15.2985 14.4743 8.73116 9.0514 9.43758 0 4.08357 9.64041 9.73576 10.8466 
7.46557 5.74921 11.2242 10.4681 4.95349 5.00909 5.37717 4.08357 0 6.10687 6.28558 7.46557 
8.8502 9.35733 7.0537 8.23267 6.31012 4.76774 3.10387 9.64041 6.10687 0 0.335105 8.8502 
9.18494 9.6677 7.23795 8.51419 6.63815 5.10116 3.43868 9.73576 6.28558 0.335105 0 9.18494 
0 0 0 0 0 0 0 0 0 0 0 0 
Printing number of nodes: 11

Version identifier: 22.1.1.0 | 2022-11-28 | 9160aff4d
CPXPARAM_ClockType                               0
CPXPARAM_Emphasis_MIP                            2
CPXPARAM_MIP_Tolerances_Integrality              0
Tried aggregator 2 times.
MIP Presolve eliminated 394 rows and 1231 columns.
MIP Presolve modified 633 coefficients.
Aggregator did 68 substitutions.
Reduced MIP has 5525 rows, 416 columns, and 162909 nonzeros.
Reduced MIP has 406 binaries, 0 generals, 0 SOSs, and 0 indicators.
Presolve time = 0.14 sec. (410.19 ticks)
Found incumbent of value 391.961700 after 0.20 sec. (523.13 ticks)
Probing fixed 68 vars, tightened 0 bounds.
Probing changed sense of 1 constraints.
Probing time = 0.06 sec. (15.04 ticks)
Cover probing fixed 2 vars, tightened 0 bounds.
Tried aggregator 2 times.
MIP Presolve eliminated 132 rows and 75 columns.
MIP Presolve modified 139 coefficients.
Aggregator did 1 substitutions.
Reduced MIP has 5391 rows, 340 columns, and 162080 nonzeros.
Reduced MIP has 330 binaries, 0 generals, 0 SOSs, and 0 indicators.
Presolve time = 0.08 sec. (191.61 ticks)
Probing fixed 3 vars, tightened 0 bounds.
Probing changed sense of 40 constraints.
Probing time = 0.02 sec. (17.87 ticks)
Tried aggregator 1 time.
MIP Presolve eliminated 114 rows and 106 columns.
MIP Presolve modified 51 coefficients.
Reduced MIP has 5277 rows, 234 columns, and 161582 nonzeros.
Reduced MIP has 224 binaries, 0 generals, 0 SOSs, and 0 indicators.
Presolve time = 0.06 sec. (163.55 ticks)
Probing time = 0.25 sec. (9.47 ticks)
Tried aggregator 1 time.
Detecting symmetries...
Reduced MIP has 5277 rows, 234 columns, and 161582 nonzeros.
Reduced MIP has 224 binaries, 0 generals, 0 SOSs, and 0 indicators.
Presolve time = 0.04 sec. (87.31 ticks)
Probing time = 0.04 sec. (10.92 ticks)
Clique table members: 10274.
MIP emphasis: optimality.
MIP search method: dynamic search.
Parallel mode: deterministic, using up to 20 threads.
Root relaxation solution time = 0.03 sec. (40.75 ticks)

        Nodes                                         Cuts/
   Node  Left     Objective  IInf  Best Integer    Best Bound    ItCnt     Gap

*     0+    0                          391.9617       -8.0000           102.04%
*     0+    0                          362.0388       -8.0000           102.21%
      0     0      153.0055    57      362.0388      153.0055      254   57.74%
*     0+    0                          165.8997      153.0055             7.77%
*     0+    0                          162.1596      153.0055             5.65%
      0     0      158.7697    74      162.1596      Cuts: 55      350    2.09%
      0     0      160.6792    61      162.1596       Cuts: 5      371    0.91%
*     0+    0                          161.6844      160.6792             0.62%
      0     0        cutoff            161.6844      161.6844      371    0.00%
Elapsed time = 0.96 sec. (1486.38 ticks, tree = 0.01 MB, solutions = 5)

Clique cuts applied:  15
Implied bound cuts applied:  5
Flow cuts applied:  2
Gomory fractional cuts applied:  2

Root node processing (before b&c):
  Real time             =    0.96 sec. (1486.94 ticks)
Parallel b&c, 20 threads:
  Real time             =    0.00 sec. (0.00 ticks)
  Sync time (average)   =    0.00 sec.
  Wait time (average)   =    0.00 sec.
                          ------------
Total (root+branch&cut) =    0.96 sec. (1486.94 ticks)
Truck arcs:
0 4
3 11
4 5
5 6
6 9
9 10
10 3
customer 1 is served by drone
start of this sortie: 4
end of this sortie: 5

customer 2 is served by drone
start of this sortie: 0
end of this sortie: 4

customer 7 is served by drone
start of this sortie: 5
end of this sortie: 6

customer 8 is served by drone
start of this sortie: 9
end of this sortie: 10

161.684
In write mode
