Instance name: /home/cuong/CLionProjects/uMV-FSTSP/50_dis_rand_ins/v34
Write arg val: 1

drone speed: 1 miles/minute
uav non-eligible customer: 2 9 11 
Printing tau:
0 21.6231 34.5694 27.1397 27.4378 52.5882 44.0466 54.8308 62.1257 97.4763 80.4975 0 
21.6231 0 56.1925 48.7628 49.061 74.2113 65.6697 50.0703 55.8767 119.099 102.121 21.6231 
34.5694 56.1925 0 7.42974 39.3359 38.2739 46.6914 77.3181 84.613 62.9069 48.6445 34.5694 
27.1397 48.7628 7.42974 0 37.6659 36.604 45.0214 75.6482 82.9431 70.3366 53.3579 27.1397 
27.4378 49.061 39.3359 37.6659 0 25.1504 16.6087 37.9822 45.2771 70.0384 53.0597 27.4378 
52.5882 74.2113 38.2739 36.604 25.1504 0 8.54162 39.0442 46.339 44.8881 27.9093 52.5882 
44.0466 65.6697 46.6914 45.0214 16.6087 8.54162 0 30.6268 37.9216 53.4297 36.451 44.0466 
54.8308 50.0703 77.3181 75.6482 37.9822 39.0442 30.6268 0 7.29488 69.0291 52.0503 54.8308 
62.1257 55.8767 84.613 82.9431 45.2771 46.339 37.9216 7.29488 0 63.2227 46.2439 62.1257 
97.4763 119.099 62.9069 70.3366 70.0384 44.8881 53.4297 69.0291 63.2227 0 16.9787 97.4763 
80.4975 102.121 48.6445 53.3579 53.0597 27.9093 36.451 52.0503 46.2439 16.9787 0 80.4975 
0 0 0 0 0 0 0 0 0 0 0 0 
Printing tau_prime:
0 4.16501 5.83219 4.83719 4.55348 7.76497 7.10765 8.73575 10.0329 14.1436 11.97 0 
4.16501 0 9.96229 8.99274 6.95252 10.5119 9.30615 8.62619 9.89666 16.8466 14.4683 4.16501 
5.83219 9.96229 0 1.07694 5.65362 5.98259 6.7378 10.9687 11.9662 10.9266 9.46117 5.83219 
4.83719 8.99274 1.07694 0 5.32693 6.30473 6.80114 10.6999 11.773 11.6726 10.0535 4.83719 
4.55348 6.95252 5.65362 5.32693 0 3.55997 2.56886 5.3734 6.4753 9.93567 7.61838 4.55348 
7.76497 10.5119 5.98259 6.30473 3.55997 0 1.69595 6.49189 7.04764 6.41607 4.21065 7.76497 
7.10765 9.30615 6.7378 6.80114 2.56886 1.69595 0 4.86074 5.53887 7.56054 5.16234 7.10765 
8.73575 8.62619 10.9687 10.6999 5.3734 6.49189 4.86074 0 1.31856 10.7876 8.40406 8.73575 
10.0329 9.89666 11.9662 11.773 6.4753 7.04764 5.53887 1.31856 0 10.5617 8.2852 10.0329 
14.1436 16.8466 10.9266 11.6726 9.93567 6.41607 7.56054 10.7876 10.5617 0 2.46013 14.1436 
11.97 14.4683 9.46117 10.0535 7.61838 4.21065 5.16234 8.40406 8.2852 2.46013 0 11.97 
0 0 0 0 0 0 0 0 0 0 0 0 
Printing number of nodes: 11

Version identifier: 22.1.1.0 | 2022-11-28 | 9160aff4d
CPXPARAM_ClockType                               0
CPXPARAM_Emphasis_MIP                            2
CPXPARAM_MIP_Tolerances_Integrality              0
Tried aggregator 2 times.
MIP Presolve eliminated 1032 rows and 1294 columns.
MIP Presolve modified 653 coefficients.
Aggregator did 20 substitutions.
Reduced MIP has 5223 rows, 401 columns, and 148951 nonzeros.
Reduced MIP has 393 binaries, 0 generals, 0 SOSs, and 0 indicators.
Presolve time = 0.13 sec. (389.41 ticks)
Found incumbent of value 543.482900 after 0.18 sec. (489.57 ticks)
Probing fixed 73 vars, tightened 0 bounds.
Probing changed sense of 25 constraints.
Probing time = 0.10 sec. (15.25 ticks)
Cover probing fixed 4 vars, tightened 0 bounds.
Tried aggregator 2 times.
MIP Presolve eliminated 118 rows and 104 columns.
MIP Presolve modified 125 coefficients.
Aggregator did 4 substitutions.
Reduced MIP has 5099 rows, 293 columns, and 148168 nonzeros.
Reduced MIP has 285 binaries, 0 generals, 0 SOSs, and 0 indicators.
Presolve time = 0.11 sec. (274.46 ticks)
Probing fixed 1 vars, tightened 0 bounds.
Probing changed sense of 12 constraints.
Probing time = 0.01 sec. (13.11 ticks)
Tried aggregator 1 time.
MIP Presolve eliminated 79 rows and 82 columns.
MIP Presolve modified 67 coefficients.
Reduced MIP has 5020 rows, 211 columns, and 147782 nonzeros.
Reduced MIP has 203 binaries, 0 generals, 0 SOSs, and 0 indicators.
Presolve time = 0.06 sec. (152.64 ticks)
Probing changed sense of 1 constraints.
Probing time = 0.20 sec. (7.66 ticks)
Tried aggregator 1 time.
Detecting symmetries...
MIP Presolve eliminated 3 rows and 1 columns.
MIP Presolve modified 3 coefficients.
Reduced MIP has 5017 rows, 210 columns, and 147772 nonzeros.
Reduced MIP has 202 binaries, 0 generals, 0 SOSs, and 0 indicators.
Presolve time = 0.04 sec. (85.56 ticks)
Probing time = 0.01 sec. (9.57 ticks)
Clique table members: 8355.
MIP emphasis: optimality.
MIP search method: dynamic search.
Parallel mode: deterministic, using up to 20 threads.
Root relaxation solution time = 0.02 sec. (28.65 ticks)

        Nodes                                         Cuts/
   Node  Left     Objective  IInf  Best Integer    Best Bound    ItCnt     Gap

*     0+    0                          543.4829        0.0000           100.00%
      0     0      204.5445    30      543.4829      204.5445      146   62.36%
*     0+    0                          205.6317      204.5445             0.53%
      0     0        cutoff            205.6317                    158    0.00%
Elapsed time = 0.82 sec. (1168.97 ticks, tree = 0.01 MB, solutions = 2)

Root node processing (before b&c):
  Real time             =    0.82 sec. (1169.48 ticks)
Parallel b&c, 20 threads:
  Real time             =    0.00 sec. (0.00 ticks)
  Sync time (average)   =    0.00 sec.
  Wait time (average)   =    0.00 sec.
                          ------------
Total (root+branch&cut) =    0.82 sec. (1169.48 ticks)
Truck arcs:
0 4
2 3
3 11
4 6
5 10
6 5
9 2
10 9
customer 1 is served by drone
start of this sortie: 4
end of this sortie: 6

customer 7 is served by drone
start of this sortie: 6
end of this sortie: 5

customer 8 is served by drone
start of this sortie: 10
end of this sortie: 9

205.632
In write mode
