Instance name: /home/cuong/CLionProjects/uMV-FSTSP/50_dis_rand_ins/v38
Write arg val: 1

drone speed: 1 miles/minute
uav non-eligible customer: 11 
Printing tau:
0 12.9911 40.8745 40.8234 37.4939 27.0514 20.0173 47.2353 45.6603 69.2886 82.0652 0 
12.9911 0 37.7526 27.8324 46.6692 36.2267 29.1926 60.2263 58.6514 78.464 91.2405 12.9911 
40.8745 37.7526 0 12.6853 61.6994 51.024 50.7469 88.1097 86.5348 60.1239 53.4879 40.8745 
40.8234 27.8324 12.6853 0 61.6484 50.973 50.6959 88.0587 86.4838 60.0729 66.1733 40.8234 
37.4939 46.6692 61.6994 61.6484 0 10.6754 17.4766 26.4103 24.8354 31.7947 44.5713 37.4939 
27.0514 36.2267 51.024 50.973 10.6754 0 7.03415 37.0857 35.5108 42.2372 55.0138 27.0514 
20.0173 29.1926 50.7469 50.6959 17.4766 7.03415 0 37.3628 35.7879 49.2714 62.048 20.0173 
47.2353 60.2263 88.1097 88.0587 26.4103 37.0857 37.3628 0 9.32822 45.2841 58.0607 47.2353 
45.6603 58.6514 86.5348 86.4838 24.8354 35.5108 35.7879 9.32822 0 35.9559 48.7325 45.6603 
69.2886 78.464 60.1239 60.0729 31.7947 42.2372 49.2714 45.2841 35.9559 0 12.7766 69.2886 
82.0652 91.2405 53.4879 66.1733 44.5713 55.0138 62.048 58.0607 48.7325 12.7766 0 82.0652 
0 0 0 0 0 0 0 0 0 0 0 0 
Printing tau_prime:
0 2.24924 7.0532 6.19533 6.06543 4.08606 3.15644 7.49318 7.99492 10.17 11.6826 0 
2.24924 0 6.63738 5.29719 8.1505 6.07925 5.24394 9.72431 10.2439 11.9967 13.2881 2.24924 
7.0532 6.63738 0 1.79399 8.81626 7.21911 7.27808 12.4774 12.2563 10.2687 10.3867 7.0532 
6.19533 5.29719 1.79399 0 9.23814 7.3794 7.19318 12.5061 12.4769 11.3666 11.7533 6.19533 
6.06543 8.1505 8.81626 9.23814 0 2.11191 2.91681 4.19397 3.56122 4.50197 6.50513 6.06543 
4.08606 6.07925 7.21911 7.3794 2.11191 0 0.995551 5.26238 5.09995 6.11031 7.78074 4.08606 
3.15644 5.24394 7.27808 7.19318 2.91681 0.995551 0 5.3139 5.40014 7.09309 8.7751 3.15644 
7.49318 9.72431 12.4774 12.5061 4.19397 5.26238 5.3139 0 1.33788 7.52842 9.79617 7.49318 
7.99492 10.2439 12.2563 12.4769 3.56122 5.09995 5.40014 1.33788 0 6.30929 8.58551 7.99492 
10.17 11.9967 10.2687 11.3666 4.50197 6.11031 7.09309 7.52842 6.30929 0 2.27656 10.17 
11.6826 13.2881 10.3867 11.7533 6.50513 7.78074 8.7751 9.79617 8.58551 2.27656 0 11.6826 
0 0 0 0 0 0 0 0 0 0 0 0 
Printing number of nodes: 11

Version identifier: 22.1.1.0 | 2022-11-28 | 9160aff4d
CPXPARAM_ClockType                               0
CPXPARAM_Emphasis_MIP                            2
CPXPARAM_MIP_Tolerances_Integrality              0
Tried aggregator 3 times.
MIP Presolve eliminated 345 rows and 1152 columns.
MIP Presolve modified 950 coefficients.
Aggregator did 36 substitutions.
Reduced MIP has 5606 rows, 527 columns, and 163552 nonzeros.
Reduced MIP has 517 binaries, 0 generals, 0 SOSs, and 0 indicators.
Presolve time = 0.16 sec. (519.56 ticks)
Found incumbent of value 556.262700 after 0.21 sec. (613.66 ticks)
Probing fixed 101 vars, tightened 0 bounds.
Probing time = 0.07 sec. (20.41 ticks)
Cover probing fixed 4 vars, tightened 0 bounds.
Tried aggregator 2 times.
MIP Presolve eliminated 112 rows and 118 columns.
MIP Presolve modified 110 coefficients.
Aggregator did 3 substitutions.
Reduced MIP has 5490 rows, 406 columns, and 162703 nonzeros.
Reduced MIP has 396 binaries, 0 generals, 0 SOSs, and 0 indicators.
Presolve time = 0.12 sec. (333.78 ticks)
Probing time = 0.05 sec. (16.80 ticks)
Tried aggregator 1 time.
MIP Presolve eliminated 63 rows and 84 columns.
MIP Presolve modified 70 coefficients.
Reduced MIP has 5426 rows, 322 columns, and 162347 nonzeros.
Reduced MIP has 312 binaries, 0 generals, 0 SOSs, and 0 indicators.
Presolve time = 0.05 sec. (134.95 ticks)
Probing time = 0.02 sec. (10.90 ticks)
Tried aggregator 1 time.
Detecting symmetries...
Reduced MIP has 5426 rows, 322 columns, and 162347 nonzeros.
Reduced MIP has 312 binaries, 0 generals, 0 SOSs, and 0 indicators.
Presolve time = 0.04 sec. (88.56 ticks)
Probing time = 0.09 sec. (12.73 ticks)
Clique table members: 20122.
MIP emphasis: optimality.
MIP search method: dynamic search.
Parallel mode: deterministic, using up to 20 threads.
Root relaxation solution time = 0.08 sec. (66.74 ticks)

        Nodes                                         Cuts/
   Node  Left     Objective  IInf  Best Integer    Best Bound    ItCnt     Gap

*     0+    0                          556.2627       -7.0000           101.26%
*     0+    0                          320.2757       -7.0000           102.19%
      0     0      144.6930   113      320.2757      144.6930      727   54.82%
*     0+    0                          163.8751      144.6930            11.71%
      0     0        cutoff            163.8751      163.8751      840    0.00%
Elapsed time = 1.01 sec. (1843.99 ticks, tree = 0.01 MB, solutions = 3)

Clique cuts applied:  57
Implied bound cuts applied:  14
Flow cuts applied:  2
Mixed integer rounding cuts applied:  4
Zero-half cuts applied:  7
Gomory fractional cuts applied:  28

Root node processing (before b&c):
  Real time             =    1.01 sec. (1844.55 ticks)
Parallel b&c, 20 threads:
  Real time             =    0.00 sec. (0.00 ticks)
  Sync time (average)   =    0.00 sec.
  Wait time (average)   =    0.00 sec.
                          ------------
Total (root+branch&cut) =    1.01 sec. (1844.55 ticks)
Truck arcs:
0 1
1 6
4 7
5 4
6 5
7 8
8 11
customer 2 is served by drone
start of this sortie: 6
end of this sortie: 5

customer 3 is served by drone
start of this sortie: 0
end of this sortie: 1

customer 9 is served by drone
start of this sortie: 7
end of this sortie: 8

customer 10 is served by drone
start of this sortie: 5
end of this sortie: 4

163.875
In write mode
