Instance name: /home/cuong/CLionProjects/uMV-FSTSP/50_dis_rand_ins/v41
Write arg val: 1

drone speed: 1 miles/minute
uav non-eligible customer: 11 
Printing tau:
0 19.0718 54.2512 74.1917 67.0877 47.2191 69.8816 64.3151 56.8844 92.1223 107.891 0 
19.0718 0 46.5585 69.369 48.0159 28.1473 50.8098 45.2433 43.6878 73.0505 88.8196 19.0718 
54.2512 46.5585 0 22.8105 38.1726 51.7726 41.2645 78.2674 90.2462 37.8711 53.6403 54.2512 
74.1917 69.369 22.8105 0 60.9831 74.5832 64.075 101.078 113.057 54.4448 63.2405 74.1917 
67.0877 48.0159 38.1726 60.9831 0 19.8686 3.09189 40.0948 52.0737 25.0346 40.8038 67.0877 
47.2191 28.1473 51.7726 74.5832 19.8686 0 22.6625 26.4948 38.4736 44.9032 60.6723 47.2191 
69.8816 50.8098 41.2645 64.075 3.09189 22.6625 0 37.0029 48.9818 22.2407 38.0098 69.8816 
64.3151 45.2433 78.2674 101.078 40.0948 26.4948 37.0029 0 11.9789 46.6331 43.5763 64.3151 
56.8844 43.6878 90.2462 113.057 52.0737 38.4736 48.9818 11.9789 0 58.612 51.007 56.8844 
92.1223 73.0505 37.8711 54.4448 25.0346 44.9032 22.2407 46.6331 58.612 0 15.7692 92.1223 
107.891 88.8196 53.6403 63.2405 40.8038 60.6723 38.0098 43.5763 51.007 15.7692 0 107.891 
0 0 0 0 0 0 0 0 0 0 0 0 
Printing tau_prime:
0 2.78206 10.5671 13.074 9.66977 6.67802 9.98578 9.8583 9.74303 13.324 15.3366 0 
2.78206 0 8.25261 11.0581 6.89325 4.04835 7.22449 7.81334 8.17118 10.5443 12.5909 2.78206 
10.5671 8.25261 0 3.22843 5.69548 7.38899 6.2403 11.1598 12.7682 6.97846 9.49933 10.5671 
13.074 11.0581 3.22843 0 8.78786 10.6072 9.29782 14.3532 15.9905 9.30677 11.6451 13.074 
9.66977 6.89325 5.69548 8.78786 0 3.40506 0.589335 5.6838 7.50436 3.65918 5.77935 9.66977 
6.67802 4.04835 7.38899 10.6072 3.40506 0 3.53273 4.45925 5.61006 6.95967 8.72902 6.67802 
9.98578 7.22449 6.2403 9.29782 0.589335 3.53273 0 5.29188 7.16679 3.4275 5.3767 9.98578 
9.8583 7.81334 11.1598 14.3532 5.6838 4.45925 5.29188 0 1.99353 7.6784 8.16158 9.8583 
9.74303 8.17118 12.7682 15.9905 7.50436 5.61006 7.16679 1.99353 0 9.67168 10.083 9.74303 
13.324 10.5443 6.97846 9.30677 3.65918 6.95967 3.4275 7.6784 9.67168 0 2.55355 13.324 
15.3366 12.5909 9.49933 11.6451 5.77935 8.72902 5.3767 8.16158 10.083 2.55355 0 15.3366 
0 0 0 0 0 0 0 0 0 0 0 0 
Version identifier: 22.1.1.0 | 2022-11-28 | 9160aff4d
CPXPARAM_MIP_Tolerances_Integrality              0
Tried aggregator 1 time.
MIP Presolve eliminated 1 rows and 12 columns.
MIP Presolve modified 20 coefficients.
Reduced MIP has 122 rows, 120 columns, and 510 nonzeros.
Reduced MIP has 110 binaries, 0 generals, 0 SOSs, and 0 indicators.
Presolve time = 0.00 sec. (0.27 ticks)
Found incumbent of value 561.062000 after 0.00 sec. (0.75 ticks)
Probing time = 0.00 sec. (0.26 ticks)
Cover probing fixed 0 vars, tightened 10 bounds.
Tried aggregator 1 time.
Detecting symmetries...
MIP Presolve eliminated 10 rows and 0 columns.
MIP Presolve modified 180 coefficients.
Reduced MIP has 112 rows, 120 columns, and 490 nonzeros.
Reduced MIP has 110 binaries, 0 generals, 0 SOSs, and 0 indicators.
Presolve time = 0.00 sec. (0.35 ticks)
Probing time = 0.00 sec. (0.26 ticks)
Clique table members: 67.
MIP emphasis: balance optimality and feasibility.
MIP search method: dynamic search.
Parallel mode: deterministic, using up to 20 threads.
Root relaxation solution time = 0.00 sec. (0.19 ticks)

        Nodes                                         Cuts/
   Node  Left     Objective  IInf  Best Integer    Best Bound    ItCnt     Gap

*     0+    0                          561.0620        0.0000           100.00%
      0     0      200.1002    20      561.0620      200.1002       21   64.34%
*     0+    0                          349.2109      200.1002            42.70%
      0     0      280.4163    18      349.2109      Cuts: 27       46   19.70%
*     0+    0                          346.5561      280.4163            19.08%
      0     0      280.4163    18      346.5561      Cuts: 39       62   19.08%
      0     0      280.4163    18      346.5561      Cuts: 14       68   19.08%
*     0+    0                          302.5059      280.4163             7.30%
      0     0        cutoff            302.5059      302.5059       68    0.00%
Elapsed time = 0.09 sec. (8.27 ticks, tree = 0.01 MB, solutions = 4)

Clique cuts applied:  4
Implied bound cuts applied:  4
Mixed integer rounding cuts applied:  9
Multi commodity flow cuts applied:  7
Lift and project cuts applied:  3
Gomory fractional cuts applied:  2

Root node processing (before b&c):
  Real time             =    0.09 sec. (8.28 ticks)
Parallel b&c, 20 threads:
  Real time             =    0.00 sec. (0.00 ticks)
  Sync time (average)   =    0.00 sec.
  Wait time (average)   =    0.00 sec.
                          ------------
Total (root+branch&cut) =    0.09 sec. (8.28 ticks)

TSP solution for this instance: 0 2 3 10 9 6 4 5 7 8 1 11 
12
Warmstart X[1][0] == 1
Warmstart X[2][2] == 1
Warmstart X[3][3] == 1
Warmstart X[4][10] == 1
Warmstart X[5][9] == 1
Warmstart X[6][6] == 1
Warmstart X[7][4] == 1
Warmstart X[8][5] == 1
Warmstart X[9][7] == 1
Warmstart X[10][8] == 1
Warmstart X[11][1] == 1
---------------------------------------------
Calculate max stage gap for sortie.... 
Stage gap calculation consumes too much memory. No constraint was added.
---------------------------------------------
Num constraint added = 0
Warning:  Output names have been modified due to duplicate names or characters invalid in LP format.
Version identifier: 22.1.1.0 | 2022-11-28 | 9160aff4d
CPXPARAM_TimeLimit                               200
CPXPARAM_MIP_Tolerances_Integrality              0
1 of 1 MIP starts provided solutions.
MIP start 'm1' defined initial solution with objective 302.5059.
Tried aggregator 2 times.
MIP Presolve eliminated 4907 rows and 1172 columns.
MIP Presolve modified 3420 coefficients.
Aggregator did 42 substitutions.
Reduced MIP has 1655 rows, 3562 columns, and 42121 nonzeros.
Reduced MIP has 3541 binaries, 0 generals, 0 SOSs, and 0 indicators.
Presolve time = 0.04 sec. (94.12 ticks)
Probing fixed 2 vars, tightened 0 bounds.
Probing time = 0.02 sec. (27.02 ticks)
Tried aggregator 2 times.
Detecting symmetries...
MIP Presolve eliminated 12 rows and 2 columns.
MIP Presolve modified 110 coefficients.
Aggregator did 8 substitutions.
Reduced MIP has 1635 rows, 3552 columns, and 41836 nonzeros.
Reduced MIP has 3531 binaries, 0 generals, 0 SOSs, and 0 indicators.
Presolve time = 0.02 sec. (34.32 ticks)
Probing fixed 47 vars, tightened 0 bounds.
Probing time = 0.04 sec. (117.04 ticks)
Clique table members: 14899.
MIP emphasis: balance optimality and feasibility.
MIP search method: dynamic search.
Parallel mode: deterministic, using up to 20 threads.
Root relaxation solution time = 0.13 sec. (273.93 ticks)

        Nodes                                         Cuts/
   Node  Left     Objective  IInf  Best Integer    Best Bound    ItCnt     Gap

*     0+    0                          302.5059       19.0718            93.70%
      0     0      150.7174   143      302.5059      150.7174       30   50.18%
      0     0      152.3592   114      302.5059      Cuts: 33     2329   49.63%
*     0+    0                          284.1332      152.3592            46.38%
      0     0      152.3642   169      284.1332       Cuts: 9     4488   46.38%
      0     0      152.6738   187      284.1332      Cuts: 13     4961   46.27%
*     0+    0                          257.0221      152.6738            40.60%
      0     0      152.7994   180      257.0221      Cuts: 28     5423   40.55%
      0     0      153.0375   203      257.0221  ZeroHalf: 33     6400   40.46%
Detecting symmetries...
      0     0      153.4607   149      257.0221      Cuts: 18     8524   40.29%
      0     0      153.8264   107      257.0221      Cuts: 27     9023   40.15%
      0     0      154.4111   184      257.0221      Cuts: 29    10601   39.92%
      0     0      154.4302   181      257.0221      Cuts: 31    11707   39.92%
      0     0      154.4707   124      257.0221      Cuts: 21    12020   39.90%
      0     0      155.1539   154      257.0221      Cuts: 27    14267   39.63%
*     0+    0                          220.0864      155.1539            29.50%
      0     0      155.3472   184      220.0864      Cuts: 26    15965   29.42%
      0     0      155.3805   183      220.0864      Cuts: 24    16283   29.40%
      0     0      155.4956   172      220.0864  ZeroHalf: 21    16698   29.35%
      0     0      155.4956   187      220.0864      Cuts: 20    16948   29.35%
      0     0      155.5378   218      220.0864       Cuts: 8    17421   29.33%
      0     0      155.5452   229      220.0864      Cuts: 12    17690   29.33%
Detecting symmetries...
      0     2      155.5452   181      220.0864      155.5452    17690   29.33%
Elapsed time = 2.93 sec. (5108.30 ticks, tree = 0.02 MB, solutions = 4)
    173    86      191.3640    63      220.0864      155.6001    41104   29.30%
    580   285      200.9187    77      220.0864      155.7503   104770   29.23%
    922   428        cutoff            220.0864      155.7503   168974   29.23%
   1258   503      197.1869    98      220.0864      155.7503   201933   29.23%
   1536   595      218.9574   144      220.0864      155.7503   263782   29.23%
   1681   686      218.0733    47      220.0864      155.7503   313313   29.23%
   1733   710      205.3995    62      220.0864      155.7503   345456   29.23%
   1820   728      199.3708   132      220.0864      155.7503   356213   29.23%
   2283   735      198.6498   158      220.0864      155.7503   365959   29.23%
   4458  2209      169.2655    97      220.0864      156.2115   595780   29.02%
Elapsed time = 6.17 sec. (8235.87 ticks, tree = 4.07 MB, solutions = 4)
   5725  2943        cutoff            220.0864      156.2115   762259   29.02%
   7100  3524      172.0224   157      220.0864      156.2115   908803   29.02%

Performing restart 1

Repeating presolve.
Tried aggregator 2 times.
MIP Presolve eliminated 61 rows and 254 columns.
MIP Presolve modified 12901 coefficients.
Aggregator did 2 substitutions.
Reduced MIP has 1572 rows, 3296 columns, and 33213 nonzeros.
Reduced MIP has 3275 binaries, 0 generals, 0 SOSs, and 0 indicators.
Presolve time = 0.03 sec. (58.07 ticks)
Tried aggregator 1 time.
MIP Presolve eliminated 1 rows and 12 columns.
MIP Presolve modified 130 coefficients.
Reduced MIP has 1571 rows, 3284 columns, and 33076 nonzeros.
Reduced MIP has 3263 binaries, 0 generals, 0 SOSs, and 0 indicators.
Presolve time = 0.02 sec. (39.60 ticks)
Represolve time = 0.13 sec. (227.24 ticks)
   7102     0      155.5470   192      220.0864      Cuts: 13  1000592   29.02%
   7102     0      155.5531   158      220.0864       Cuts: 8  1000888   29.02%
   7102     0      155.6202   211      220.0864      Cuts: 36  1002074   29.02%
   7102     0      155.6202   211      220.0864      Cuts: 18  1002298   29.02%
   7102     0      155.6202   223      220.0864       Cuts: 9  1002715   29.02%
   7102     0      155.6202   225      220.0864       Cuts: 6  1003026   29.02%
   7102     2      155.6202   147      220.0864      156.2115  1003026   29.02%
   7105     2      156.3824   120      220.0864      156.3824  1004309   28.95%
   7109     3      156.3824   130      220.0864      156.3824  1005293   28.95%
   7119     4      158.6089   184      220.0864      156.3837  1006802   28.94%
   7338    55      195.9792    82      220.0864      156.3846  1037920   28.94%
   8156   395      169.2939   100      220.0864      157.2919  1128877   28.53%
   8373   526      169.0037   115      220.0864      157.2919  1190908   28.53%
   8872   625      169.0256    78      220.0864      158.4421  1241165   28.01%
Elapsed time = 16.17 sec. (21944.77 ticks, tree = 0.64 MB, solutions = 4)
  10123  1375      170.3325    68      220.0864      158.6869  1349279   27.90%
  10386  1783      175.3917   102      220.0864      158.7340  1421940   27.88%
  11635  2155      180.3071   100      220.0864      159.9663  1534701   27.32%
  12174  2894        cutoff            220.0864      159.9663  1726648   27.32%
  12887  2985      203.1304    64      220.0864      159.9663  1779495   27.32%
  14620  4026      213.4200   109      220.0864      168.7277  1934256   23.34%
  15028  4512      200.5800   108      220.0864      168.9049  2056041   23.26%
  17136  4785      191.2063   152      220.0864      171.7056  2135162   21.98%
  17590  5770        cutoff            220.0864      172.4367  2357174   21.65%
  19240  5865    infeasible            220.0864      173.3466  2411549   21.24%
Elapsed time = 26.48 sec. (31490.70 ticks, tree = 10.96 MB, solutions = 4)
  20943  7578      178.9610    57      220.0864      175.4083  2634478   20.30%
  21703  7569      202.5261    50      220.0864      176.1325  2721503   19.97%
  23899  7715      209.7751    41      220.0864      177.6417  2798326   19.29%
  24472  8338        cutoff            220.0864      178.1436  2998181   19.06%
  25022  8270        cutoff            220.0864      179.9983  3081472   18.21%
  27425  8306        cutoff            220.0864      182.2780  3163564   17.18%
  28306  8800        cutoff            220.0864      183.6483  3371691   16.56%
  29260  8650        cutoff            220.0864      184.7267  3457814   16.07%
  32004  8611      218.0267    73      220.0864      187.1765  3656435   14.95%
  33018  8501        cutoff            220.0864      188.5900  3792039   14.31%
Elapsed time = 38.15 sec. (41039.53 ticks, tree = 17.25 MB, solutions = 4)
  35443  8097    infeasible            220.0864      191.5499  3929246   12.97%
  36890  7624        cutoff            220.0864      193.8007  4053269   11.94%
  39440  6801        cutoff            220.0864      198.0668  4237972   10.00%
  41901  5866      215.5471   103      220.0864      201.1557  4358842    8.60%
  44132  4667        cutoff            220.0864      204.4790  4495972    7.09%
  48907  2741      217.4619   135      220.0864      211.5095  4649041    3.90%

Performing restart 2

Repeating presolve.
Tried aggregator 1 time.
MIP Presolve eliminated 1 rows and 36 columns.
MIP Presolve modified 112 coefficients.
Reduced MIP has 1570 rows, 3248 columns, and 33754 nonzeros.
Reduced MIP has 3227 binaries, 0 generals, 0 SOSs, and 0 indicators.
Presolve time = 0.01 sec. (24.89 ticks)
Tried aggregator 1 time.
Reduced MIP has 1570 rows, 3248 columns, and 33754 nonzeros.
Reduced MIP has 3227 binaries, 0 generals, 0 SOSs, and 0 indicators.
Presolve time = 0.01 sec. (25.13 ticks)
Represolve time = 0.13 sec. (210.08 ticks)
  51581     0      155.7618   219      220.0864      Cuts: 12  4714904    1.86%
  51581     0      155.9164   227      220.0864      Cuts: 39  4716376    1.86%
  51581     0      156.0494   216      220.0864       Cuts: 5  4716814    1.86%
  51581     0      156.1491   241      220.0864      Cuts: 22  4717479    1.86%
  51581     0      156.2956   219      220.0864       Cuts: 9  4717965    1.86%
  51581     0      157.3540   113      220.0864      Cuts: 40  4719395    1.86%
  51581     0      157.4118   204      220.0864      Cuts: 32  4721378    1.86%
  51581     0      157.5817   231      220.0864      Cuts: 31  4722891    1.86%
  51581     0      157.6685   184      220.0864      Cuts: 16  4723566    1.86%
  51581     0      157.6815   230      220.0864      Cuts: 20  4723917    1.86%
  51581     0      157.6920   224      220.0864      Cuts: 14  4724517    1.86%
  51581     2      157.6920   210      220.0864      215.9961  4724517    1.86%
  51585     3      157.7668   160      220.0864      215.9961  4727850    1.86%
  51592     4      157.8292   212      220.0864      215.9961  4729610    1.86%
  51601     2    infeasible            220.0864      215.9961  4738444    1.86%
Elapsed time = 54.07 sec. (60965.63 ticks, tree = 0.02 MB, solutions = 4)
  51612     5      182.1945    98      220.0864      215.9961  4751179    1.86%
  51647     9      164.4363   113      220.0864      215.9961  4760365    1.86%
  52047    47      195.4626    33      220.0864      215.9961  4795101    1.86%
  52878   217        cutoff            220.0864      215.9961  4840379    1.86%
  53568   439      202.0717    87      220.0864      215.9961  4891184    1.86%
  53926   543      192.8069   133      220.0864      215.9961  4955659    1.86%
  54425   702      197.5444   126      220.0864      215.9961  5054171    1.86%
  54650   794      209.1469    98      220.0864      215.9961  5135263    1.86%
  55208   926      212.6034    33      220.0864      215.9961  5189077    1.86%
  55757  1229        cutoff            220.0864      215.9961  5320424    1.86%
Elapsed time = 65.17 sec. (70678.49 ticks, tree = 6.76 MB, solutions = 4)
  56036  1344      216.8156   144      220.0864      215.9961  5386054    1.86%
  56834  1421        cutoff            220.0864      215.9961  5419171    1.86%
  57659  1868      219.3468    90      220.0864      215.9961  5572127    1.86%
  58194  2071      204.9441   162      220.0864      215.9961  5673627    1.86%
  59026  2168      204.1650   225      220.0864      215.9961  5728482    1.86%
  60064  2539      188.6039   140      220.0864      215.9961  5840003    1.86%
  61127  2758      204.3334   192      220.0864      215.9961  5953456    1.86%
  61980  2933      191.0621    56      220.0864      215.9961  6102291    1.86%
  62964  2953      196.2883    48      220.0864      215.9961  6157303    1.86%
  64343  3023      218.5924   140      220.0864      215.9961  6295588    1.86%
Elapsed time = 76.74 sec. (80226.01 ticks, tree = 23.08 MB, solutions = 4)
  65764  3001        cutoff            220.0864      215.9961  6367773    1.86%
  66789  2925      203.9989    91      220.0864      215.9961  6464673    1.86%
  68406  2382        cutoff            220.0864      215.9961  6592510    1.86%
  70505  1767        cutoff            220.0864      215.9961  6730464    1.86%

GUB cover cuts applied:  12
Clique cuts applied:  1
Cover cuts applied:  12
Flow cuts applied:  4
Mixed integer rounding cuts applied:  10
Zero-half cuts applied:  29
Gomory fractional cuts applied:  2

Root node processing (before b&c):
  Real time             =    2.82 sec. (4976.57 ticks)
Parallel b&c, 20 threads:
  Real time             =   79.97 sec. (79946.15 ticks)
  Sync time (average)   =   26.42 sec.
  Wait time (average)   =    0.02 sec.
                          ------------
Total (root+branch&cut) =   82.79 sec. (84922.72 ticks)
Feasible solution found!
Truck nodes:
Stage 1 at customer 0 with arrival time is: 0
Stage 1 at customer 0 with departure time is: 0
Stage 2 at customer 5 with arrival time is: 47.2191
Stage 2 at customer 5 with departure time is: 47.2191
Stage 3 at customer 4 with arrival time is: 67.0877
Stage 3 at customer 4 with departure time is: 68.0877
Stage 4 at customer 6 with arrival time is: 71.1796
Stage 4 at customer 6 with departure time is: 81.0634
Stage 5 at customer 4 with arrival time is: 84.1553
Stage 5 at customer 4 with departure time is: 94.9992
Stage 6 at customer 6 with arrival time is: 98.091
Stage 6 at customer 6 with departure time is: 104.086
Stage 7 at customer 4 with arrival time is: 107.178
Stage 7 at customer 4 with departure time is: 117.242
Stage 8 at customer 6 with arrival time is: 120.334
Stage 8 at customer 6 with departure time is: 133.913
Stage 9 at customer 4 with arrival time is: 137.005
Stage 9 at customer 4 with departure time is: 152.999
Stage 10 at customer 5 with arrival time is: 172.867
Stage 10 at customer 5 with departure time is: 172.867
Stage 11 at customer 1 with arrival time is: 201.015
Stage 11 at customer 1 with departure time is: 201.015
Stage 12 at customer 11 with arrival time is: 220.086
Stage 12 at customer 11 with departure time is: 220.086
Truck arcs:
Arc 1 connecting 0 and 5 with cost 47.2191 
Arc 2 connecting 5 and 4 with cost 19.8686 
Arc 3 connecting 4 and 6 with cost 3.09189 
Arc 4 connecting 6 and 4 with cost 3.09189 
Arc 5 connecting 4 and 6 with cost 3.09189 
Arc 6 connecting 6 and 4 with cost 3.09189 
Arc 7 connecting 4 and 6 with cost 3.09189 
Arc 8 connecting 6 and 4 with cost 3.09189 
Arc 9 connecting 4 and 5 with cost 19.8686 
Arc 10 connecting 5 and 1 with cost 28.1473 
Arc 11 connecting 1 and 11 with cost 19.0718 
Customer 2 served by drone.
Drone fly from 6 at stage 4 to serve 2 and then fly back to 4 at stage 5. 
Truck arcs during this sortie: 6--->4
Truck travel time from stage 4 to 5 is: 3.09189
Total drone travel time: 11.9358
Drone arrival time: 92.9992
Truck arrival time: 84.1553
Truck departure time = max(d/a, t/a) plus (sl/sr): 94.9992
Customer 3 served by drone.
Drone fly from 6 at stage 8 to serve 3 and then fly back to 4 at stage 9. 
Truck arcs during this sortie: 6--->4
Truck travel time from stage 8 to 9 is: 3.09189
Total drone travel time: 18.0857
Drone arrival time: 151.999
Truck arrival time: 137.005
Truck departure time = max(d/a, t/a) plus (sl/sr): 152.999
Customer 7 served by drone.
Drone fly from 4 at stage 3 to serve 7 and then fly back to 6 at stage 4. 
Truck arcs during this sortie: 4--->6
Truck travel time from stage 3 to 4 is: 3.09189
Total drone travel time: 10.9757
Drone arrival time: 79.0634
Truck arrival time: 71.1796
Truck departure time = max(d/a, t/a) plus (sl/sr): 81.0634
Customer 8 served by drone.
Drone fly from 4 at stage 7 to serve 8 and then fly back to 6 at stage 8. 
Truck arcs during this sortie: 4--->6
Truck travel time from stage 7 to 8 is: 3.09189
Total drone travel time: 14.6712
Drone arrival time: 131.913
Truck arrival time: 120.334
Truck departure time = max(d/a, t/a) plus (sl/sr): 133.913
Customer 9 served by drone.
Drone fly from 4 at stage 5 to serve 9 and then fly back to 6 at stage 6. 
Truck arcs during this sortie: 4--->6
Truck travel time from stage 5 to 6 is: 3.09189
Total drone travel time: 7.08668
Drone arrival time: 102.086
Truck arrival time: 98.091
Truck departure time = max(d/a, t/a) plus (sl/sr): 104.086
Customer 10 served by drone.
Drone fly from 6 at stage 6 to serve 10 and then fly back to 4 at stage 7. 
Truck arcs during this sortie: 6--->4
Truck travel time from stage 6 to 7 is: 3.09189
Total drone travel time: 11.1561
Drone arrival time: 115.242
Truck arrival time: 107.178
Truck departure time = max(d/a, t/a) plus (sl/sr): 117.242
Done!
-------------------------Re-calculated objective-----------------------
220.086
------------------------------------------------------------------------
Solve time: 82.792
Node 4 was revisited 3 times!
Node 5 was revisited 1 times!
Node 6 was revisited 2 times!
OBJECTIVE VALUE: 220.086, NUMBER OF SORTIES: 6.
Number of revisit: 6
In write mode
