Instance name: /home/cuong/CLionProjects/uMV-FSTSP/50_dis_rand_ins/v46
Write arg val: 1

drone speed: 1 miles/minute
uav non-eligible customer: 3 6 11 
Printing tau:
0 8.33667 60.5073 44.6772 65.7683 44.0239 38.2239 54.8123 65.459 97.988 109.874 0 
8.33667 0 52.1706 36.3405 57.4316 35.6872 29.8872 50.7088 61.3555 89.6513 101.537 8.33667 
60.5073 52.1706 0 16.8411 45.0524 57.9027 59.5756 94.786 105.433 60.1334 49.3664 60.5073 
44.6772 36.3405 16.8411 0 28.2113 41.0616 42.7345 77.9448 88.5915 53.3108 65.1965 44.6772 
65.7683 57.4316 45.0524 28.2113 0 21.7444 27.5444 49.7335 60.3802 32.2196 44.1054 65.7683 
44.0239 35.6872 57.9027 41.0616 21.7444 0 5.79998 36.8833 47.53 53.9641 65.8499 44.0239 
38.2239 29.8872 59.5756 42.7345 27.5444 5.79998 0 35.2104 45.8571 59.7641 71.6498 38.2239 
54.8123 50.7088 94.786 77.9448 49.7335 36.8833 35.2104 0 10.6467 57.1163 69.0021 54.8123 
65.459 61.3555 105.433 88.5915 60.3802 47.53 45.8571 10.6467 0 48.206 60.0918 65.459 
97.988 89.6513 60.1334 53.3108 32.2196 53.9641 59.7641 57.1163 48.206 0 14.695 97.988 
109.874 101.537 49.3664 65.1965 44.1054 65.8499 71.6498 69.0021 60.0918 14.695 0 109.874 
0 0 0 0 0 0 0 0 0 0 0 0 
Printing tau_prime:
0 1.31407 10.2558 7.11501 9.32874 6.72243 6.07503 9.66941 11.6302 14.1478 15.5577 0 
1.31407 0 9.65875 6.42252 8.12323 5.41243 4.76119 8.52045 10.4711 12.8803 14.3608 1.31407 
10.2558 9.65875 0 3.26869 6.41467 8.51402 8.99533 13.6894 14.9874 10.0208 9.48862 10.2558 
7.11501 6.42252 3.26869 0 4.98139 5.80772 6.11209 11.0362 12.5495 9.71212 10.0682 7.11501 
9.32874 8.12323 6.41467 4.98139 0 3.57198 4.40367 7.86546 8.83328 5.03099 6.23769 9.32874 
6.72243 5.41243 8.51402 5.80772 3.57198 0 0.853678 5.2351 6.7709 7.63819 9.47793 6.72243 
6.07503 4.76119 8.99533 6.11209 4.40367 0.853678 0 4.99356 6.68799 8.45228 10.3282 6.07503 
9.66941 8.52045 13.6894 11.0362 7.86546 5.2351 4.99356 0 1.96339 9.44783 11.9971 9.66941 
11.6302 10.4711 14.9874 12.5495 8.83328 6.7709 6.68799 1.96339 0 9.35504 12.0086 11.6302 
14.1478 12.8803 10.0208 9.71212 5.03099 7.63819 8.45228 9.44783 9.35504 0 2.67288 14.1478 
15.5577 14.3608 9.48862 10.0682 6.23769 9.47793 10.3282 11.9971 12.0086 2.67288 0 15.5577 
0 0 0 0 0 0 0 0 0 0 0 0 
Printing number of nodes: 11

Version identifier: 22.1.1.0 | 2022-11-28 | 9160aff4d
CPXPARAM_ClockType                               0
CPXPARAM_Emphasis_MIP                            2
CPXPARAM_MIP_Tolerances_Integrality              0
Tried aggregator 3 times.
MIP Presolve eliminated 976 rows and 1264 columns.
MIP Presolve modified 706 coefficients.
Aggregator did 38 substitutions.
Reduced MIP has 5261 rows, 413 columns, and 149136 nonzeros.
Reduced MIP has 405 binaries, 0 generals, 0 SOSs, and 0 indicators.
Presolve time = 0.11 sec. (399.85 ticks)
Found incumbent of value 579.096970 after 0.15 sec. (484.73 ticks)
Probing fixed 107 vars, tightened 0 bounds.
Probing changed sense of 25 constraints.
Probing time = 0.02 sec. (16.95 ticks)
Cover probing fixed 8 vars, tightened 0 bounds.
Tried aggregator 2 times.
MIP Presolve eliminated 176 rows and 147 columns.
MIP Presolve added 4 rows and 0 columns.
MIP Presolve modified 129 coefficients.
Aggregator did 6 substitutions.
Reduced MIP has 5081 rows, 260 columns, and 148004 nonzeros.
Reduced MIP has 253 binaries, 0 generals, 0 SOSs, and 0 indicators.
Presolve time = 0.12 sec. (353.09 ticks)
Probing fixed 7 vars, tightened 0 bounds.
Probing changed sense of 16 constraints.
Probing time = 0.01 sec. (12.46 ticks)
Tried aggregator 2 times.
MIP Presolve eliminated 501 rows and 87 columns.
MIP Presolve added 2 rows and 0 columns.
MIP Presolve modified 96 coefficients.
Aggregator did 1 substitutions.
Reduced MIP has 4578 rows, 172 columns, and 132444 nonzeros.
Reduced MIP has 169 binaries, 0 generals, 0 SOSs, and 0 indicators.
Presolve time = 0.10 sec. (280.76 ticks)
Probing time = 0.01 sec. (6.35 ticks)
Tried aggregator 1 time.
Detecting symmetries...
MIP Presolve eliminated 1 rows and 0 columns.
MIP Presolve modified 2 coefficients.
Reduced MIP has 4577 rows, 172 columns, and 132441 nonzeros.
Reduced MIP has 169 binaries, 0 generals, 0 SOSs, and 0 indicators.
Presolve time = 0.03 sec. (70.38 ticks)
Probing time = 0.01 sec. (7.63 ticks)
Clique table members: 5960.
MIP emphasis: optimality.
MIP search method: dynamic search.
Parallel mode: deterministic, using up to 20 threads.
Root relaxation solution time = 0.01 sec. (23.61 ticks)

        Nodes                                         Cuts/
   Node  Left     Objective  IInf  Best Integer    Best Bound    ItCnt     Gap

*     0+    0                          579.0970       -2.0000           100.35%
*     0     0      integral     0      244.0797      244.0797       91    0.00%
Elapsed time = 0.48 sec. (1309.16 ticks, tree = 0.00 MB, solutions = 2)

Root node processing (before b&c):
  Real time             =    0.48 sec. (1309.62 ticks)
Parallel b&c, 20 threads:
  Real time             =    0.00 sec. (0.00 ticks)
  Sync time (average)   =    0.00 sec.
  Wait time (average)   =    0.00 sec.
                          ------------
Total (root+branch&cut) =    0.48 sec. (1309.62 ticks)
Truck arcs:
0 1
1 3
2 10
3 2
4 5
5 6
6 11
9 4
10 9
customer 7 is served by drone
start of this sortie: 0
end of this sortie: 1

customer 8 is served by drone
start of this sortie: 5
end of this sortie: 6

244.08
In write mode
