Instance name: /home/cuong/CLionProjects/uMV-FSTSP/50_dis_rand_ins/v53
Write arg val: 1

drone speed: 1 miles/minute
uav non-eligible customer: 7 11 
Printing tau:
0 14.1471 43.0125 48.8469 43.4478 38.2595 44.4832 59.0155 60.253 114.372 99.8046 0 
14.1471 0 38.195 44.0295 38.6303 33.442 39.6657 54.198 74.4002 109.554 94.9871 14.1471 
43.0125 38.195 0 11.6089 52.3067 44.3616 43.6788 73.3781 101.442 71.3591 56.7921 43.0125 
48.8469 44.0295 11.6089 0 40.6978 32.7527 32.0699 61.7692 89.8335 65.5246 50.9576 48.8469 
43.4478 38.6303 52.3067 40.6978 0 7.94517 8.62789 21.0713 49.1356 70.9238 56.3568 43.4478 
38.2595 33.442 44.3616 32.7527 7.94517 0 6.22369 29.0165 57.0808 76.1121 61.5451 38.2595 
44.4832 39.6657 43.6788 32.0699 8.62789 6.22369 0 29.6992 57.7635 69.8884 55.3214 44.4832 
59.0155 54.198 73.3781 61.7692 21.0713 29.0165 29.6992 0 28.0643 55.3561 51.7725 59.0155 
60.253 74.4002 101.442 89.8335 49.1356 57.0808 57.7635 28.0643 0 58.7636 79.8368 60.253 
114.372 109.554 71.3591 65.5246 70.9238 76.1121 69.8884 55.3561 58.7636 0 22.7215 114.372 
99.8046 94.9871 56.7921 50.9576 56.3568 61.5451 55.3214 51.7725 79.8368 22.7215 0 99.8046 
0 0 0 0 0 0 0 0 0 0 0 0 
Printing tau_prime:
0 2.11352 8.42216 8.07592 6.34241 5.42927 6.30071 9.50678 11.5954 16.1807 14.3837 0 
2.11352 0 6.61837 6.59815 6.52778 5.32602 6.083 10.0841 12.7397 15.6849 13.4552 2.11352 
8.42216 6.61837 0 1.83743 7.39755 6.30958 6.18062 10.6211 14.4563 11.8802 8.59318 8.42216 
8.07592 6.59815 1.83743 0 5.80597 4.86792 4.57717 8.85306 12.7403 10.3576 7.34386 8.07592 
6.34241 6.52778 7.39755 5.80597 0 1.34197 1.22892 3.70501 7.15847 10.0934 9.07595 6.34241 
5.42927 5.32602 6.30958 4.86792 1.34197 0 0.885443 5.04534 8.43705 10.7639 9.27969 5.42927 
6.30071 6.083 6.18062 4.57717 1.22892 0.885443 0 4.67597 8.31912 9.88414 8.4234 6.30071 
9.50678 10.0841 10.6211 8.85306 3.70501 5.04534 4.67597 0 3.99804 8.8411 9.32109 9.50678 
11.5954 12.7397 14.4563 12.7403 7.15847 8.43705 8.31912 3.99804 0 11.5891 12.9052 11.5954 
16.1807 15.6849 11.8802 10.3576 10.0934 10.7639 9.88414 8.8411 11.5891 0 3.81698 16.1807 
14.3837 13.4552 8.59318 7.34386 9.07595 9.27969 8.4234 9.32109 12.9052 3.81698 0 14.3837 
0 0 0 0 0 0 0 0 0 0 0 0 
Printing number of nodes: 11

Version identifier: 22.1.1.0 | 2022-11-28 | 9160aff4d
CPXPARAM_ClockType                               0
CPXPARAM_Emphasis_MIP                            2
CPXPARAM_MIP_Tolerances_Integrality              0
Tried aggregator 3 times.
MIP Presolve eliminated 612 rows and 1277 columns.
MIP Presolve modified 719 coefficients.
Aggregator did 55 substitutions.
Reduced MIP has 5464 rows, 383 columns, and 160267 nonzeros.
Reduced MIP has 374 binaries, 0 generals, 0 SOSs, and 0 indicators.
Presolve time = 0.16 sec. (529.04 ticks)
Found incumbent of value 434.062100 after 0.21 sec. (619.50 ticks)
Probing fixed 70 vars, tightened 0 bounds.
Probing changed sense of 4 constraints.
Probing time = 0.02 sec. (14.86 ticks)
Cover probing fixed 4 vars, tightened 0 bounds.
Tried aggregator 2 times.
MIP Presolve eliminated 363 rows and 78 columns.
MIP Presolve modified 114 coefficients.
Aggregator did 2 substitutions.
Reduced MIP has 5097 rows, 303 columns, and 148170 nonzeros.
Reduced MIP has 295 binaries, 0 generals, 0 SOSs, and 0 indicators.
Presolve time = 0.10 sec. (224.79 ticks)
Probing changed sense of 15 constraints.
Probing time = 0.01 sec. (12.91 ticks)
Tried aggregator 1 time.
MIP Presolve eliminated 72 rows and 65 columns.
MIP Presolve modified 48 coefficients.
Reduced MIP has 5025 rows, 238 columns, and 147846 nonzeros.
Reduced MIP has 232 binaries, 0 generals, 0 SOSs, and 0 indicators.
Presolve time = 0.06 sec. (152.51 ticks)
Probing time = 0.02 sec. (9.37 ticks)
Tried aggregator 1 time.
Detecting symmetries...
Reduced MIP has 5025 rows, 238 columns, and 147846 nonzeros.
Reduced MIP has 232 binaries, 0 generals, 0 SOSs, and 0 indicators.
Presolve time = 0.03 sec. (78.41 ticks)
Probing time = 0.02 sec. (10.46 ticks)
Clique table members: 11785.
MIP emphasis: optimality.
MIP search method: dynamic search.
Parallel mode: deterministic, using up to 20 threads.
Root relaxation solution time = 0.04 sec. (41.15 ticks)

        Nodes                                         Cuts/
   Node  Left     Objective  IInf  Best Integer    Best Bound    ItCnt     Gap

*     0+    0                          434.0621       -5.0000           101.15%
      0     0      264.0726    32      434.0621      264.0726      426   39.16%
*     0+    0                          270.2963      264.0726             2.30%
*     0+    0                          264.1905      264.0726             0.04%
      0     0        cutoff            264.1905      264.1905      427    0.00%
Elapsed time = 0.71 sec. (1656.05 ticks, tree = 0.01 MB, solutions = 3)

Gomory fractional cuts applied:  3

Root node processing (before b&c):
  Real time             =    0.71 sec. (1656.55 ticks)
Parallel b&c, 20 threads:
  Real time             =    0.00 sec. (0.00 ticks)
  Sync time (average)   =    0.00 sec.
  Wait time (average)   =    0.00 sec.
                          ------------
Total (root+branch&cut) =    0.71 sec. (1656.55 ticks)
Truck arcs:
0 2
2 3
3 10
4 6
5 11
6 5
7 4
9 7
10 9
customer 1 is served by drone
start of this sortie: 2
end of this sortie: 3

customer 8 is served by drone
start of this sortie: 4
end of this sortie: 5

264.191
In write mode
