Instance name: /home/cuong/CLionProjects/uMV-FSTSP/50_dis_rand_ins/v62
Write arg val: 1

drone speed: 1 miles/minute
uav non-eligible customer: 6 11 
Printing tau:
0 12.9493 54.238 65.8986 61.3793 62.0997 49.279 63.5505 46.28 103.902 92.7942 0 
12.9493 0 54.749 55.981 48.43 49.1504 36.3297 50.6012 33.3307 90.9528 79.8449 12.9493 
54.238 54.749 0 18.0597 43.6224 38.3739 52.5987 86.1852 81.0999 56.0632 44.9552 54.238 
65.8986 55.981 18.0597 0 44.8543 39.6059 53.8306 87.4171 82.3318 54.8626 36.2677 65.8986 
61.3793 48.43 43.6224 44.8543 0 5.24844 12.1003 42.5628 37.4775 42.5228 31.4149 61.3793 
62.0997 49.1504 38.3739 39.6059 5.24844 0 14.2247 47.8112 42.726 41.8024 30.6945 62.0997 
49.279 36.3297 52.5987 53.8306 12.1003 14.2247 0 33.5865 28.5012 54.6231 43.5152 49.279 
63.5505 50.6012 86.1852 87.4171 42.5628 47.8112 33.5865 0 17.2705 40.3516 51.1494 63.5505 
46.28 33.3307 81.0999 82.3318 37.4775 42.726 28.5012 17.2705 0 57.6221 46.5142 46.28 
103.902 90.9528 56.0632 54.8626 42.5228 41.8024 54.6231 40.3516 57.6221 0 18.5949 103.902 
92.7942 79.8449 44.9552 36.2677 31.4149 30.6945 43.5152 51.1494 46.5142 18.5949 0 92.7942 
0 0 0 0 0 0 0 0 0 0 0 0 
Printing tau_prime:
0 1.83273 10.2277 12.1816 8.80921 9.06426 6.97295 10.0591 7.56756 14.6942 13.4011 0 
1.83273 0 9.18122 10.8972 7.02747 7.32653 5.14678 8.42462 6.00883 12.8636 11.6308 1.83273 
10.2277 9.18122 0 2.55996 6.45949 5.78952 7.44136 12.3893 11.4714 10.9721 8.06036 10.2277 
12.1816 10.8972 2.55996 0 6.37547 5.62682 7.96736 12.3671 11.9695 9.4384 6.38547 12.1816 
8.80921 7.02747 6.45949 6.37547 0 0.749201 2.13069 6.02711 5.71411 6.17795 4.6057 8.80921 
9.06426 7.32653 5.78952 5.62682 0.749201 0 2.70818 6.76464 6.44325 6.29319 4.36645 9.06426 
6.97295 5.14678 7.44136 7.96736 2.13069 2.70818 0 5.16087 4.05294 7.72625 6.63631 6.97295 
10.0591 8.42462 12.3893 12.3671 6.02711 6.76464 5.16087 0 2.5461 7.33219 8.33242 10.0591 
7.56756 6.00883 11.4714 11.9695 5.71411 6.44325 4.05294 2.5461 0 9.02759 9.25795 7.56756 
14.6942 12.8636 10.9721 9.4384 6.17795 6.29319 7.72625 7.33219 9.02759 0 3.06319 14.6942 
13.4011 11.6308 8.06036 6.38547 4.6057 4.36645 6.63631 8.33242 9.25795 3.06319 0 13.4011 
0 0 0 0 0 0 0 0 0 0 0 0 
Printing number of nodes: 11

Version identifier: 22.1.1.0 | 2022-11-28 | 9160aff4d
CPXPARAM_ClockType                               0
CPXPARAM_Emphasis_MIP                            2
CPXPARAM_MIP_Tolerances_Integrality              0
Tried aggregator 3 times.
MIP Presolve eliminated 528 rows and 1192 columns.
MIP Presolve modified 858 coefficients.
Aggregator did 34 substitutions.
Reduced MIP has 5569 rows, 489 columns, and 161002 nonzeros.
Reduced MIP has 480 binaries, 0 generals, 0 SOSs, and 0 indicators.
Presolve time = 0.15 sec. (448.76 ticks)
Found incumbent of value 485.012900 after 0.21 sec. (540.58 ticks)
Probing fixed 89 vars, tightened 0 bounds.
Probing changed sense of 18 constraints.
Probing time = 0.06 sec. (19.35 ticks)
Cover probing fixed 8 vars, tightened 0 bounds.
Tried aggregator 2 times.
MIP Presolve eliminated 129 rows and 122 columns.
MIP Presolve modified 124 coefficients.
Aggregator did 2 substitutions.
Reduced MIP has 5437 rows, 365 columns, and 160127 nonzeros.
Reduced MIP has 356 binaries, 0 generals, 0 SOSs, and 0 indicators.
Presolve time = 0.12 sec. (298.75 ticks)
Probing changed sense of 3 constraints.
Probing time = 0.08 sec. (15.38 ticks)
Tried aggregator 1 time.
Detecting symmetries...
MIP Presolve eliminated 57 rows and 71 columns.
MIP Presolve modified 53 coefficients.
Reduced MIP has 5380 rows, 294 columns, and 159830 nonzeros.
Reduced MIP has 285 binaries, 0 generals, 0 SOSs, and 0 indicators.
Presolve time = 0.07 sec. (145.84 ticks)
Probing time = 0.09 sec. (11.88 ticks)
Clique table members: 17119.
MIP emphasis: optimality.
MIP search method: dynamic search.
Parallel mode: deterministic, using up to 20 threads.
Root relaxation solution time = 0.06 sec. (56.23 ticks)

        Nodes                                         Cuts/
   Node  Left     Objective  IInf  Best Integer    Best Bound    ItCnt     Gap

*     0+    0                          485.0129       -4.0000           100.82%
      0     0      186.6387    75      485.0129      186.6387      587   61.52%
*     0+    0                          193.3811      186.6387             3.49%
      0     0        cutoff            193.3811      193.3811      658    0.00%
Elapsed time = 1.32 sec. (3351.42 ticks, tree = 0.01 MB, solutions = 2)

Clique cuts applied:  33
Implied bound cuts applied:  5
Zero-half cuts applied:  8
Gomory fractional cuts applied:  12

Root node processing (before b&c):
  Real time             =    1.32 sec. (3351.95 ticks)
Parallel b&c, 20 threads:
  Real time             =    0.00 sec. (0.00 ticks)
  Sync time (average)   =    0.00 sec.
  Wait time (average)   =    0.00 sec.
                          ------------
Total (root+branch&cut) =    1.32 sec. (3351.95 ticks)
Truck arcs:
0 1
1 6
2 11
3 2
4 5
5 3
6 4
customer 7 is served by drone
start of this sortie: 6
end of this sortie: 4

customer 8 is served by drone
start of this sortie: 0
end of this sortie: 1

customer 9 is served by drone
start of this sortie: 4
end of this sortie: 5

customer 10 is served by drone
start of this sortie: 3
end of this sortie: 2

193.381
In write mode
