Instance name: /home/cuong/CLionProjects/uMV-FSTSP/50_dis_rand_ins/v66
Write arg val: 1

drone speed: 1 miles/minute
uav non-eligible customer: 9 11 
Printing tau:
0 18.5771 50.6323 59.1722 53.9604 56.4835 25.8229 39.3313 28.4474 63.8454 83.8454 0 
18.5771 0 67.3146 77.7493 72.5375 75.0607 44.4 57.9084 47.0245 82.4225 102.423 18.5771 
50.6323 67.3146 0 10.4347 33.2817 42.3783 35.6475 87.6188 75.5324 36.3318 59.3672 50.6323 
59.1722 77.7493 10.4347 0 38.5831 47.6797 40.9488 92.9202 80.8337 41.6332 64.6686 59.1722 
53.9604 72.5375 33.2817 38.5831 0 9.09661 28.1375 54.3371 42.2507 9.88499 29.885 53.9604 
56.4835 75.0607 42.3783 47.6797 9.09661 0 30.6606 45.2405 33.154 7.36184 27.3619 56.4835 
25.8229 44.4 35.6475 40.9488 28.1375 30.6606 0 51.9714 39.8849 38.0225 58.0225 25.8229 
39.3313 57.9084 87.6188 92.9202 54.3371 45.2405 51.9714 0 12.0865 51.287 44.5141 39.3313 
28.4474 47.0245 75.5324 80.8337 42.2507 33.154 39.8849 12.0865 0 39.2005 55.398 28.4474 
63.8454 82.4225 36.3318 41.6332 9.88499 7.36184 38.0225 51.287 39.2005 0 23.0354 63.8454 
83.8454 102.423 59.3672 64.6686 29.885 27.3619 58.0225 44.5141 55.398 23.0354 0 83.8454 
0 0 0 0 0 0 0 0 0 0 0 0 
Printing tau_prime:
0 2.808 9.93878 11.5151 8.01594 8.07282 4.22224 7.63539 5.34653 9.25282 11.9217 0 
2.808 0 11.3439 12.9912 10.3621 10.6166 6.37961 10.285 8.03683 11.7018 14.6549 2.808 
9.93878 11.3439 0 1.65522 4.76435 6.09249 5.99303 12.4624 11.0606 5.56462 9.75401 9.93878 
11.5151 12.9912 1.65522 0 5.50603 6.75364 7.46858 13.4371 12.2296 5.9248 9.78855 11.5151 
8.01594 10.3621 4.76435 5.50603 0 1.33502 3.99328 7.95805 6.98001 1.46298 5.60993 8.01594 
8.07282 10.6166 6.09249 6.75364 1.33502 0 4.43932 6.84237 6.14038 1.34727 4.55477 8.07282 
4.22224 6.37961 5.99303 7.46858 3.99328 4.43932 0 7.59408 5.65278 5.37806 8.8648 4.22224 
7.63539 10.285 12.4624 13.4371 7.95805 6.84237 7.59408 0 2.30018 8.03902 7.45608 7.63539 
5.34653 8.03683 11.0606 12.2296 6.98001 6.14038 5.65278 2.30018 0 7.46954 8.16119 5.34653 
9.25282 11.7018 5.56462 5.9248 1.46298 1.34727 5.37806 8.03902 7.46954 0 4.31423 9.25282 
11.9217 14.6549 9.75401 9.78855 5.60993 4.55477 8.8648 7.45608 8.16119 4.31423 0 11.9217 
0 0 0 0 0 0 0 0 0 0 0 0 
Printing number of nodes: 11

Version identifier: 22.1.1.0 | 2022-11-28 | 9160aff4d
CPXPARAM_ClockType                               0
CPXPARAM_Emphasis_MIP                            2
CPXPARAM_MIP_Tolerances_Integrality              0
Tried aggregator 4 times.
MIP Presolve eliminated 543 rows and 1216 columns.
MIP Presolve modified 800 coefficients.
Aggregator did 46 substitutions.
Reduced MIP has 5542 rows, 453 columns, and 160795 nonzeros.
Reduced MIP has 444 binaries, 0 generals, 0 SOSs, and 0 indicators.
Presolve time = 0.14 sec. (510.76 ticks)
Found incumbent of value 471.538800 after 0.20 sec. (634.15 ticks)
Probing fixed 85 vars, tightened 0 bounds.
Probing changed sense of 20 constraints.
Probing time = 0.21 sec. (17.49 ticks)
Cover probing fixed 14 vars, tightened 0 bounds.
Tried aggregator 2 times.
MIP Presolve eliminated 150 rows and 125 columns.
MIP Presolve modified 140 coefficients.
Aggregator did 4 substitutions.
Reduced MIP has 5386 rows, 324 columns, and 159771 nonzeros.
Reduced MIP has 316 binaries, 0 generals, 0 SOSs, and 0 indicators.
Presolve time = 0.09 sec. (240.78 ticks)
Probing changed sense of 24 constraints.
Probing time = 0.08 sec. (15.87 ticks)
Tried aggregator 1 time.
MIP Presolve eliminated 84 rows and 75 columns.
MIP Presolve modified 55 coefficients.
Reduced MIP has 5302 rows, 249 columns, and 159395 nonzeros.
Reduced MIP has 243 binaries, 0 generals, 0 SOSs, and 0 indicators.
Presolve time = 0.08 sec. (190.28 ticks)
Probing time = 0.06 sec. (10.39 ticks)
Tried aggregator 1 time.
Detecting symmetries...
Reduced MIP has 5302 rows, 249 columns, and 159395 nonzeros.
Reduced MIP has 243 binaries, 0 generals, 0 SOSs, and 0 indicators.
Presolve time = 0.03 sec. (84.96 ticks)
Probing time = 0.08 sec. (11.32 ticks)
Clique table members: 11508.
MIP emphasis: optimality.
MIP search method: dynamic search.
Parallel mode: deterministic, using up to 20 threads.
Root relaxation solution time = 0.04 sec. (42.91 ticks)

        Nodes                                         Cuts/
   Node  Left     Objective  IInf  Best Integer    Best Bound    ItCnt     Gap

*     0+    0                          471.5388       -4.8877           101.04%
      0     0      183.9242    42      471.5388      183.9242      375   60.99%
*     0+    0                          317.2149      183.9242            42.02%
*     0+    0                          197.8144      183.9242             7.02%
      0     0        cutoff            197.8144      197.8144      405    0.00%
Elapsed time = 1.05 sec. (1667.32 ticks, tree = 0.01 MB, solutions = 3)

Zero-half cuts applied:  4
Gomory fractional cuts applied:  2

Root node processing (before b&c):
  Real time             =    1.05 sec. (1667.85 ticks)
Parallel b&c, 20 threads:
  Real time             =    0.00 sec. (0.00 ticks)
  Sync time (average)   =    0.00 sec.
  Wait time (average)   =    0.00 sec.
                          ------------
Total (root+branch&cut) =    1.05 sec. (1667.85 ticks)
Truck arcs:
0 6
4 5
5 9
6 4
7 8
8 11
9 10
10 7
customer 1 is served by drone
start of this sortie: 7
end of this sortie: 8

customer 2 is served by drone
start of this sortie: 4
end of this sortie: 5

customer 3 is served by drone
start of this sortie: 5
end of this sortie: 9

197.814
In write mode
