Instance name: /home/cuong/CLionProjects/uMV-FSTSP/50_dis_rand_ins/v67
Write arg val: 1

drone speed: 1 miles/minute
uav non-eligible customer: 11 
Printing tau:
0 19.8346 34.3451 67.4136 25.9234 32.6662 20.0591 36.845 28.6646 59.5459 88.5242 0 
19.8346 0 54.1797 60.4723 45.7581 52.5008 39.8938 56.6796 48.4992 79.3806 108.359 19.8346 
34.3451 54.1797 0 33.1939 42.4791 42.1848 38.0972 68.3759 56.5759 26.0312 54.1791 34.3451 
67.4136 60.4723 33.1939 0 75.673 75.3787 71.291 101.57 89.7697 59.2251 61.1379 67.4136 
25.9234 45.7581 42.4791 75.673 0 6.74272 5.86433 25.8968 14.0967 33.6225 62.6008 25.9234 
32.6662 52.5008 42.1848 75.3787 6.74272 0 12.6071 26.1911 14.391 26.8798 55.8581 32.6662 
20.0591 39.8938 38.0972 71.291 5.86433 12.6071 0 30.2788 18.4787 39.4868 68.4651 20.0591 
36.845 56.6796 68.3759 101.57 25.8968 26.1911 30.2788 0 11.8001 42.3447 51.6793 36.845 
28.6646 48.4992 56.5759 89.7697 14.0967 14.391 18.4787 11.8001 0 30.8813 59.8596 28.6646 
59.5459 79.3806 26.0312 59.2251 33.6225 26.8798 39.4868 42.3447 30.8813 0 28.9783 59.5459 
88.5242 108.359 54.1791 61.1379 62.6008 55.8581 68.4651 51.6793 59.8596 28.9783 0 88.5242 
0 0 0 0 0 0 0 0 0 0 0 0 
Printing tau_prime:
0 2.97185 6.85649 10.3456 3.84771 4.75504 2.8893 7.10521 5.14093 8.50032 12.5506 0 
2.97185 0 8.57853 10.94 6.81889 7.71821 5.84561 9.90109 8.01313 11.2275 15.3245 2.97185 
6.85649 8.57853 0 4.76883 6.12438 5.97056 5.7541 9.67628 8.04126 5.12388 8.62119 6.85649 
10.3456 10.94 4.76883 0 10.7075 10.6772 10.151 14.4136 12.6954 9.46279 12.1259 10.3456 
3.84771 6.81889 6.12438 10.7075 0 0.954473 1.0353 3.97473 2.03092 5.2934 9.08859 3.84771 
4.75504 7.71821 5.97056 10.6772 0.954473 0 1.87428 3.75083 2.11241 4.435 8.15221 4.75504 
2.8893 5.84561 5.7541 10.151 1.0353 1.87428 0 4.89606 2.88276 5.83917 9.78832 2.8893 
7.10521 9.90109 9.67628 14.4136 3.97473 3.75083 4.89606 0 2.03057 6.79472 9.27953 7.10521 
5.14093 8.01313 8.04126 12.6954 2.03092 2.11241 2.88276 2.03057 0 6.14269 9.38398 5.14093 
8.50032 11.2275 5.12388 9.46279 5.2934 4.435 5.83917 6.79472 6.14269 0 4.10707 8.50032 
12.5506 15.3245 8.62119 12.1259 9.08859 8.15221 9.78832 9.27953 9.38398 4.10707 0 12.5506 
0 0 0 0 0 0 0 0 0 0 0 0 
Printing number of nodes: 11

Version identifier: 22.1.1.0 | 2022-11-28 | 9160aff4d
CPXPARAM_ClockType                               0
CPXPARAM_Emphasis_MIP                            2
CPXPARAM_MIP_Tolerances_Integrality              0
Tried aggregator 3 times.
MIP Presolve eliminated 473 rows and 1246 columns.
MIP Presolve modified 790 coefficients.
Aggregator did 50 substitutions.
Reduced MIP has 5464 rows, 419 columns, and 162768 nonzeros.
Reduced MIP has 409 binaries, 0 generals, 0 SOSs, and 0 indicators.
Presolve time = 0.17 sec. (619.05 ticks)
Found incumbent of value 568.081800 after 0.21 sec. (711.12 ticks)
Probing fixed 56 vars, tightened 0 bounds.
Probing changed sense of 7 constraints.
Probing time = 0.02 sec. (16.31 ticks)
Tried aggregator 2 times.
MIP Presolve eliminated 117 rows and 72 columns.
MIP Presolve modified 162 coefficients.
Aggregator did 3 substitutions.
Reduced MIP has 5343 rows, 344 columns, and 159771 nonzeros.
Reduced MIP has 335 binaries, 0 generals, 0 SOSs, and 0 indicators.
Presolve time = 0.12 sec. (342.35 ticks)
Probing changed sense of 30 constraints.
Probing time = 0.01 sec. (15.61 ticks)
Tried aggregator 1 time.
Detecting symmetries...
MIP Presolve eliminated 60 rows and 38 columns.
MIP Presolve modified 31 coefficients.
Reduced MIP has 5283 rows, 306 columns, and 159542 nonzeros.
Reduced MIP has 297 binaries, 0 generals, 0 SOSs, and 0 indicators.
Presolve time = 0.07 sec. (193.39 ticks)
Probing time = 0.01 sec. (13.04 ticks)
Clique table members: 22691.
MIP emphasis: optimality.
MIP search method: dynamic search.
Parallel mode: deterministic, using up to 20 threads.
Root relaxation solution time = 0.04 sec. (50.67 ticks)

        Nodes                                         Cuts/
   Node  Left     Objective  IInf  Best Integer    Best Bound    ItCnt     Gap

*     0+    0                          568.0818        0.0000           100.00%
      0     0      213.7027    89      568.0818      213.7027      495   62.38%
*     0+    0                          220.9420      213.7027             3.28%
      0     0      216.1859   104      220.9420     Cuts: 106      597    2.15%
*     0+    0                          220.8166      216.1859             2.10%
      0     0      217.0363   106      220.8166      Cuts: 58      701    1.71%
Detecting symmetries...

Repeating presolve.
Tried aggregator 2 times.
MIP Presolve eliminated 2339 rows and 88 columns.
MIP Presolve modified 3921 coefficients.
Aggregator did 2 substitutions.
Reduced MIP has 2942 rows, 216 columns, and 50166 nonzeros.
Reduced MIP has 208 binaries, 0 generals, 0 SOSs, and 0 indicators.
Presolve time = 0.17 sec. (697.80 ticks)
Probing fixed 2 vars, tightened 0 bounds.
Probing changed sense of 4 constraints.
Probing time = 0.01 sec. (15.60 ticks)
Tried aggregator 1 time.
MIP Presolve eliminated 13 rows and 14 columns.
MIP Presolve modified 661 coefficients.
Reduced MIP has 2929 rows, 202 columns, and 49575 nonzeros.
Reduced MIP has 196 binaries, 0 generals, 0 SOSs, and 0 indicators.
Presolve time = 0.02 sec. (79.15 ticks)
Probing time = 0.00 sec. (7.33 ticks)
Tried aggregator 1 time.
Detecting symmetries...
Reduced MIP has 2929 rows, 202 columns, and 49575 nonzeros.
Reduced MIP has 196 binaries, 0 generals, 0 SOSs, and 0 indicators.
Presolve time = 0.01 sec. (34.02 ticks)
Represolve time = 0.22 sec. (850.34 ticks)
Probing time = 0.00 sec. (7.36 ticks)
Clique table members: 11113.
MIP emphasis: optimality.
MIP search method: dynamic search.
Parallel mode: deterministic, using up to 20 threads.
Root relaxation solution time = 0.03 sec. (42.17 ticks)

        Nodes                                         Cuts/
   Node  Left     Objective  IInf  Best Integer    Best Bound    ItCnt     Gap

*     0+    0                          220.8166      217.0363             1.71%
      0     0      217.3585    66      220.8166      217.3585     1160    1.57%
      0     0      218.6832    80      220.8166      Cuts: 61     1231    0.97%
      0     0        cutoff            220.8166      220.8166     1274    0.00%
Elapsed time = 1.25 sec. (3430.17 ticks, tree = 0.01 MB, solutions = 3)

GUB cover cuts applied:  2
Clique cuts applied:  49
Implied bound cuts applied:  13
Flow cuts applied:  2
Mixed integer rounding cuts applied:  4
Zero-half cuts applied:  24
Lift and project cuts applied:  24
Gomory fractional cuts applied:  2

Root node processing (before b&c):
  Real time             =    1.25 sec. (3430.40 ticks)
Parallel b&c, 20 threads:
  Real time             =    0.00 sec. (0.00 ticks)
  Sync time (average)   =    0.00 sec.
  Wait time (average)   =    0.00 sec.
                          ------------
Total (root+branch&cut) =    1.25 sec. (3430.40 ticks)
Truck arcs:
0 3
2 9
3 2
4 6
5 8
6 11
8 4
9 5
customer 1 is served by drone
start of this sortie: 8
end of this sortie: 4

customer 7 is served by drone
start of this sortie: 4
end of this sortie: 6

customer 10 is served by drone
start of this sortie: 5
end of this sortie: 8

220.817
In write mode
