Instance name: /home/cuong/CLionProjects/uMV-FSTSP/50_dis_rand_ins/v68
Write arg val: 1

drone speed: 1 miles/minute
uav non-eligible customer: 4 8 11 
Printing tau:
0 10.395 40.6794 54.1487 60.5655 45.0811 38.1912 48.5533 58.8341 96.6995 79.4473 0 
10.395 0 50.924 64.3933 70.8101 55.3257 48.4358 46.1437 69.0787 106.944 89.6919 10.395 
40.6794 50.924 0 23.171 39.003 19.4009 24.3116 75.8337 80.2794 56.0201 41.2187 40.6794 
54.1487 64.3933 23.171 0 62.1739 42.5719 47.4826 99.0047 103.45 44.5623 64.3897 54.1487 
60.5655 70.8101 39.003 62.1739 0 19.6021 22.3742 36.8308 41.2764 36.134 18.8818 60.5655 
45.0811 55.3257 19.4009 42.5719 19.6021 0 6.88991 56.4328 60.8784 51.6184 34.3661 45.0811 
38.1912 48.4358 24.3116 47.4826 22.3742 6.88991 0 51.5221 55.9677 58.5083 41.2561 38.1912 
48.5533 46.1437 75.8337 99.0047 36.8308 56.4328 51.5221 0 22.935 60.8004 43.5482 48.5533 
58.8341 69.0787 80.2794 103.45 41.2764 60.8784 55.9677 22.935 0 58.888 39.0606 58.8341 
96.6995 106.944 56.0201 44.5623 36.134 51.6184 58.5083 60.8004 58.888 0 19.8274 96.6995 
79.4473 89.6919 41.2187 64.3897 18.8818 34.3661 41.2561 43.5482 39.0606 19.8274 0 79.4473 
0 0 0 0 0 0 0 0 0 0 0 0 
Printing tau_prime:
0 2.06401 6.92681 10.4665 8.72421 6.47209 5.41735 8.53952 11.1985 13.7007 11.4071 0 
2.06401 0 8.95845 12.529 10.0158 8.24002 7.1058 8.46794 11.4778 15.2985 12.6942 2.06401 
6.92681 8.95845 0 3.79029 6.19143 2.81344 3.45614 10.7458 11.6399 8.48038 8.00241 6.92681 
10.4665 12.529 3.79029 0 8.83943 6.15563 7.08412 14.2373 14.6451 8.71363 9.78371 10.4665 
8.72421 10.0158 6.19143 8.83943 0 3.53272 3.78534 6.26886 5.84249 5.68479 2.68862 8.72421 
6.47209 8.24002 2.81344 6.15563 3.53272 0 1.19654 8.08576 8.82647 7.30536 5.75682 6.47209 
5.41735 7.1058 3.45614 7.08412 3.78534 1.19654 0 7.29354 8.43625 8.28462 6.30541 5.41735 
8.53952 8.46794 10.7458 14.2373 6.26886 8.08576 7.29354 0 3.30387 11.5418 7.8672 8.53952 
11.1985 11.4778 11.6399 14.6451 5.84249 8.82647 8.43625 3.30387 0 9.9011 6.24602 11.1985 
13.7007 15.2985 8.48038 8.71363 5.68479 7.30536 8.28462 11.5418 9.9011 0 3.71689 13.7007 
11.4071 12.6942 8.00241 9.78371 2.68862 5.75682 6.30541 7.8672 6.24602 3.71689 0 11.4071 
0 0 0 0 0 0 0 0 0 0 0 0 
Printing number of nodes: 11

Version identifier: 22.1.1.0 | 2022-11-28 | 9160aff4d
CPXPARAM_ClockType                               0
CPXPARAM_Emphasis_MIP                            2
CPXPARAM_MIP_Tolerances_Integrality              0
Tried aggregator 3 times.
MIP Presolve eliminated 1034 rows and 1322 columns.
MIP Presolve added 2 rows and 0 columns.
MIP Presolve modified 566 coefficients.
Aggregator did 61 substitutions.
Reduced MIP has 5182 rows, 332 columns, and 148591 nonzeros.
Reduced MIP has 324 binaries, 0 generals, 0 SOSs, and 0 indicators.
Presolve time = 0.15 sec. (524.49 ticks)
Found incumbent of value 440.817900 after 0.24 sec. (696.60 ticks)
Probing fixed 56 vars, tightened 0 bounds.
Probing changed sense of 23 constraints.
Probing time = 0.01 sec. (13.15 ticks)
Cover probing fixed 6 vars, tightened 0 bounds.
Tried aggregator 2 times.
MIP Presolve eliminated 139 rows and 85 columns.
MIP Presolve added 2 rows and 0 columns.
MIP Presolve modified 106 coefficients.
Aggregator did 4 substitutions.
Reduced MIP has 5039 rows, 243 columns, and 147790 nonzeros.
Reduced MIP has 236 binaries, 0 generals, 0 SOSs, and 0 indicators.
Presolve time = 0.12 sec. (302.83 ticks)
Probing changed sense of 26 constraints.
Probing time = 0.02 sec. (11.77 ticks)
Tried aggregator 1 time.
MIP Presolve eliminated 102 rows and 79 columns.
MIP Presolve modified 51 coefficients.
Reduced MIP has 4937 rows, 164 columns, and 147338 nonzeros.
Reduced MIP has 158 binaries, 0 generals, 0 SOSs, and 0 indicators.
Presolve time = 0.04 sec. (121.52 ticks)
Probing time = 0.01 sec. (6.53 ticks)
Tried aggregator 1 time.
Detecting symmetries...
Reduced MIP has 4937 rows, 164 columns, and 147338 nonzeros.
Reduced MIP has 158 binaries, 0 generals, 0 SOSs, and 0 indicators.
Presolve time = 0.03 sec. (77.45 ticks)
Probing time = 0.01 sec. (7.67 ticks)
Clique table members: 3648.
MIP emphasis: optimality.
MIP search method: dynamic search.
Parallel mode: deterministic, using up to 20 threads.
Root relaxation solution time = 0.02 sec. (25.61 ticks)

        Nodes                                         Cuts/
   Node  Left     Objective  IInf  Best Integer    Best Bound    ItCnt     Gap

*     0+    0                          440.8179       -4.0000           100.91%
      0     0      215.4934     4      440.8179      215.4934       90   51.12%
*     0+    0                          221.2896      215.4934             2.62%
*     0+    0                          218.9394      215.4934             1.57%
      0     0        cutoff            218.9394      218.9394      101    0.00%
Elapsed time = 0.54 sec. (1363.45 ticks, tree = 0.01 MB, solutions = 3)

Implied bound cuts applied:  4
Flow cuts applied:  1
Lift and project cuts applied:  1
Gomory fractional cuts applied:  3

Root node processing (before b&c):
  Real time             =    0.54 sec. (1363.95 ticks)
Parallel b&c, 20 threads:
  Real time             =    0.00 sec. (0.00 ticks)
  Sync time (average)   =    0.00 sec.
  Wait time (average)   =    0.00 sec.
                          ------------
Total (root+branch&cut) =    0.54 sec. (1363.95 ticks)
Truck arcs:
0 1
1 7
4 5
5 6
6 11
7 8
8 10
10 4
customer 2 is served by drone
start of this sortie: 0
end of this sortie: 1

customer 3 is served by drone
start of this sortie: 5
end of this sortie: 6

customer 9 is served by drone
start of this sortie: 10
end of this sortie: 4

218.939
In write mode
