Instance name: /home/cuong/CLionProjects/uMV-FSTSP/50_dis_rand_ins/v73
Write arg val: 1

drone speed: 1 miles/minute
uav non-eligible customer: 6 10 11 
Printing tau:
0 31.2636 51.2227 39.7363 24.5976 33.2283 22.2665 37.7652 51.1372 72.9512 93.5088 0 
31.2636 0 73.6067 57.3158 55.8612 64.4919 53.5301 47.3033 77.5473 104.215 124.772 31.2636 
51.2227 73.6067 0 16.2909 61.3311 57.2691 59.5893 88.9879 102.36 53.5056 51.8635 51.2227 
39.7363 57.3158 16.2909 0 49.8447 45.7827 48.1029 77.5015 90.8734 46.899 67.4566 39.7363 
24.5976 55.8612 61.3311 49.8447 0 8.6307 2.33111 27.6568 41.0287 48.3535 68.9112 24.5976 
33.2283 64.4919 57.2691 45.7827 8.6307 0 10.9618 31.7188 45.0907 39.7228 60.2805 33.2283 
22.2665 53.5301 59.5893 48.1029 2.33111 10.9618 0 29.3986 42.7705 50.6846 71.2423 22.2665 
37.7652 47.3033 88.9879 77.5015 27.6568 31.7188 29.3986 0 30.2439 56.9114 77.4691 37.7652 
51.1372 77.5473 102.36 90.8734 41.0287 45.0907 42.7705 30.2439 0 48.8542 50.4963 51.1372 
72.9512 104.215 53.5056 46.899 48.3535 39.7228 50.6846 56.9114 48.8542 0 20.5576 72.9512 
93.5088 124.772 51.8635 67.4566 68.9112 60.2805 71.2423 77.4691 50.4963 20.5576 0 93.5088 
0 0 0 0 0 0 0 0 0 0 0 0 
Printing tau_prime:
0 4.54224 9.39862 6.71965 3.76092 4.77636 3.36393 5.80256 9.75416 10.3219 13.2245 0 
4.54224 0 13.3041 10.4912 7.90952 9.12243 7.57164 7.95239 12.5936 14.7557 17.6711 4.54224 
9.39862 13.3041 0 2.81898 9.0293 8.20101 8.89264 13.123 14.4866 8.71745 10.3032 9.39862 
6.71965 10.4912 2.81898 0 7.05211 6.5537 6.82381 11.0515 13.1661 8.90519 11.1182 6.71965 
3.76092 7.90952 9.0293 7.05211 0 1.34899 0.411533 4.09422 6.56298 6.9272 9.83706 3.76092 
4.77636 9.12243 8.20101 6.5537 1.34899 0 1.58458 5.10202 6.6387 5.64281 8.55915 4.77636 
3.36393 7.57164 8.89264 6.82381 0.411533 1.58458 0 4.24982 6.93706 7.21934 10.1342 3.36393 
5.80256 7.95239 13.123 11.0515 4.09422 5.10202 4.24982 0 4.67655 9.48463 12.1488 5.80256 
9.75416 12.5936 14.4866 13.1661 6.56298 6.6387 6.93706 4.67655 0 7.87133 9.77762 9.75416 
10.3219 14.7557 8.71745 8.90519 6.9272 5.64281 7.21934 9.48463 7.87133 0 2.91655 10.3219 
13.2245 17.6711 10.3032 11.1182 9.83706 8.55915 10.1342 12.1488 9.77762 2.91655 0 13.2245 
0 0 0 0 0 0 0 0 0 0 0 0 
Printing number of nodes: 11

Version identifier: 22.1.1.0 | 2022-11-28 | 9160aff4d
CPXPARAM_ClockType                               0
CPXPARAM_Emphasis_MIP                            2
CPXPARAM_MIP_Tolerances_Integrality              0
Tried aggregator 2 times.
MIP Presolve eliminated 1095 rows and 1348 columns.
MIP Presolve modified 512 coefficients.
Aggregator did 42 substitutions.
Reduced MIP has 5138 rows, 325 columns, and 148421 nonzeros.
Reduced MIP has 317 binaries, 0 generals, 0 SOSs, and 0 indicators.
Presolve time = 0.13 sec. (459.71 ticks)
Found incumbent of value 666.954900 after 0.17 sec. (542.39 ticks)
Probing fixed 51 vars, tightened 0 bounds.
Probing changed sense of 22 constraints.
Probing time = 0.01 sec. (11.82 ticks)
Tried aggregator 1 time.
MIP Presolve eliminated 106 rows and 69 columns.
MIP Presolve modified 66 coefficients.
Reduced MIP has 5032 rows, 256 columns, and 147820 nonzeros.
Reduced MIP has 248 binaries, 0 generals, 0 SOSs, and 0 indicators.
Presolve time = 0.05 sec. (124.37 ticks)
Probing changed sense of 18 constraints.
Probing time = 0.01 sec. (11.37 ticks)
Tried aggregator 1 time.
Detecting symmetries...
MIP Presolve eliminated 53 rows and 39 columns.
MIP Presolve modified 21 coefficients.
Reduced MIP has 4979 rows, 217 columns, and 147611 nonzeros.
Reduced MIP has 210 binaries, 0 generals, 0 SOSs, and 0 indicators.
Presolve time = 0.06 sec. (163.18 ticks)
Probing time = 0.01 sec. (9.93 ticks)
Clique table members: 8572.
MIP emphasis: optimality.
MIP search method: dynamic search.
Parallel mode: deterministic, using up to 20 threads.
Root relaxation solution time = 0.02 sec. (30.21 ticks)

        Nodes                                         Cuts/
   Node  Left     Objective  IInf  Best Integer    Best Bound    ItCnt     Gap

*     0+    0                          666.9549        0.0000           100.00%
*     0+    0                          491.3591        0.0000           100.00%
      0     0      234.4723    32      491.3591      234.4723      161   52.28%
*     0+    0                          339.5631      234.4723            30.95%
*     0+    0                          283.1489      234.4723            17.19%
      0     0      241.5758    61      283.1489      Cuts: 25      217   14.68%
      0     0      247.5791    62      283.1489      Cuts: 23      260   12.56%
*     0+    0                          268.1583      247.5791             7.67%
      0     0      249.2604    62      268.1583      Cuts: 22      304    7.05%
      0     0      251.2952    58      268.1583       Cuts: 8      318    6.29%
      0     0      252.2382    69      268.1583      Cuts: 10      334    5.94%
Detecting symmetries...
*     0+    0                          254.9043      252.2382             1.05%
      0     0      252.3701    33      254.9043       Cuts: 5      350    0.99%
      0     0        cutoff            254.9043      254.9043      350    0.00%
Elapsed time = 0.56 sec. (1696.65 ticks, tree = 0.01 MB, solutions = 6)

Clique cuts applied:  5
Implied bound cuts applied:  2
Zero-half cuts applied:  19
Gomory fractional cuts applied:  1

Root node processing (before b&c):
  Real time             =    0.56 sec. (1697.18 ticks)
Parallel b&c, 20 threads:
  Real time             =    0.00 sec. (0.00 ticks)
  Sync time (average)   =    0.00 sec.
  Wait time (average)   =    0.00 sec.
                          ------------
Total (root+branch&cut) =    0.56 sec. (1697.18 ticks)
Truck arcs:
0 3
2 10
3 2
6 11
10 8
customer 7 is served by drone
start of this sortie: 4
end of this sortie: 5

customer 9 is served by drone
start of this sortie: 3
end of this sortie: 2

254.904
In write mode
