Instance name: /home/cuong/CLionProjects/uMV-FSTSP/50_dis_rand_ins/v76
Write arg val: 1

drone speed: 1 miles/minute
uav non-eligible customer: 5 10 11 
Printing tau:
0 15.0207 47.7522 51.8883 44.2493 31.4216 44.0047 49.4722 53.9238 94.5368 99.9161 0 
15.0207 0 32.7315 36.8675 29.2286 16.4009 28.984 57.3231 45.2558 79.5161 84.8953 15.0207 
47.7522 32.7315 0 4.90227 35.4538 33.4563 27.5934 86.0206 73.9533 46.7846 52.1638 47.7522 
51.8883 36.8675 4.90227 0 30.5515 28.554 22.6911 81.1183 69.051 42.6486 48.0278 51.8883 
44.2493 29.2286 35.4538 30.5515 0 12.8277 7.86041 50.5668 38.4995 50.2875 55.6667 44.2493 
31.4216 16.4009 33.4563 28.554 12.8277 0 12.5831 52.5643 40.497 63.1153 68.4945 31.4216 
44.0047 28.984 27.5934 22.6911 7.86041 12.5831 0 58.4272 46.3599 50.5322 55.9114 44.0047 
49.4722 57.3231 86.0206 81.1183 50.5668 52.5643 58.4272 0 18.6759 60.8796 64.6681 49.4722 
53.9238 45.2558 73.9533 69.051 38.4995 40.497 46.3599 18.6759 0 48.8123 45.9922 53.9238 
94.5368 79.5161 46.7846 42.6486 50.2875 63.1153 50.5322 60.8796 48.8123 0 14.8732 94.5368 
99.9161 84.8953 52.1638 48.0278 55.6667 68.4945 55.9114 64.6681 45.9922 14.8732 0 99.9161 
0 0 0 0 0 0 0 0 0 0 0 0 
Printing tau_prime:
0 2.39691 8.50419 8.5952 6.25971 4.46515 6.35076 8.5906 9.28107 13.4665 14.1388 0 
2.39691 0 6.15613 6.20553 4.24254 2.41509 4.10192 8.5966 8.43983 11.2565 12.1122 2.39691 
8.50419 6.15613 0 0.907073 5.03833 5.265 3.93812 12.293 10.4949 7.51115 9.29753 8.50419 
8.5952 6.20553 0.907073 0 4.45365 4.96833 3.39716 11.7107 9.76953 6.67609 8.4137 8.5952 
6.25971 4.24254 5.03833 4.45365 0 1.83598 1.11217 7.26365 5.61393 7.25974 7.89884 6.25971 
4.46515 2.41509 5.265 4.96833 1.83598 0 1.9632 7.45339 6.55189 9.00298 9.73088 4.46515 
6.35076 4.10192 3.93812 3.39716 1.11217 1.9632 0 8.35514 6.70468 7.15474 8.09982 6.35076 
8.5906 8.5966 12.293 11.7107 7.26365 7.45339 8.35514 0 3.14454 12.0179 11.2237 8.5906 
9.28107 8.43983 10.4949 9.76953 5.61393 6.55189 6.70468 3.14454 0 8.98004 8.0835 9.28107 
13.4665 11.2565 7.51115 6.67609 7.25974 9.00298 7.15474 12.0179 8.98004 0 2.23673 13.4665 
14.1388 12.1122 9.29753 8.4137 7.89884 9.73088 8.09982 11.2237 8.0835 2.23673 0 14.1388 
0 0 0 0 0 0 0 0 0 0 0 0 
Printing number of nodes: 11

Version identifier: 22.1.1.0 | 2022-11-28 | 9160aff4d
CPXPARAM_ClockType                               0
CPXPARAM_Emphasis_MIP                            2
CPXPARAM_MIP_Tolerances_Integrality              0
Tried aggregator 2 times.
MIP Presolve eliminated 970 rows and 1212 columns.
MIP Presolve modified 859 coefficients.
Aggregator did 26 substitutions.
Reduced MIP has 5279 rows, 477 columns, and 149451 nonzeros.
Reduced MIP has 469 binaries, 0 generals, 0 SOSs, and 0 indicators.
Presolve time = 0.10 sec. (315.89 ticks)
Found incumbent of value 503.675200 after 0.17 sec. (435.75 ticks)
Probing fixed 77 vars, tightened 0 bounds.
Probing changed sense of 26 constraints.
Probing time = 0.21 sec. (19.42 ticks)
Cover probing fixed 2 vars, tightened 0 bounds.
Tried aggregator 2 times.
MIP Presolve eliminated 111 rows and 105 columns.
MIP Presolve modified 182 coefficients.
Aggregator did 1 substitutions.
Reduced MIP has 5166 rows, 371 columns, and 148675 nonzeros.
Reduced MIP has 363 binaries, 0 generals, 0 SOSs, and 0 indicators.
Presolve time = 0.08 sec. (177.46 ticks)
Probing fixed 1 vars, tightened 0 bounds.
Probing time = 0.06 sec. (16.64 ticks)
Tried aggregator 1 time.
Detecting symmetries...
MIP Presolve eliminated 55 rows and 67 columns.
MIP Presolve modified 32 coefficients.
Reduced MIP has 5111 rows, 304 columns, and 148419 nonzeros.
Reduced MIP has 296 binaries, 0 generals, 0 SOSs, and 0 indicators.
Presolve time = 0.08 sec. (188.25 ticks)
Probing time = 0.01 sec. (10.93 ticks)
Clique table members: 19184.
MIP emphasis: optimality.
MIP search method: dynamic search.
Parallel mode: deterministic, using up to 20 threads.
Root relaxation solution time = 0.06 sec. (52.73 ticks)

        Nodes                                         Cuts/
   Node  Left     Objective  IInf  Best Integer    Best Bound    ItCnt     Gap

*     0+    0                          503.6752       -6.0000           101.19%
      0     0      207.9657    56      503.6752      207.9657      638   58.71%
*     0+    0                          293.6304      207.9657            29.17%
      0     0      212.3283    69      293.6304      Cuts: 88      818   27.69%
*     0+    0                          223.7021      212.3283             5.08%
      0     0      213.6962    88      223.7021      Cuts: 56      884    4.47%
*     0+    0                          219.5835      213.6962             2.68%
*     0+    0                          215.0923      213.6962             0.65%
      0     0      213.8621   103      215.0923      Cuts: 26      937    0.57%
Detecting symmetries...

Repeating presolve.
Tried aggregator 2 times.
MIP Presolve eliminated 4589 rows and 149 columns.
MIP Presolve modified 7358 coefficients.
Aggregator did 9 substitutions.
Reduced MIP has 513 rows, 146 columns, and 5897 nonzeros.
Reduced MIP has 139 binaries, 0 generals, 0 SOSs, and 0 indicators.
Presolve time = 0.23 sec. (742.54 ticks)
Probing fixed 12 vars, tightened 0 bounds.
Probing changed sense of 22 constraints.
Probing time = 0.00 sec. (5.39 ticks)
Tried aggregator 1 time.
MIP Presolve eliminated 70 rows and 39 columns.
MIP Presolve modified 405 coefficients.
Reduced MIP has 443 rows, 107 columns, and 5159 nonzeros.
Reduced MIP has 103 binaries, 0 generals, 0 SOSs, and 0 indicators.
Presolve time = 0.00 sec. (10.72 ticks)
Probing time = 0.00 sec. (2.98 ticks)
Tried aggregator 1 time.
Detecting symmetries...
MIP Presolve eliminated 3 rows and 0 columns.
Reduced MIP has 440 rows, 107 columns, and 5138 nonzeros.
Reduced MIP has 103 binaries, 0 generals, 0 SOSs, and 0 indicators.
Presolve time = 0.00 sec. (5.89 ticks)
Represolve time = 0.24 sec. (772.23 ticks)
Probing time = 0.00 sec. (2.98 ticks)
Clique table members: 3863.
MIP emphasis: optimality.
MIP search method: dynamic search.
Parallel mode: deterministic, using up to 20 threads.
Root relaxation solution time = 0.00 sec. (4.94 ticks)

        Nodes                                         Cuts/
   Node  Left     Objective  IInf  Best Integer    Best Bound    ItCnt     Gap

*     0+    0                          215.0923      213.8621             0.57%
      0     0      213.8950    51      215.0923      213.8950     1067    0.56%
      0     0        cutoff            215.0923      215.0923     1091    0.00%
Elapsed time = 1.49 sec. (2125.02 ticks, tree = 0.01 MB, solutions = 5)

GUB cover cuts applied:  1
Clique cuts applied:  49
Implied bound cuts applied:  9
Flow cuts applied:  1
Mixed integer rounding cuts applied:  2
Zero-half cuts applied:  10
Lift and project cuts applied:  6
Gomory fractional cuts applied:  3

Root node processing (before b&c):
  Real time             =    1.49 sec. (2125.13 ticks)
Parallel b&c, 20 threads:
  Real time             =    0.00 sec. (0.00 ticks)
  Sync time (average)   =    0.00 sec.
  Wait time (average)   =    0.00 sec.
                          ------------
Total (root+branch&cut) =    1.49 sec. (2125.13 ticks)
Truck arcs:
0 1
1 5
2 11
3 2
4 9
5 4
9 10
10 3
customer 6 is served by drone
start of this sortie: 0
end of this sortie: 1

customer 7 is served by drone
start of this sortie: 1
end of this sortie: 5

customer 8 is served by drone
start of this sortie: 5
end of this sortie: 4

215.092
In write mode
