Instance name: /home/cuong/CLionProjects/uMV-FSTSP/50_dis_rand_ins/v77
Write arg val: 1

drone speed: 1 miles/minute
uav non-eligible customer: 11 
Printing tau:
0 26.7252 57.7599 62.8582 44.7297 63.1608 39.1966 62.4127 51.5736 90.8667 97.8443 0 
26.7252 0 60.3492 53.3689 18.0045 36.4356 12.4714 37.3662 38.6492 64.1415 71.1191 26.7252 
57.7599 60.3492 0 8.29678 57.6351 44.3724 57.1026 97.7153 98.9983 65.5989 59.9082 57.7599 
62.8582 53.3689 8.29678 0 50.6548 37.3921 50.1223 90.7351 92.0181 58.6186 52.9279 62.8582 
44.7297 18.0045 57.6351 50.6548 0 18.4311 5.5331 40.0803 41.3633 46.137 53.1146 44.7297 
63.1608 36.4356 44.3724 37.3921 18.4311 0 23.9642 53.343 54.626 27.7059 34.6836 63.1608 
39.1966 12.4714 57.1026 50.1223 5.5331 23.9642 0 40.6128 41.8958 51.6701 58.6477 39.1966 
62.4127 37.3662 97.7153 90.7351 40.0803 53.343 40.6128 0 10.8391 32.1165 37.8072 62.4127 
51.5736 38.6492 98.9983 92.0181 41.3633 54.626 41.8958 10.8391 0 39.2932 46.2708 51.5736 
90.8667 64.1415 65.5989 58.6186 46.137 27.7059 51.6701 32.1165 39.2932 0 6.97762 90.8667 
97.8443 71.1191 59.9082 52.9279 53.1146 34.6836 58.6477 37.8072 46.2708 6.97762 0 97.8443 
0 0 0 0 0 0 0 0 0 0 0 0 
Printing tau_prime:
0 3.79721 11.2367 11.4278 6.32576 9.13073 5.54402 10.4802 9.33856 12.8982 13.8406 0 
3.79721 0 9.39881 9.11464 2.57499 5.62638 1.8225 7.30729 6.498 9.10131 10.058 3.79721 
11.2367 9.39881 0 1.53337 8.26857 6.39196 8.36275 13.8636 14.0069 10.6031 10.4522 11.2367 
11.4278 9.11464 1.53337 0 7.60862 5.28822 7.83852 12.832 13.1108 9.18762 8.97262 11.4278 
6.32576 2.57499 8.26857 7.60862 0 3.21124 0.786114 6.19535 5.92918 6.62125 7.51842 6.32576 
9.13073 5.62638 6.39196 5.28822 3.21124 0 3.83755 7.54458 7.89716 4.93596 5.37459 9.13073 
5.54402 1.8225 8.36275 7.83852 0.786114 3.83755 0 6.61571 6.1781 7.40539 8.30353 5.54402 
10.4802 7.30729 13.8636 12.832 6.19535 7.54458 6.61571 0 1.54358 6.06811 7.32773 10.4802 
9.33856 6.498 14.0069 13.1108 5.92918 7.89716 6.1781 1.54358 0 7.29312 8.56624 9.33856 
12.8982 9.10131 10.6031 9.18762 6.62125 4.93596 7.40539 6.06811 7.29312 0 1.27335 12.8982 
13.8406 10.058 10.4522 8.97262 7.51842 5.37459 8.30353 7.32773 8.56624 1.27335 0 13.8406 
0 0 0 0 0 0 0 0 0 0 0 0 
Printing number of nodes: 11

Version identifier: 22.1.1.0 | 2022-11-28 | 9160aff4d
CPXPARAM_ClockType                               0
CPXPARAM_Emphasis_MIP                            2
CPXPARAM_MIP_Tolerances_Integrality              0
Tried aggregator 2 times.
MIP Presolve eliminated 410 rows and 1184 columns.
MIP Presolve modified 793 coefficients.
Aggregator did 13 substitutions.
Reduced MIP has 5564 rows, 518 columns, and 163433 nonzeros.
Reduced MIP has 508 binaries, 0 generals, 0 SOSs, and 0 indicators.
Presolve time = 0.09 sec. (295.43 ticks)
Found incumbent of value 623.809300 after 0.14 sec. (389.15 ticks)
Probing fixed 76 vars, tightened 0 bounds.
Probing time = 0.02 sec. (19.55 ticks)
Tried aggregator 2 times.
MIP Presolve eliminated 70 rows and 82 columns.
MIP Presolve added 2 rows and 0 columns.
MIP Presolve modified 141 coefficients.
Aggregator did 5 substitutions.
Reduced MIP has 5490 rows, 431 columns, and 162792 nonzeros.
Reduced MIP has 421 binaries, 0 generals, 0 SOSs, and 0 indicators.
Presolve time = 0.12 sec. (305.77 ticks)
Probing fixed 3 vars, tightened 0 bounds.
Probing changed sense of 2 constraints.
Probing time = 0.09 sec. (19.70 ticks)
Tried aggregator 1 time.
MIP Presolve eliminated 64 rows and 97 columns.
MIP Presolve modified 55 coefficients.
Reduced MIP has 5425 rows, 334 columns, and 162447 nonzeros.
Reduced MIP has 325 binaries, 0 generals, 0 SOSs, and 0 indicators.
Presolve time = 0.07 sec. (193.46 ticks)
Probing changed sense of 1 constraints.
Probing time = 0.03 sec. (11.88 ticks)
Tried aggregator 1 time.
Detecting symmetries...
MIP Presolve eliminated 3 rows and 1 columns.
MIP Presolve modified 11 coefficients.
Reduced MIP has 5422 rows, 333 columns, and 162434 nonzeros.
Reduced MIP has 324 binaries, 0 generals, 0 SOSs, and 0 indicators.
Presolve time = 0.08 sec. (204.60 ticks)
Probing time = 0.02 sec. (12.77 ticks)
Clique table members: 22908.
MIP emphasis: optimality.
MIP search method: dynamic search.
Parallel mode: deterministic, using up to 20 threads.
Root relaxation solution time = 0.05 sec. (51.34 ticks)

        Nodes                                         Cuts/
   Node  Left     Objective  IInf  Best Integer    Best Bound    ItCnt     Gap

*     0+    0                          623.8093        0.0000           100.00%
*     0+    0                          383.9883        0.0000           100.00%
      0     0      177.2205    81      383.9883      177.2205      468   53.85%
*     0+    0                          350.6418      177.2205            49.46%
      0     0      179.8646   103      350.6418     Cuts: 103      611   48.70%
*     0+    0                          196.4508      179.8646             8.44%
      0     0        cutoff            196.4508      196.4508      819    0.00%
Elapsed time = 1.04 sec. (2374.19 ticks, tree = 0.01 MB, solutions = 4)

Clique cuts applied:  77
Implied bound cuts applied:  17
Mixed integer rounding cuts applied:  4
Zero-half cuts applied:  12
Gomory fractional cuts applied:  4

Root node processing (before b&c):
  Real time             =    1.05 sec. (2374.75 ticks)
Parallel b&c, 20 threads:
  Real time             =    0.00 sec. (0.00 ticks)
  Sync time (average)   =    0.00 sec.
  Wait time (average)   =    0.00 sec.
                          ------------
Total (root+branch&cut) =    1.05 sec. (2374.75 ticks)
Truck arcs:
0 8
1 11
4 6
5 4
6 1
7 9
8 7
9 5
customer 2 is served by drone
start of this sortie: 4
end of this sortie: 1

customer 3 is served by drone
start of this sortie: 5
end of this sortie: 4

customer 10 is served by drone
start of this sortie: 8
end of this sortie: 7

196.451
In write mode
