Instance name: /home/cuong/CLionProjects/uMV-FSTSP/50_dis_rand_ins/v79
Write arg val: 1

drone speed: 1 miles/minute
uav non-eligible customer: 8 11 
Printing tau:
0 32.2282 41.4245 37.7375 32.301 44.7633 27.6002 52.9139 68.9544 83.6359 74.1043 0 
32.2282 0 73.6527 69.9657 64.5292 76.9915 59.8284 57.6458 59.608 115.864 106.333 32.2282 
41.4245 73.6527 0 19.4802 52.2699 51.3707 41.9502 93.0293 109.07 42.2115 36.556 41.4245 
37.7375 69.9657 19.4802 0 32.7897 31.8905 22.47 73.5491 89.5896 45.8984 36.3668 37.7375 
32.301 64.5292 52.2699 32.7897 0 12.4623 10.3197 40.7594 56.7999 51.3349 41.8033 32.301 
44.7633 76.9915 51.3707 31.8905 12.4623 0 17.1631 41.6586 57.6991 38.8726 29.341 44.7633 
27.6002 59.8284 41.9502 22.47 10.3197 17.1631 0 51.0791 67.1196 56.0357 46.5041 27.6002 
52.9139 57.6458 93.0293 73.5491 40.7594 41.6586 51.0791 0 16.0405 58.2183 56.4734 52.9139 
68.9544 59.608 109.07 89.5896 56.7999 57.6991 67.1196 16.0405 0 72.1013 72.5139 68.9544 
83.6359 115.864 42.2115 45.8984 51.3349 38.8726 56.0357 58.2183 72.1013 0 9.53159 83.6359 
74.1043 106.333 36.556 36.3668 41.8033 29.341 46.5041 56.4734 72.5139 9.53159 0 74.1043 
0 0 0 0 0 0 0 0 0 0 0 0 
Printing tau_prime:
0 4.74864 8.15504 6.08265 4.88076 6.52754 3.91188 8.30174 10.4923 11.8363 10.492 0 
4.74864 0 12.553 10.7692 9.13397 10.8913 8.52883 10.2121 11.9138 16.4818 15.1494 4.74864 
8.15504 12.553 0 2.80383 7.50384 7.28024 6.24649 13.3497 15.5522 7.93534 6.93442 8.15504 
6.08265 10.7692 2.80383 0 4.70047 4.61815 3.48616 10.5463 12.7543 6.94623 5.68177 6.08265 
4.88076 9.13397 7.50384 4.70047 0 1.76701 1.60371 5.84587 8.06281 7.57549 6.31577 4.88076 
6.52754 10.8913 7.28024 4.61815 1.76701 0 2.76881 6.49569 8.52218 5.8626 4.64838 6.52754 
3.91188 8.52883 6.24649 3.48616 1.60371 2.76881 0 7.23027 9.49219 7.9559 6.62077 3.91188 
8.30174 10.2121 13.3497 10.5463 5.84587 6.49569 7.23027 0 2.28538 11.4299 10.5448 8.30174 
10.4923 11.9138 15.5522 12.7543 8.06281 8.52218 9.49219 2.28538 0 12.9332 12.1995 10.4923 
11.8363 16.4818 7.93534 6.94623 7.57549 5.8626 7.9559 11.4299 12.9332 0 1.34923 11.8363 
10.492 15.1494 6.93442 5.68177 6.31577 4.64838 6.62077 10.5448 12.1995 1.34923 0 10.492 
0 0 0 0 0 0 0 0 0 0 0 0 
Printing number of nodes: 11

Version identifier: 22.1.1.0 | 2022-11-28 | 9160aff4d
CPXPARAM_ClockType                               0
CPXPARAM_Emphasis_MIP                            2
CPXPARAM_MIP_Tolerances_Integrality              0
Tried aggregator 3 times.
MIP Presolve eliminated 636 rows and 1298 columns.
MIP Presolve modified 734 coefficients.
Aggregator did 30 substitutions.
Reduced MIP has 5465 rows, 387 columns, and 160284 nonzeros.
Reduced MIP has 378 binaries, 0 generals, 0 SOSs, and 0 indicators.
Presolve time = 0.16 sec. (547.40 ticks)
Found incumbent of value 552.476300 after 0.21 sec. (637.93 ticks)
Probing fixed 73 vars, tightened 0 bounds.
Probing changed sense of 16 constraints.
Probing time = 0.03 sec. (15.32 ticks)
Tried aggregator 2 times.
MIP Presolve eliminated 115 rows and 84 columns.
MIP Presolve modified 122 coefficients.
Aggregator did 2 substitutions.
Reduced MIP has 5348 rows, 301 columns, and 159555 nonzeros.
Reduced MIP has 293 binaries, 0 generals, 0 SOSs, and 0 indicators.
Presolve time = 0.13 sec. (345.02 ticks)
Probing changed sense of 25 constraints.
Probing time = 0.20 sec. (14.03 ticks)
Tried aggregator 1 time.
MIP Presolve eliminated 73 rows and 66 columns.
MIP Presolve modified 25 coefficients.
Reduced MIP has 5274 rows, 235 columns, and 159235 nonzeros.
Reduced MIP has 227 binaries, 0 generals, 0 SOSs, and 0 indicators.
Presolve time = 0.05 sec. (130.45 ticks)
Probing time = 0.01 sec. (10.39 ticks)
Tried aggregator 1 time.
Detecting symmetries...
Reduced MIP has 5274 rows, 235 columns, and 159235 nonzeros.
Reduced MIP has 227 binaries, 0 generals, 0 SOSs, and 0 indicators.
Presolve time = 0.03 sec. (84.62 ticks)
Probing time = 0.01 sec. (10.97 ticks)
Clique table members: 12076.
MIP emphasis: optimality.
MIP search method: dynamic search.
Parallel mode: deterministic, using up to 20 threads.
Root relaxation solution time = 0.02 sec. (37.30 ticks)

        Nodes                                         Cuts/
   Node  Left     Objective  IInf  Best Integer    Best Bound    ItCnt     Gap

*     0+    0                          552.4763        0.0000           100.00%
      0     0      236.0166    56      552.4763      236.0166      266   57.28%
*     0+    0                          264.6880      236.0166            10.83%
      0     0      243.6485    77      264.6880      Cuts: 78      360    7.95%
*     0+    0                          248.9918      243.6485             2.15%
      0     0        cutoff            248.9918      248.9918      408    0.00%
Elapsed time = 1.00 sec. (2056.81 ticks, tree = 0.01 MB, solutions = 3)

Clique cuts applied:  27
Implied bound cuts applied:  7
Mixed integer rounding cuts applied:  1
Zero-half cuts applied:  5
Gomory fractional cuts applied:  9

Root node processing (before b&c):
  Real time             =    1.00 sec. (2057.34 ticks)
Parallel b&c, 20 threads:
  Real time             =    0.00 sec. (0.00 ticks)
  Sync time (average)   =    0.00 sec.
  Wait time (average)   =    0.00 sec.
                          ------------
Total (root+branch&cut) =    1.00 sec. (2057.34 ticks)
Truck arcs:
0 6
4 5
5 10
6 4
7 11
8 7
9 8
10 9
customer 1 is served by drone
start of this sortie: 6
end of this sortie: 4

customer 2 is served by drone
start of this sortie: 10
end of this sortie: 9

customer 3 is served by drone
start of this sortie: 4
end of this sortie: 5

248.992
In write mode
