Instance name: /home/cuong/CLionProjects/uMV-FSTSP/50_dis_rand_ins/v85
Write arg val: 1

drone speed: 1 miles/minute
uav non-eligible customer: 4 11 
Printing tau:
0 3.49127 64.8617 39.9629 39.8028 43.2806 28.0713 48.6267 72.9142 82.0231 98.721 0 
3.49127 0 68.353 43.4542 43.2941 46.7718 31.5626 50.4413 74.7287 85.5144 102.212 3.49127 
64.8617 68.353 0 24.8988 43.0588 45.8545 44.2288 84.2872 108.575 49.7311 53.4664 64.8617 
39.9629 43.4542 24.8988 0 37.4131 40.2088 38.5831 78.6414 102.929 44.0853 58.7581 39.9629 
39.8028 43.2941 43.0588 37.4131 0 3.47774 11.7315 41.2284 65.5158 42.2203 58.9181 39.8028 
43.2806 46.7718 45.8545 40.2088 3.47774 0 15.2093 38.4326 62.7201 38.7426 55.4404 43.2806 
28.0713 31.5626 44.2288 38.5831 11.7315 15.2093 0 40.0583 64.3458 53.9518 70.6497 28.0713 
48.6267 50.4413 84.2872 78.6414 41.2284 38.4326 40.0583 0 24.2875 39.0739 55.7718 48.6267 
72.9142 74.7287 108.575 102.929 65.5158 62.7201 64.3458 24.2875 0 58.8435 55.1082 72.9142 
82.0231 85.5144 49.7311 44.0853 42.2203 38.7426 53.9518 39.0739 58.8435 0 16.6978 82.0231 
98.721 102.212 53.4664 58.7581 58.9181 55.4404 70.6497 55.7718 55.1082 16.6978 0 98.721 
0 0 0 0 0 0 0 0 0 0 0 0 
Printing tau_prime:
0 0.556447 10.4678 7.06812 5.72538 6.28828 4.1507 9.17517 12.1071 11.7693 14.1865 0 
0.556447 0 10.7867 7.326 6.2598 6.82907 4.69894 9.69643 12.5877 12.3004 14.7189 0.556447 
10.4678 10.7867 0 3.61061 7.04558 7.16713 8.136 12.3162 15.6131 7.44002 8.94998 10.4678 
7.06812 7.326 3.61061 0 5.29105 5.7057 5.70975 11.1296 14.5728 8.61694 10.7138 7.06812 
5.72538 6.2598 7.04558 5.29105 0 0.631042 1.66732 5.84752 9.29293 6.04495 8.46128 5.72538 
6.28828 6.82907 7.16713 5.7057 0.631042 0 2.16317 5.4354 8.87278 5.50639 7.91401 6.28828 
4.1507 4.69894 8.136 5.70975 1.66732 2.16317 0 6.04321 9.40461 7.66952 10.0764 4.1507 
9.17517 9.69643 12.3162 11.1296 5.84752 5.4354 6.04321 0 3.44541 7.37685 9.01156 9.17517 
12.1071 12.5877 15.6131 14.5728 9.29293 8.87278 9.40461 3.44541 0 9.84221 10.8974 12.1071 
11.7693 12.3004 7.44002 8.61694 6.04495 5.50639 7.66952 7.37685 9.84221 0 2.41979 11.7693 
14.1865 14.7189 8.94998 10.7138 8.46128 7.91401 10.0764 9.01156 10.8974 2.41979 0 14.1865 
0 0 0 0 0 0 0 0 0 0 0 0 
Printing number of nodes: 11

Version identifier: 22.1.1.0 | 2022-11-28 | 9160aff4d
CPXPARAM_ClockType                               0
CPXPARAM_Emphasis_MIP                            2
CPXPARAM_MIP_Tolerances_Integrality              0
Tried aggregator 4 times.
MIP Presolve eliminated 573 rows and 1254 columns.
MIP Presolve modified 675 coefficients.
Aggregator did 56 substitutions.
Reduced MIP has 5502 rows, 405 columns, and 160497 nonzeros.
Reduced MIP has 396 binaries, 0 generals, 0 SOSs, and 0 indicators.
Presolve time = 0.14 sec. (536.34 ticks)
Found incumbent of value 507.443370 after 0.18 sec. (627.37 ticks)
Probing fixed 61 vars, tightened 0 bounds.
Probing changed sense of 25 constraints.
Probing time = 0.02 sec. (16.24 ticks)
Cover probing fixed 8 vars, tightened 0 bounds.
Tried aggregator 2 times.
MIP Presolve eliminated 139 rows and 92 columns.
MIP Presolve modified 139 coefficients.
Aggregator did 2 substitutions.
Reduced MIP has 5361 rows, 311 columns, and 159674 nonzeros.
Reduced MIP has 302 binaries, 0 generals, 0 SOSs, and 0 indicators.
Presolve time = 0.12 sec. (325.01 ticks)
Probing fixed 3 vars, tightened 0 bounds.
Probing changed sense of 24 constraints.
Probing time = 0.01 sec. (16.09 ticks)
Tried aggregator 1 time.
Detecting symmetries...
MIP Presolve eliminated 71 rows and 57 columns.
MIP Presolve modified 62 coefficients.
Reduced MIP has 5288 rows, 254 columns, and 159345 nonzeros.
Reduced MIP has 245 binaries, 0 generals, 0 SOSs, and 0 indicators.
Presolve time = 0.06 sec. (143.83 ticks)
Probing time = 0.01 sec. (10.91 ticks)
Clique table members: 13104.
MIP emphasis: optimality.
MIP search method: dynamic search.
Parallel mode: deterministic, using up to 20 threads.
Root relaxation solution time = 0.04 sec. (40.62 ticks)

        Nodes                                         Cuts/
   Node  Left     Objective  IInf  Best Integer    Best Bound    ItCnt     Gap

*     0+    0                          507.4434       -4.0000           100.79%
      0     0      192.8801    66      507.4434      192.8801      225   61.99%
*     0+    0                          227.2207      192.8801            15.11%
      0     0      203.2650    84      227.2207      Cuts: 71      337    3.16%
      0     0      204.8390    79      227.2207      Cuts: 19      384    3.16%
      0     0      206.7173    89      227.2207      Cuts: 15      421    1.33%
*     0+    0                          225.1957      224.1901             0.45%
      0     0        cutoff            225.1957      225.1957      465    0.00%
Elapsed time = 0.70 sec. (1819.60 ticks, tree = 0.01 MB, solutions = 3)

GUB cover cuts applied:  1
Clique cuts applied:  15
Implied bound cuts applied:  4
Flow cuts applied:  1
Zero-half cuts applied:  13
Gomory fractional cuts applied:  6

Root node processing (before b&c):
  Real time             =    0.70 sec. (1820.13 ticks)
Parallel b&c, 20 threads:
  Real time             =    0.00 sec. (0.00 ticks)
  Sync time (average)   =    0.00 sec.
  Wait time (average)   =    0.00 sec.
                          ------------
Total (root+branch&cut) =    0.70 sec. (1820.13 ticks)
Truck arcs:
0 6
1 11
3 1
4 5
5 9
6 4
9 10
10 3
customer 2 is served by drone
start of this sortie: 9
end of this sortie: 10

customer 7 is served by drone
start of this sortie: 4
end of this sortie: 5

customer 8 is served by drone
start of this sortie: 6
end of this sortie: 4

225.196
In write mode
