Instance name: /home/cuong/CLionProjects/uMV-FSTSP/50_dis_rand_ins/v87
Write arg val: 1

drone speed: 1 miles/minute
uav non-eligible customer: 5 11 
Printing tau:
0 11.6313 46.9048 32.6465 38.2102 39.3575 37.374 55.3936 48.8024 72.5204 84.6356 0 
11.6313 0 58.5361 35.5942 31.3018 32.4491 30.4657 43.7623 37.171 65.612 77.7272 11.6313 
46.9048 58.5361 0 22.9419 62.2401 47.587 74.0311 102.298 95.7071 68.2515 50.1336 46.9048 
32.6465 35.5942 22.9419 0 39.2981 24.645 51.0892 79.3565 72.7652 45.3096 51.989 32.6465 
38.2102 31.3018 62.2401 39.2981 0 14.6531 11.791 40.0583 33.4671 34.3102 46.4254 38.2102 
39.3575 32.4491 47.587 24.645 14.6531 0 26.4441 54.7114 48.1202 33.1629 45.2781 39.3575 
37.374 30.4657 74.0311 51.0892 11.791 26.4441 0 28.2673 21.6761 35.1464 47.2615 37.374 
55.3936 43.7623 102.298 79.3565 40.0583 54.7114 28.2673 0 17.1263 48.5236 60.6387 55.3936 
48.8024 37.171 95.7071 72.7652 33.4671 48.1202 21.6761 17.1263 0 31.3973 49.2651 48.8024 
72.5204 65.612 68.2515 45.3096 34.3102 33.1629 35.1464 48.5236 31.3973 0 21.8095 72.5204 
84.6356 77.7272 50.1336 51.989 46.4254 45.2781 47.2615 60.6387 49.2651 21.8095 0 84.6356 
0 0 0 0 0 0 0 0 0 0 0 0 
Printing tau_prime:
0 1.91318 8.23461 5.72715 5.8227 5.56682 6.53094 8.53733 9.02528 10.691 11.9695 0 
1.91318 0 9.15192 6.21192 4.45763 4.84319 4.83374 6.64402 7.1447 9.38011 11.1246 1.91318 
8.23461 9.15192 0 3.25507 8.81768 6.76476 10.4775 14.5433 13.5674 11.0487 9.66462 8.23461 
5.72715 6.21192 3.25507 0 5.61302 3.61224 7.25597 11.2892 10.3601 8.53567 8.0686 5.72715 
5.8227 4.45763 8.81768 5.61302 0 2.0786 1.67169 6.01114 4.75085 4.92611 6.93526 5.8227 
5.56682 4.84319 6.76476 3.61224 2.0786 0 3.75027 8.03653 6.8098 5.52594 6.40534 5.56682 
6.53094 4.83374 10.4775 7.25597 1.67169 3.75027 0 4.42265 3.11097 5.0372 7.73926 6.53094 
8.53733 6.64402 14.5433 11.2892 6.01114 8.03653 4.42265 0 2.5952 8.38299 11.6593 8.53733 
9.02528 7.1447 13.5674 10.3601 4.75085 6.8098 3.11097 2.5952 0 5.89848 9.29558 9.02528 
10.691 9.38011 11.0487 8.53567 4.92611 5.52594 5.0372 8.38299 5.89848 0 3.52826 10.691 
11.9695 11.1246 9.66462 8.0686 6.93526 6.40534 7.73926 11.6593 9.29558 3.52826 0 11.9695 
0 0 0 0 0 0 0 0 0 0 0 0 
Printing number of nodes: 11

Version identifier: 22.1.1.0 | 2022-11-28 | 9160aff4d
CPXPARAM_ClockType                               0
CPXPARAM_Emphasis_MIP                            2
CPXPARAM_MIP_Tolerances_Integrality              0
Tried aggregator 3 times.
MIP Presolve eliminated 565 rows and 1261 columns.
MIP Presolve modified 746 coefficients.
Aggregator did 53 substitutions.
Reduced MIP has 5513 rows, 401 columns, and 160512 nonzeros.
Reduced MIP has 392 binaries, 0 generals, 0 SOSs, and 0 indicators.
Presolve time = 0.12 sec. (444.18 ticks)
Found incumbent of value 531.320700 after 0.17 sec. (535.91 ticks)
Probing fixed 66 vars, tightened 0 bounds.
Probing changed sense of 26 constraints.
Probing time = 0.18 sec. (16.06 ticks)
Cover probing fixed 11 vars, tightened 0 bounds.
Tried aggregator 2 times.
MIP Presolve eliminated 147 rows and 97 columns.
MIP Presolve modified 143 coefficients.
Aggregator did 4 substitutions.
Reduced MIP has 5361 rows, 300 columns, and 159592 nonzeros.
Reduced MIP has 291 binaries, 0 generals, 0 SOSs, and 0 indicators.
Presolve time = 0.11 sec. (304.50 ticks)
Probing fixed 6 vars, tightened 0 bounds.
Probing changed sense of 32 constraints.
Probing time = 0.39 sec. (15.14 ticks)
Tried aggregator 1 time.
MIP Presolve eliminated 108 rows and 99 columns.
MIP Presolve modified 41 coefficients.
Reduced MIP has 5253 rows, 201 columns, and 159084 nonzeros.
Reduced MIP has 195 binaries, 0 generals, 0 SOSs, and 0 indicators.
Presolve time = 0.08 sec. (188.57 ticks)
Probing time = 0.20 sec. (8.30 ticks)
Tried aggregator 1 time.
Detecting symmetries...
Reduced MIP has 5253 rows, 201 columns, and 159084 nonzeros.
Reduced MIP has 195 binaries, 0 generals, 0 SOSs, and 0 indicators.
Presolve time = 0.03 sec. (84.63 ticks)
Probing time = 0.04 sec. (10.18 ticks)
Clique table members: 7110.
MIP emphasis: optimality.
MIP search method: dynamic search.
Parallel mode: deterministic, using up to 20 threads.
Root relaxation solution time = 0.02 sec. (32.34 ticks)

        Nodes                                         Cuts/
   Node  Left     Objective  IInf  Best Integer    Best Bound    ItCnt     Gap

*     0+    0                          531.3207       -5.0000           100.94%
*     0     0      integral     0      171.1181      171.1181      117    0.00%
Elapsed time = 1.27 sec. (1257.18 ticks, tree = 0.00 MB, solutions = 2)

Root node processing (before b&c):
  Real time             =    1.27 sec. (1257.72 ticks)
Parallel b&c, 20 threads:
  Real time             =    0.00 sec. (0.00 ticks)
  Sync time (average)   =    0.00 sec.
  Wait time (average)   =    0.00 sec.
                          ------------
Total (root+branch&cut) =    1.27 sec. (1257.72 ticks)
Truck arcs:
0 1
1 8
4 5
5 11
6 4
7 6
8 7
customer 2 is served by drone
start of this sortie: 4
end of this sortie: 5

customer 3 is served by drone
start of this sortie: 0
end of this sortie: 1

customer 9 is served by drone
start of this sortie: 8
end of this sortie: 7

customer 10 is served by drone
start of this sortie: 6
end of this sortie: 4

171.118
In write mode
