Instance name: /home/cuong/CLionProjects/uMV-FSTSP/50_dis_rand_ins/v88
Write arg val: 1

drone speed: 1 miles/minute
uav non-eligible customer: 6 11 
Printing tau:
0 7.40706 42.2551 35.6041 25.4518 45.7003 19.0386 67.5273 39.8837 75.6913 86.7387 0 
7.40706 0 49.6621 29.911 32.8589 53.1073 26.4456 73.2205 45.5768 83.0984 94.1458 7.40706 
42.2551 49.6621 0 26.0759 26.6308 43.4578 46.0396 98.7255 71.0819 33.4363 46.6628 42.2551 
35.6041 29.911 26.0759 0 31.0367 47.8637 50.4455 103.131 75.4878 59.5121 70.5595 35.6041 
25.4518 32.8589 26.6308 31.0367 0 20.2485 19.4088 72.0947 44.4511 50.2395 61.2869 25.4518 
45.7003 53.1073 43.4578 47.8637 20.2485 0 26.6617 55.2677 27.624 29.9911 41.0385 45.7003 
19.0386 26.4456 46.0396 50.4455 19.4088 26.6617 0 52.6859 25.0423 56.6528 67.7002 19.0386 
67.5273 73.2205 98.7255 103.131 72.0947 55.2677 52.6859 0 27.6437 73.5789 58.3172 67.5273 
39.8837 45.5768 71.0819 75.4878 44.4511 27.624 25.0423 27.6437 0 45.9352 54.6921 39.8837 
75.6913 83.0984 33.4363 59.5121 50.2395 29.9911 56.6528 73.5789 45.9352 0 21.5162 75.6913 
86.7387 94.1458 46.6628 70.5595 61.2869 41.0385 67.7002 58.3172 54.6921 21.5162 0 86.7387 
0 0 0 0 0 0 0 0 0 0 0 0 
Printing tau_prime:
0 1.32118 7.42808 5.53068 3.65693 6.69151 3.4139 10.3612 7.2356 10.7385 12.4601 0 
1.32118 0 7.89536 5.38698 4.64967 7.92804 4.73506 11.5282 8.52507 11.752 13.6463 1.32118 
7.42808 7.89536 0 3.73995 4.4532 6.16515 7.29198 14.0983 10.1556 5.91665 9.11725 7.42808 
5.53068 5.38698 3.73995 0 4.58096 7.9529 7.14552 14.6874 10.9089 9.39686 12.318 5.53068 
3.65693 4.64967 4.4532 4.58096 0 3.7233 2.89078 10.2044 6.35514 7.10804 9.11852 3.65693 
6.69151 7.92804 6.16515 7.9529 3.7233 0 3.78817 8.18911 4.35777 4.96943 5.82139 6.69151 
3.4139 4.73506 7.29198 7.14552 2.89078 3.78817 0 7.56816 3.99081 8.53938 9.57466 3.4139 
10.3612 11.5282 14.0983 14.6874 10.2044 8.18911 7.56816 0 3.94287 12.3679 11.0557 10.3612 
7.2356 8.52507 10.1556 10.9089 6.35514 4.35777 3.99081 3.94287 0 8.96092 8.47055 7.2356 
10.7385 11.752 5.91665 9.39686 7.10804 4.96943 8.53938 12.3679 8.96092 0 3.4205 10.7385 
12.4601 13.6463 9.11725 12.318 9.11852 5.82139 9.57466 11.0557 8.47055 3.4205 0 12.4601 
0 0 0 0 0 0 0 0 0 0 0 0 
Printing number of nodes: 11

Version identifier: 22.1.1.0 | 2022-11-28 | 9160aff4d
CPXPARAM_ClockType                               0
CPXPARAM_Emphasis_MIP                            2
CPXPARAM_MIP_Tolerances_Integrality              0
Tried aggregator 2 times.
MIP Presolve eliminated 669 rows and 1341 columns.
MIP Presolve added 18 rows and 0 columns.
MIP Presolve modified 462 coefficients.
Aggregator did 92 substitutions.
Reduced MIP has 5388 rows, 282 columns, and 159715 nonzeros.
Reduced MIP has 277 binaries, 0 generals, 0 SOSs, and 0 indicators.
Presolve time = 0.10 sec. (328.12 ticks)
Found incumbent of value 435.545860 after 0.15 sec. (417.36 ticks)
Probing fixed 122 vars, tightened 0 bounds.
Probing changed sense of 7 constraints.
Probing time = 0.08 sec. (8.77 ticks)
Tried aggregator 2 times.
MIP Presolve eliminated 1783 rows and 122 columns.
MIP Presolve modified 73 coefficients.
Aggregator did 2 substitutions.
Reduced MIP has 3603 rows, 158 columns, and 99564 nonzeros.
Reduced MIP has 153 binaries, 0 generals, 0 SOSs, and 0 indicators.
Presolve time = 0.04 sec. (122.20 ticks)
Probing changed sense of 10 constraints.
Probing time = 0.01 sec. (16.45 ticks)
Tried aggregator 1 time.
Detecting symmetries...
MIP Presolve eliminated 38 rows and 20 columns.
Reduced MIP has 3565 rows, 138 columns, and 99434 nonzeros.
Reduced MIP has 133 binaries, 0 generals, 0 SOSs, and 0 indicators.
Presolve time = 0.03 sec. (93.11 ticks)
Probing time = 0.00 sec. (9.26 ticks)
Clique table members: 1464.
MIP emphasis: optimality.
MIP search method: dynamic search.
Parallel mode: deterministic, using up to 20 threads.
Root relaxation solution time = 0.01 sec. (19.96 ticks)

        Nodes                                         Cuts/
   Node  Left     Objective  IInf  Best Integer    Best Bound    ItCnt     Gap

*     0+    0                          435.5459        9.8141            97.75%
      0     0      269.5705    30      435.5459      269.5705       76   38.11%
*     0     0      integral     0      279.0687      Cuts: 23       90    0.00%
      0     0        cutoff            279.0687      279.0687       90    0.00%
Elapsed time = 0.38 sec. (805.56 ticks, tree = 0.01 MB, solutions = 2)

Clique cuts applied:  10
Zero-half cuts applied:  1
Gomory fractional cuts applied:  5

Root node processing (before b&c):
  Real time             =    0.38 sec. (805.93 ticks)
Parallel b&c, 20 threads:
  Real time             =    0.00 sec. (0.00 ticks)
  Sync time (average)   =    0.00 sec.
  Wait time (average)   =    0.00 sec.
                          ------------
Total (root+branch&cut) =    0.38 sec. (805.93 ticks)
Truck arcs:
0 1
1 3
3 4
4 5
5 9
6 11
7 8
8 6
9 10
10 7
customer 2 is served by drone
start of this sortie: 0
end of this sortie: 1

279.069
In write mode
