Instance name: /home/cuong/CLionProjects/uMV-FSTSP/50_dis_rand_ins/v89
Write arg val: 1

drone speed: 1 miles/minute
uav non-eligible customer: 11 
Printing tau:
0 2.68886 39.0328 46.035 20.9431 43.5976 55.9248 50.1844 48.3021 97.1137 72.472 0 
2.68886 0 36.3439 46.7792 21.6874 44.3419 56.6691 50.9287 50.991 97.8579 73.2163 2.68886 
39.0328 36.3439 0 14.4148 34.3035 38.7258 36.7839 77.6351 87.3349 65.4935 40.8519 39.0328 
46.035 46.7792 14.4148 0 36.8023 41.2246 39.2827 80.1339 89.8337 51.0787 41.1859 46.035 
20.9431 21.6874 34.3035 36.8023 0 22.6545 34.9817 43.3315 53.0313 76.1705 51.5288 20.9431 
43.5976 44.3419 38.7258 41.2246 22.6545 0 12.3272 38.9093 48.609 53.516 28.8743 43.5976 
55.9248 56.6691 36.7839 39.2827 34.9817 12.3272 0 40.8511 50.5509 41.1888 16.5471 55.9248 
50.1844 50.9287 77.6351 80.1339 43.3315 38.9093 40.8511 0 25.5793 46.9292 38.948 50.1844 
48.3021 50.991 87.3349 89.8337 53.0313 48.609 50.5509 25.5793 0 72.5085 48.6478 48.3021 
97.1137 97.8579 65.4935 51.0787 76.1705 53.516 41.1888 46.9292 72.5085 0 24.6417 97.1137 
72.472 73.2163 40.8519 41.1859 51.5288 28.8743 16.5471 38.948 48.6478 24.6417 0 72.472 
0 0 0 0 0 0 0 0 0 0 0 0 
Printing tau_prime:
0 0.394561 7.10407 8.76822 3.03638 6.16579 7.91536 8.9539 7.66617 13.7457 10.2492 0 
0.394561 0 6.88234 8.5989 3.08061 6.27993 8.01446 9.27221 8.05316 13.8717 10.3596 0.394561 
7.10407 6.88234 0 2.06897 5.08081 5.73263 6.23503 11.2888 12.3908 11.0839 7.95684 7.10407 
8.76822 8.5989 2.06897 0 6.29922 5.84022 5.72878 11.3478 13.0609 9.67848 6.92126 8.76822 
3.03638 3.08061 5.08081 6.29922 0 3.2643 4.95958 7.3928 7.51762 10.8429 7.3136 3.03638 
6.16579 6.27993 5.73263 5.84022 3.2643 0 1.76483 5.58089 7.38045 7.59296 4.08345 6.16579 
7.91536 8.01446 6.23503 5.72878 4.95958 1.76483 0 5.83398 8.4099 5.89198 2.35555 7.91536 
8.9539 9.27221 11.2888 11.3478 7.3928 5.58089 5.83398 0 3.86881 8.24444 6.34615 8.9539 
7.66617 8.05316 12.3908 13.0609 7.51762 7.38045 8.4099 3.86881 0 12.0156 9.65178 7.66617 
13.7457 13.8717 11.0839 9.67848 10.8429 7.59296 5.89198 8.24444 12.0156 0 3.53904 13.7457 
10.2492 10.3596 7.95684 6.92126 7.3136 4.08345 2.35555 6.34615 9.65178 3.53904 0 10.2492 
0 0 0 0 0 0 0 0 0 0 0 0 
Printing number of nodes: 11

Version identifier: 22.1.1.0 | 2022-11-28 | 9160aff4d
CPXPARAM_ClockType                               0
CPXPARAM_Emphasis_MIP                            2
CPXPARAM_MIP_Tolerances_Integrality              0
Tried aggregator 2 times.
MIP Presolve eliminated 375 rows and 1225 columns.
MIP Presolve modified 743 coefficients.
Aggregator did 65 substitutions.
Reduced MIP has 5547 rows, 425 columns, and 163002 nonzeros.
Reduced MIP has 415 binaries, 0 generals, 0 SOSs, and 0 indicators.
Presolve time = 0.12 sec. (391.35 ticks)
Found incumbent of value 490.637860 after 0.16 sec. (484.64 ticks)
Probing fixed 63 vars, tightened 0 bounds.
Probing changed sense of 8 constraints.
Probing time = 0.05 sec. (15.72 ticks)
Cover probing fixed 10 vars, tightened 0 bounds.
Tried aggregator 2 times.
MIP Presolve eliminated 133 rows and 83 columns.
MIP Presolve modified 112 coefficients.
Aggregator did 1 substitutions.
Reduced MIP has 5413 rows, 341 columns, and 162174 nonzeros.
Reduced MIP has 331 binaries, 0 generals, 0 SOSs, and 0 indicators.
Presolve time = 0.07 sec. (189.97 ticks)
Probing fixed 6 vars, tightened 0 bounds.
Probing changed sense of 33 constraints.
Probing time = 0.01 sec. (17.51 ticks)
Tried aggregator 1 time.
MIP Presolve eliminated 117 rows and 108 columns.
MIP Presolve modified 91 coefficients.
Reduced MIP has 5294 rows, 233 columns, and 161640 nonzeros.
Reduced MIP has 226 binaries, 0 generals, 0 SOSs, and 0 indicators.
Presolve time = 0.09 sec. (201.21 ticks)
Probing time = 0.02 sec. (10.21 ticks)
Tried aggregator 1 time.
Detecting symmetries...
Reduced MIP has 5294 rows, 233 columns, and 161640 nonzeros.
Reduced MIP has 226 binaries, 0 generals, 0 SOSs, and 0 indicators.
Presolve time = 0.04 sec. (86.84 ticks)
Probing time = 0.12 sec. (10.73 ticks)
Clique table members: 10778.
MIP emphasis: optimality.
MIP search method: dynamic search.
Parallel mode: deterministic, using up to 20 threads.
Root relaxation solution time = 0.06 sec. (37.96 ticks)

        Nodes                                         Cuts/
   Node  Left     Objective  IInf  Best Integer    Best Bound    ItCnt     Gap

*     0+    0                          490.6379       -5.0000           101.02%
*     0+    0                          361.2842       -5.0000           101.38%
      0     0      169.5744    56      361.2842      169.5744      229   53.06%
*     0+    0                          185.1358      169.5744             8.41%
      0     0        cutoff            185.1358      185.1358      280    0.00%
Elapsed time = 0.78 sec. (1301.42 ticks, tree = 0.01 MB, solutions = 3)

Clique cuts applied:  32
Implied bound cuts applied:  4
Mixed integer rounding cuts applied:  1
Zero-half cuts applied:  3
Lift and project cuts applied:  7
Gomory fractional cuts applied:  4

Root node processing (before b&c):
  Real time             =    0.78 sec. (1301.96 ticks)
Parallel b&c, 20 threads:
  Real time             =    0.00 sec. (0.00 ticks)
  Sync time (average)   =    0.00 sec.
  Wait time (average)   =    0.00 sec.
                          ------------
Total (root+branch&cut) =    0.78 sec. (1301.96 ticks)
Truck arcs:
0 1
1 2
2 3
4 11
5 4
6 5
10 6
customer 8 is served by drone
start of this sortie: 0
end of this sortie: 1

customer 9 is served by drone
start of this sortie: 10
end of this sortie: 6

185.136
In write mode
