Instance name: /home/cuong/CLionProjects/uMV-FSTSP/50_dis_rand_ins/v91
Write arg val: 1

drone speed: 1 miles/minute
uav non-eligible customer: 6 11 
Printing tau:
0 28.7128 37.2944 47.7378 24.9825 12.0526 18.0326 35.2287 38.8277 70.2215 62.573 0 
28.7128 0 52.4461 69.8502 53.6953 40.7655 46.7455 63.9416 60.2767 98.9344 91.2858 28.7128 
37.2944 52.4461 0 17.4042 42.2506 37.0689 34.767 63.0131 76.1221 48.3522 38.8398 37.2944 
47.7378 69.8502 17.4042 0 52.6939 47.5123 45.2103 73.4565 86.5655 58.7955 48.3246 47.7378 
24.9825 53.6953 42.2506 52.6939 0 12.9298 7.4836 20.7625 33.8715 45.2391 37.5905 24.9825 
12.0526 40.7655 37.0689 47.5123 12.9298 0 5.98001 25.9442 39.0532 58.1689 50.5204 12.0526 
18.0326 46.7455 34.767 45.2103 7.4836 5.98001 0 28.2461 41.3551 52.1889 44.5404 18.0326 
35.2287 63.9416 63.0131 73.4565 20.7625 25.9442 28.2461 0 13.109 34.9928 27.3443 35.2287 
38.8277 60.2767 76.1221 86.5655 33.8715 39.0532 41.3551 13.109 0 38.6577 38.2409 38.8277 
70.2215 98.9344 48.3522 58.7955 45.2391 58.1689 52.1889 34.9928 38.6577 0 10.471 70.2215 
62.573 91.2858 38.8398 48.3246 37.5905 50.5204 44.5404 27.3443 38.2409 10.471 0 62.573 
0 0 0 0 0 0 0 0 0 0 0 0 
Printing tau_prime:
0 4.09559 6.25162 8.91199 3.60191 1.70479 2.57512 6.16849 7.07653 10.0532 8.84954 0 
4.09559 0 9.42067 12.2742 7.59549 5.79283 6.67066 9.56029 9.86086 14.0293 12.9176 4.09559 
6.25162 9.42067 0 2.87043 5.97774 5.49644 4.98245 9.05847 10.8221 9.48588 7.6727 6.25162 
8.91199 12.2742 2.87043 0 7.7944 7.87825 7.18025 10.4219 12.3168 9.27664 7.47629 8.91199 
3.60191 7.59549 5.97774 7.7944 0 1.96992 1.44433 3.27435 4.87975 6.4557 5.35189 3.60191 
1.70479 5.79283 5.49644 7.87825 1.96992 0 0.906196 4.91982 6.17388 8.37966 7.14558 1.70479 
2.57512 6.67066 4.98245 7.18025 1.44433 0.906196 0 4.67664 6.1536 7.62658 6.31434 2.57512 
6.16849 9.56029 9.05847 10.4219 3.27435 4.91982 4.67664 0 1.92498 5.36552 5.25228 6.16849 
7.07653 9.86086 10.8221 12.3168 4.87975 6.17388 6.1536 1.92498 0 6.7314 6.96266 7.07653 
10.0532 14.0293 9.48588 9.27664 6.4557 8.37966 7.62658 5.36552 6.7314 0 1.8338 10.0532 
8.84954 12.9176 7.6727 7.47629 5.35189 7.14558 6.31434 5.25228 6.96266 1.8338 0 8.84954 
0 0 0 0 0 0 0 0 0 0 0 0 
Printing number of nodes: 11

Version identifier: 22.1.1.0 | 2022-11-28 | 9160aff4d
CPXPARAM_ClockType                               0
CPXPARAM_Emphasis_MIP                            2
CPXPARAM_MIP_Tolerances_Integrality              0
Tried aggregator 2 times.
MIP Presolve eliminated 526 rows and 1168 columns.
MIP Presolve modified 867 coefficients.
Aggregator did 23 substitutions.
Reduced MIP has 5582 rows, 524 columns, and 161172 nonzeros.
Reduced MIP has 515 binaries, 0 generals, 0 SOSs, and 0 indicators.
Presolve time = 0.12 sec. (447.64 ticks)
Found incumbent of value 540.975700 after 0.18 sec. (569.66 ticks)
Probing fixed 84 vars, tightened 0 bounds.
Probing changed sense of 18 constraints.
Probing time = 0.03 sec. (20.34 ticks)
Tried aggregator 2 times.
MIP Presolve eliminated 123 rows and 114 columns.
MIP Presolve modified 172 coefficients.
Aggregator did 2 substitutions.
Reduced MIP has 5456 rows, 408 columns, and 160346 nonzeros.
Reduced MIP has 399 binaries, 0 generals, 0 SOSs, and 0 indicators.
Presolve time = 0.11 sec. (286.34 ticks)
Probing changed sense of 2 constraints.
Probing time = 0.02 sec. (16.68 ticks)
Tried aggregator 1 time.
Detecting symmetries...
MIP Presolve eliminated 49 rows and 68 columns.
MIP Presolve modified 95 coefficients.
Reduced MIP has 5406 rows, 340 columns, and 160113 nonzeros.
Reduced MIP has 331 binaries, 0 generals, 0 SOSs, and 0 indicators.
Presolve time = 0.09 sec. (247.97 ticks)
Probing time = 0.01 sec. (11.98 ticks)
Clique table members: 21456.
MIP emphasis: optimality.
MIP search method: dynamic search.
Parallel mode: deterministic, using up to 20 threads.
Root relaxation solution time = 0.05 sec. (68.39 ticks)

        Nodes                                         Cuts/
   Node  Left     Objective  IInf  Best Integer    Best Bound    ItCnt     Gap

*     0+    0                          540.9757       15.1052            97.21%
      0     0      117.1446   110      540.9757      117.1446      665   78.35%
*     0+    0                          503.2275      117.1446            76.72%
      0     0      127.4239   121      503.2275     Cuts: 123      906   74.68%
*     0+    0                          168.6383      127.4239            24.44%
      0     0      128.6983   117      168.6383      Cuts: 39     1017   16.84%
      0     0      130.7157   113      168.6383      Cuts: 50     1130   16.84%
*     0+    0                          162.9300      140.2464            13.92%
      0     0      130.8364   124      162.9300      Cuts: 36     1178   12.86%
      0     0      130.9555   135      162.9300      Cuts: 13     1204   12.86%
Detecting symmetries...
*     0+    0                          161.3776      141.9750            12.02%
Detecting symmetries...
      0     2      130.9555   135      161.3776      154.8121     1204    4.07%
Elapsed time = 1.28 sec. (2775.43 ticks, tree = 0.02 MB, solutions = 5)
*    30    10      integral     0      160.2670      154.8121     2413    3.40%
     90    15    infeasible            160.2670      154.8121     4147    3.40%

GUB cover cuts applied:  3
Clique cuts applied:  55
Cover cuts applied:  1
Implied bound cuts applied:  20
Mixed integer rounding cuts applied:  2
Zero-half cuts applied:  6
Lift and project cuts applied:  1
Gomory fractional cuts applied:  4

Root node processing (before b&c):
  Real time             =    1.18 sec. (2758.74 ticks)
Parallel b&c, 20 threads:
  Real time             =    0.73 sec. (357.09 ticks)
  Sync time (average)   =    0.56 sec.
  Wait time (average)   =    0.00 sec.
                          ------------
Total (root+branch&cut) =    1.90 sec. (3115.82 ticks)
Truck arcs:
0 6
4 10
5 11
6 4
7 5
9 7
10 9
customer 1 is served by drone
start of this sortie: 5
end of this sortie: 11

customer 2 is served by drone
start of this sortie: 6
end of this sortie: 4

customer 3 is served by drone
start of this sortie: 0
end of this sortie: 6

customer 8 is served by drone
start of this sortie: 10
end of this sortie: 9

160.267
In write mode
