Instance name: /home/cuong/CLionProjects/uMV-FSTSP/50_dis_rand_ins/v97
Write arg val: 1

drone speed: 1 miles/minute
uav non-eligible customer: 11 
Printing tau:
0 2.73303 58.8504 55.5653 51.6417 50.2833 46.6032 47.6061 61.1586 104.655 98.4435 0 
2.73303 0 56.1173 52.8322 48.9087 47.5503 43.8702 44.8731 58.4256 101.921 95.7105 2.73303 
58.8504 56.1173 0 3.28512 33.5772 37.5253 49.7978 70.6047 86.3498 45.8041 55.227 58.8504 
55.5653 52.8322 3.28512 0 34.1725 38.1205 50.3931 71.2 86.9451 49.0893 55.8223 55.5653 
51.6417 48.9087 33.5772 34.1725 0 3.94807 16.2206 37.0276 52.7726 53.0128 46.8018 51.6417 
50.2833 47.5503 37.5253 38.1205 3.94807 0 12.2725 33.0795 48.8246 54.3712 48.1602 50.2833 
46.6032 43.8702 49.7978 50.3931 16.2206 12.2725 0 20.807 36.5521 58.0513 51.8403 46.6032 
47.6061 44.8731 70.6047 71.2 37.0276 33.0795 20.807 0 15.7451 57.0484 50.8374 47.6061 
61.1586 58.4256 86.3498 86.9451 52.7726 48.8246 36.5521 15.7451 0 45.9252 37.2849 61.1586 
104.655 101.921 45.8041 49.0893 53.0128 54.3712 58.0513 57.0484 45.9252 0 14.8024 104.655 
98.4435 95.7105 55.227 55.8223 46.8018 48.1602 51.8403 50.8374 37.2849 14.8024 0 98.4435 
0 0 0 0 0 0 0 0 0 0 0 0 
Printing tau_prime:
0 0.497409 9.12874 8.74386 7.37111 7.27945 7.36709 9.17581 12.0995 14.9304 14.5019 0 
0.497409 0 8.91607 8.54572 6.95056 6.83859 6.88225 8.67955 11.6044 14.5084 14.0445 0.497409 
9.12874 8.91607 0 0.472152 4.85673 5.44342 7.25233 10.1108 12.2161 8.63964 9.61004 9.12874 
8.74386 8.54572 0.472152 0 4.86447 5.44256 7.23848 10.1319 12.3213 9.04698 9.95458 8.74386 
7.37111 6.95056 4.85673 4.86447 0 0.590466 2.40206 5.2675 7.58357 7.55942 7.29263 7.37111 
7.27945 6.83859 5.44342 5.44256 0.590466 0 1.81195 4.69344 7.07405 7.70017 7.25639 7.27945 
7.36709 6.88225 7.25233 7.23848 2.40206 1.81195 0 2.94597 5.56401 8.31602 7.37142 7.36709 
9.17581 8.67955 10.1108 10.1319 5.2675 4.69344 2.94597 0 2.93795 9.12728 7.51121 9.17581 
12.0995 11.6044 12.2161 12.3213 7.58357 7.07405 5.56401 2.93795 0 8.94541 6.86847 12.0995 
14.9304 14.5084 8.63964 9.04698 7.55942 7.70017 8.31602 9.12728 8.94541 0 2.27018 14.9304 
14.5019 14.0445 9.61004 9.95458 7.29263 7.25639 7.37142 7.51121 6.86847 2.27018 0 14.5019 
0 0 0 0 0 0 0 0 0 0 0 0 
Printing number of nodes: 11

Version identifier: 22.1.1.0 | 2022-11-28 | 9160aff4d
CPXPARAM_ClockType                               0
CPXPARAM_Emphasis_MIP                            2
CPXPARAM_MIP_Tolerances_Integrality              0
Tried aggregator 3 times.
MIP Presolve eliminated 346 rows and 1156 columns.
MIP Presolve modified 848 coefficients.
Aggregator did 35 substitutions.
Reduced MIP has 5606 rows, 524 columns, and 163551 nonzeros.
Reduced MIP has 514 binaries, 0 generals, 0 SOSs, and 0 indicators.
Presolve time = 0.11 sec. (394.67 ticks)
Found incumbent of value 574.040630 after 0.16 sec. (489.11 ticks)
Probing fixed 72 vars, tightened 0 bounds.
Probing time = 0.02 sec. (19.64 ticks)
Cover probing fixed 6 vars, tightened 0 bounds.
Tried aggregator 2 times.
MIP Presolve eliminated 94 rows and 93 columns.
MIP Presolve modified 135 coefficients.
Aggregator did 6 substitutions.
Reduced MIP has 5506 rows, 425 columns, and 162827 nonzeros.
Reduced MIP has 415 binaries, 0 generals, 0 SOSs, and 0 indicators.
Presolve time = 0.18 sec. (457.10 ticks)
Probing fixed 1 vars, tightened 0 bounds.
Probing time = 0.01 sec. (18.74 ticks)
Tried aggregator 1 time.
MIP Presolve eliminated 68 rows and 90 columns.
MIP Presolve modified 158 coefficients.
Reduced MIP has 5435 rows, 335 columns, and 162422 nonzeros.
Reduced MIP has 328 binaries, 0 generals, 0 SOSs, and 0 indicators.
Presolve time = 0.08 sec. (205.09 ticks)
Probing time = 0.04 sec. (11.42 ticks)
Tried aggregator 1 time.
Detecting symmetries...
Reduced MIP has 5435 rows, 335 columns, and 162422 nonzeros.
Reduced MIP has 328 binaries, 0 generals, 0 SOSs, and 0 indicators.
Presolve time = 0.03 sec. (88.56 ticks)
Probing time = 0.01 sec. (12.63 ticks)
Clique table members: 22097.
MIP emphasis: optimality.
MIP search method: dynamic search.
Parallel mode: deterministic, using up to 20 threads.
Root relaxation solution time = 0.05 sec. (52.98 ticks)

        Nodes                                         Cuts/
   Node  Left     Objective  IInf  Best Integer    Best Bound    ItCnt     Gap

*     0+    0                          574.0406       -3.0000           100.52%
*     0+    0                          308.2517       -3.0000           100.97%
      0     0      170.6816    88      308.2517      170.6816      547   44.63%
      0     0      182.0645   107      308.2517     Cuts: 130      769   40.94%
*     0+    0                          240.9182      182.0645            24.43%
      0     0      188.6358   120      240.9182      Cuts: 70     1016   21.70%
*     0+    0                          197.0713      188.6358             4.28%
*     0+    0                          196.0713      188.6358             3.79%
      0     0      189.5822   135      196.0713      Cuts: 38     1120    2.55%
      0     0      189.7910   135      196.0713      Cuts: 14     1189    2.55%
      0     0      189.8898   123      196.0713      Cuts: 12     1237    0.66%
Detecting symmetries...
      0     0      190.0610   116      196.0713      Cuts: 12     1269    0.66%
      0     0      190.1389   121      196.0713       Cuts: 9     1300    0.66%
      0     0        cutoff            196.0713      196.0713     1340    0.00%
Elapsed time = 1.10 sec. (2490.72 ticks, tree = 0.01 MB, solutions = 5)

Clique cuts applied:  46
Implied bound cuts applied:  17
Flow cuts applied:  1
Mixed integer rounding cuts applied:  1
Zero-half cuts applied:  16
Gomory fractional cuts applied:  2

Root node processing (before b&c):
  Real time             =    1.10 sec. (2491.29 ticks)
Parallel b&c, 20 threads:
  Real time             =    0.00 sec. (0.00 ticks)
  Sync time (average)   =    0.00 sec.
  Wait time (average)   =    0.00 sec.
                          ------------
Total (root+branch&cut) =    1.10 sec. (2491.29 ticks)
Truck arcs:
0 1
1 5
4 6
5 4
6 7
7 8
8 11
customer 2 is served by drone
start of this sortie: 5
end of this sortie: 4

customer 3 is served by drone
start of this sortie: 0
end of this sortie: 1

customer 9 is served by drone
start of this sortie: 4
end of this sortie: 6

customer 10 is served by drone
start of this sortie: 7
end of this sortie: 8

196.071
In write mode
