Instance name: /home/cuong/CLionProjects/uMV-FSTSP/50_dis_rand_ins/v98
Write arg val: 1

drone speed: 1 miles/minute
uav non-eligible customer: 4 7 11 
Printing tau:
0 29.0881 56.7212 61.7233 65.8636 58.2754 58.4167 48.824 66.1904 107.946 97.3161 0 
29.0881 0 42.4762 37.6761 36.7755 29.1873 29.3286 38.6012 37.1022 78.8579 68.228 29.0881 
56.7212 42.4762 0 5.0021 26.3876 32.3101 48.5702 81.0775 70.3711 51.2248 40.5949 56.7212 
61.7233 37.6761 5.0021 0 21.5875 27.5099 43.7701 76.2773 65.5709 46.2227 35.5928 61.7233 
65.8636 36.7755 26.3876 21.5875 0 7.58822 22.1826 54.6899 43.9835 42.0824 31.4525 65.8636 
58.2754 29.1873 32.3101 27.5099 7.58822 0 16.2602 48.7674 38.061 49.6706 39.0407 58.2754 
58.4167 29.3286 48.5702 43.7701 22.1826 16.2602 0 32.5072 21.8008 49.5293 38.8994 58.4167 
48.824 38.6012 81.0775 76.2773 54.6899 48.7674 32.5072 0 17.3664 59.122 48.4921 48.824 
66.1904 37.1022 70.3711 65.5709 43.9835 38.061 21.8008 17.3664 0 44.6182 34.7098 66.1904 
107.946 78.8579 51.2248 46.2227 42.0824 49.6706 49.5293 59.122 44.6182 0 10.6299 107.946 
97.3161 68.228 40.5949 35.5928 31.4525 39.0407 38.8994 48.4921 34.7098 10.6299 0 97.3161 
0 0 0 0 0 0 0 0 0 0 0 0 
Printing tau_prime:
0 4.23696 9.44831 9.73667 9.39945 8.25224 8.47179 9.46486 10.5934 15.3255 13.7627 0 
4.23696 0 7.16634 7.04918 5.67676 4.37092 4.23627 6.13116 6.5646 11.4002 9.69691 4.23696 
9.44831 7.16634 0 0.98043 3.9494 4.57462 6.87305 11.5203 10.0417 8.10826 7.64155 9.44831 
9.73667 7.04918 0.98043 0 3.10857 3.92093 6.20767 10.9404 9.29463 7.17712 6.66221 9.73667 
9.39945 5.67676 3.9494 3.10857 0 1.3613 3.30916 8.10103 6.22038 5.95203 4.63737 9.39945 
8.25224 4.37092 4.57462 3.92093 1.3613 0 2.29962 7.02508 5.49779 7.08544 5.5415 8.25224 
8.47179 4.23627 6.87305 6.20767 3.30916 2.29962 0 4.7932 3.27325 7.71205 5.79622 8.47179 
9.46486 6.13116 11.5203 10.9404 8.10103 7.02508 4.7932 0 2.8852 11.451 9.39587 9.46486 
10.5934 6.5646 10.0417 9.29463 6.22038 5.49779 3.27325 2.8852 0 8.64213 6.59331 10.5934 
15.3255 11.4002 8.10826 7.17712 5.95203 7.08544 7.71205 11.451 8.64213 0 2.0551 15.3255 
13.7627 9.69691 7.64155 6.66221 4.63737 5.5415 5.79622 9.39587 6.59331 2.0551 0 13.7627 
0 0 0 0 0 0 0 0 0 0 0 0 
Printing number of nodes: 11

Version identifier: 22.1.1.0 | 2022-11-28 | 9160aff4d
CPXPARAM_ClockType                               0
CPXPARAM_Emphasis_MIP                            2
CPXPARAM_MIP_Tolerances_Integrality              0
Tried aggregator 2 times.
MIP Presolve eliminated 1021 rows and 1285 columns.
MIP Presolve modified 664 coefficients.
Aggregator did 21 substitutions.
Reduced MIP has 5233 rows, 409 columns, and 149016 nonzeros.
Reduced MIP has 401 binaries, 0 generals, 0 SOSs, and 0 indicators.
Presolve time = 0.09 sec. (287.37 ticks)
Found incumbent of value 568.422000 after 0.14 sec. (371.91 ticks)
Probing fixed 51 vars, tightened 0 bounds.
Probing changed sense of 26 constraints.
Probing time = 0.12 sec. (15.55 ticks)
Cover probing fixed 4 vars, tightened 0 bounds.
Tried aggregator 2 times.
MIP Presolve eliminated 103 rows and 82 columns.
MIP Presolve modified 158 coefficients.
Aggregator did 6 substitutions.
Reduced MIP has 5121 rows, 321 columns, and 148328 nonzeros.
Reduced MIP has 313 binaries, 0 generals, 0 SOSs, and 0 indicators.
Presolve time = 0.14 sec. (374.97 ticks)
Probing fixed 5 vars, tightened 0 bounds.
Probing changed sense of 12 constraints.
Probing time = 0.02 sec. (15.72 ticks)
Tried aggregator 1 time.
MIP Presolve eliminated 84 rows and 99 columns.
MIP Presolve modified 53 coefficients.
Reduced MIP has 5037 rows, 222 columns, and 147920 nonzeros.
Reduced MIP has 214 binaries, 0 generals, 0 SOSs, and 0 indicators.
Presolve time = 0.06 sec. (152.46 ticks)
Probing time = 0.23 sec. (9.11 ticks)
Tried aggregator 1 time.
Detecting symmetries...
Reduced MIP has 5037 rows, 222 columns, and 147920 nonzeros.
Reduced MIP has 214 binaries, 0 generals, 0 SOSs, and 0 indicators.
Presolve time = 0.03 sec. (78.74 ticks)
Probing time = 0.01 sec. (10.72 ticks)
Clique table members: 9312.
MIP emphasis: optimality.
MIP search method: dynamic search.
Parallel mode: deterministic, using up to 20 threads.
Root relaxation solution time = 0.02 sec. (34.26 ticks)

        Nodes                                         Cuts/
   Node  Left     Objective  IInf  Best Integer    Best Bound    ItCnt     Gap

*     0+    0                          568.4220        0.0000           100.00%
*     0+    0                          439.3312        0.0000           100.00%
      0     0      193.4268    54      439.3312      193.4268      268   55.97%
*     0+    0                          211.4337      193.4268             8.52%
*     0+    0                          203.6099      193.4268             5.00%
      0     0        cutoff            203.6099      203.6099      386    0.00%
Elapsed time = 0.92 sec. (1436.89 ticks, tree = 0.01 MB, solutions = 4)

Clique cuts applied:  21
Implied bound cuts applied:  3
Flow cuts applied:  1
Zero-half cuts applied:  2
Lift and project cuts applied:  4
Gomory fractional cuts applied:  22

Root node processing (before b&c):
  Real time             =    0.92 sec. (1437.41 ticks)
Parallel b&c, 20 threads:
  Real time             =    0.00 sec. (0.00 ticks)
  Sync time (average)   =    0.00 sec.
  Wait time (average)   =    0.00 sec.
                          ------------
Total (root+branch&cut) =    0.92 sec. (1437.41 ticks)
Truck arcs:
0 2
2 3
3 4
4 5
5 6
6 8
7 11
8 7
customer 1 is served by drone
start of this sortie: 4
end of this sortie: 5

customer 9 is served by drone
start of this sortie: 5
end of this sortie: 6

customer 10 is served by drone
start of this sortie: 8
end of this sortie: 7

203.61
In write mode
