Instance name: /home/orlab/CLionProjects/RV-FSTSP/Murray_instances/FSTSP/FSTSP_10_customer_problems/20140810T123437v3
Write arg val: 1
Input is specified as type M: Murray instance.-.-.-.-.-.-.-.-.-.-.-.-.-.-.-.-.-.-.-.-

drone speed: 0.2 miles/minute
uav non-eligible customer: 10 
Printing tau:
0 14.2149 7.45597 18.1512 10.5846 15.145 14.669 14.3671 12.5333 1.31706 6.43835 0 
14.2149 0 18.3108 3.93636 13.7595 7.22991 8.18583 7.04774 13.7881 14.0919 12.0132 14.2149 
7.45597 18.3108 0 22.2472 4.55136 11.0809 10.125 11.2631 5.10923 6.13892 11.4943 7.45597 
18.1512 3.93636 22.2472 0 17.6958 11.1663 12.1222 10.9841 17.7245 18.0283 15.9496 18.1512 
10.5846 13.7595 4.55136 17.6958 0 6.52957 5.57365 6.71174 1.94864 9.26756 8.38296 10.5846 
15.145 7.22991 11.0809 11.1663 6.52957 0 0.955922 0.777831 6.55821 13.8279 12.9433 15.145 
14.669 8.18583 10.125 12.1222 5.57365 0.955922 0 1.13809 5.60229 13.352 12.4674 14.669 
14.3671 7.04774 11.2631 10.9841 6.71174 0.777831 1.13809 0 6.74038 13.0501 12.1655 14.3671 
12.5333 13.7881 5.10923 17.7245 1.94864 6.55821 5.60229 6.74038 0 11.2162 10.3316 12.5333 
1.31706 14.0919 6.13892 18.0283 9.26756 13.8279 13.352 13.0501 11.2162 0 7.2754 1.31706 
6.43835 12.0132 11.4943 15.9496 8.38296 12.9433 12.4674 12.1655 10.3316 7.2754 0 6.43835 
0 0 0 0 0 0 0 0 0 0 0 0 
Printing tau_prime:
0 22.9054 10.6167 29.4629 12.4883 19.209 18.2907 18.4445 14.7839 1.83912 8.01904 0 
22.9054 0 23.0027 6.5606 16.7706 8.59075 9.66193 8.30778 16.3699 22.5134 16.2781 22.9054 
10.6167 23.0027 0 29.091 6.50889 15.8949 14.6508 15.5734 8.01334 8.77857 14.8944 10.6167 
29.4629 6.5606 29.091 0 22.6813 13.6282 14.8639 13.6915 21.9127 29.0691 22.6695 29.4629 
12.4883 16.7706 6.50889 22.6813 0 9.38617 8.14351 9.0795 2.29674 10.9289 12.8279 12.4883 
19.209 8.59075 15.8949 13.6282 9.38617 0 1.25846 0.941487 8.31925 18.1926 15.2616 19.209 
18.2907 9.66193 14.6508 14.8639 8.14351 1.25846 0 1.38764 7.06588 17.2062 14.7813 18.2907 
18.4445 8.30778 15.5734 13.6915 9.0795 0.941487 1.38764 0 8.23237 17.4772 14.3397 18.4445 
14.7839 16.3699 8.01334 21.9127 2.29674 8.31925 7.06588 8.23237 0 13.2233 14.6887 14.7839 
1.83912 22.5134 8.77857 29.0691 10.9289 18.1926 17.2062 17.4772 13.2233 0 8.63729 1.83912 
8.01904 16.2781 14.8944 22.6695 12.8279 15.2616 14.7813 14.3397 14.6887 8.63729 0 8.01904 
0 0 0 0 0 0 0 0 0 0 0 0 
---------------------------------------------------------------
Current config:
- Number of threads = 16
- Drone endurance = 20
- SL = 1
- SR = 1
- L = 2
- Allow loop = 0
- Use TSP optimal solution as warmstart: = 0
- Use cutting plane method: = 0
- Use CPLEX conflict refiner: = 0
---------------------------------------------------------------
M value: 565.737
Warning:  Output names have been modified due to duplicate names or characters invalid in LP format.
Version identifier: 22.1.1.0 | 2022-11-28 | 9160aff4d
CPXPARAM_Threads                                 16
CPXPARAM_TimeLimit                               3600
Tried aggregator 2 times.
MIP Presolve eliminated 1248 rows and 690 columns.
MIP Presolve modified 2718 coefficients.
Aggregator did 28 substitutions.
Reduced MIP has 3756 rows, 2726 columns, and 80034 nonzeros.
Reduced MIP has 2550 binaries, 0 generals, 0 SOSs, and 0 indicators.
Presolve time = 0.07 sec. (130.54 ticks)
Probing fixed 21 vars, tightened 0 bounds.
Probing time = 0.03 sec. (84.54 ticks)
Tried aggregator 1 time.
Detecting symmetries...
MIP Presolve eliminated 16 rows and 21 columns.
MIP Presolve modified 14 coefficients.
Reduced MIP has 3740 rows, 2705 columns, and 79586 nonzeros.
Reduced MIP has 2529 binaries, 0 generals, 0 SOSs, and 0 indicators.
Presolve time = 0.03 sec. (41.14 ticks)
Probing time = 0.01 sec. (8.91 ticks)
Clique table members: 34341.
MIP emphasis: balance optimality and feasibility.
MIP search method: dynamic search.
Parallel mode: deterministic, using up to 16 threads.
Root relaxation solution time = 0.15 sec. (297.68 ticks)

        Nodes                                         Cuts/
   Node  Left     Objective  IInf  Best Integer    Best Bound    ItCnt     Gap

*     0+    0                        57343.0372        0.0000           100.00%
      0     0       22.5408   329    57343.0372       22.5408     3343   99.96%
*     0+    0                          132.5096       22.5408            82.99%
      0     0       23.8489   213      132.5096     Cuts: 143     8675   82.00%
*     0+    0                          130.8534       23.8489            81.77%
      0     0       25.5366   225      130.8534     Cuts: 195    11328   80.48%
      0     0       25.6624   232      130.8534     Cuts: 173    15855   80.39%
*     0+    0                          125.2590       25.6624            79.51%
      0     0  -1.00000e+75     0      125.2590       25.6624    15855   79.51%
      0     0       25.7322   228      125.2590     Cuts: 122    17659   79.38%
      0     0       26.4239   236      125.2590     Cuts: 176    24830   78.32%
Detecting symmetries...
      0     0       26.5916   341      125.2590     Cuts: 165    26518   78.30%
      0     0       27.0504   310      125.2590     Cuts: 153    27818   78.25%
      0     0       27.5320   375      125.2590     Cuts: 192    28827   78.02%
      0     0       28.2037   403      125.2590     Cuts: 180    29876   77.48%
      0     0       29.1365   394      125.2590     Cuts: 171    32250   76.74%
      0     0       29.2119   410      125.2590     Cuts: 200    33775   76.68%
      0     0       29.5310   409      125.2590     Cuts: 142    36411   76.42%
      0     0       29.5415   427      125.2590     Cuts: 134    36795   76.42%
      0     0       29.8649   348      125.2590     Cuts: 163    38725   76.16%
      0     0       30.2688   423      125.2590     Cuts: 236    41511   75.84%
      0     0       30.3206   377      125.2590     Cuts: 127    43937   75.79%
      0     0       30.4518   417      125.2590     Cuts: 138    46964   75.69%
*     0+    0                           83.6214       30.4518            63.58%
      0     0       30.7066   406       83.6214     Cuts: 125    50492   63.28%
      0     0       30.7882   411       83.6214     Cuts: 115    51766   63.18%
      0     0       30.9393   401       83.6214     Cuts: 123    52337   63.00%
      0     0       30.9418   454       83.6214     Cuts: 170    53553   63.00%
      0     0       31.0466   405       83.6214      Cuts: 35    54383   62.87%
*     0+    0                           80.1747       31.0466            61.28%
      0     0       31.1499   423       80.1747     Cuts: 159    56059   61.15%
      0     0       31.1691   448       80.1747     Cuts: 144    57602   61.12%
      0     0       31.2447   449       80.1747     Cuts: 102    60132   61.03%
      0     0       31.4642   425       80.1747     Cuts: 106    63184   60.76%
      0     0       31.4692   436       80.1747     Cuts: 137    64898   60.75%
Detecting symmetries...
      0     2       31.4692   410       80.1747       31.4692    64898   60.75%
Elapsed time = 9.07 sec. (19114.21 ticks, tree = 0.02 MB, solutions = 6)
      2     3       32.1468   386       80.1747       31.4692    67619   60.75%
      3     3       32.5983   352       80.1747       32.1468    70642   59.90%
      4     3       32.2679   421       80.1747       32.1468    71875   59.90%
      5     4       46.5790   236       80.1747       32.1468    75259   59.90%
      9     9       48.1032   170       80.1747       32.2756    85448   59.74%
*    10+    4                           67.0392       32.2756            51.86%
*    18+    8                           64.7785       32.6676            49.57%
*    20+    8                           63.3953       32.6676            48.47%
*    21+    8                           62.8856       32.6676            48.05%
*    22+   16                           60.0115       32.6676            45.56%
     32    22       52.5804   104       60.0115       32.6676    93034   45.56%
     93     7       48.4714   127       60.0115       32.6676    85528   45.56%
    214   101       56.9917    46       60.0115       32.6687   140934   45.56%
    308   106       56.8309   136       60.0115       32.6687   151907   45.56%
    528   238       55.1294    50       60.0115       34.6056   243653   42.34%
Elapsed time = 12.21 sec. (23197.49 ticks, tree = 0.73 MB, solutions = 19)
*   925+  382                           58.7517       34.6056            41.10%
    955   477       55.7651    59       58.7517       34.6056   339620   41.10%
   1144   586       56.2051    48       58.7517       34.6056   421305   41.10%
   1236   679    infeasible             58.7517       34.6056   464381   41.10%
   1289   670       55.9607   132       58.7517       35.3873   459405   39.77%
   1370   761       52.6992    63       58.7517       35.3873   554104   39.77%
   1629   844       54.8165    76       58.7517       35.3873   616091   39.77%
   1901  1062       58.6798    83       58.7517       39.2690   714740   33.16%
   2200  1139       57.4883    80       58.7517       39.2690   763828   33.16%
   2444  1468       54.8225    34       58.7517       39.2690   911245   33.16%
*  2446  1506      integral     0       57.9085       39.2690   944951   32.19%
   2771  1459       53.7488   132       57.9085       39.2690   991280   32.19%
Elapsed time = 22.60 sec. (32787.02 ticks, tree = 19.59 MB, solutions = 21)
   2969  1676        cutoff             57.9085       40.8248  1082653   29.50%
   3047  1755    infeasible             57.9085       45.2853  1179788   21.80%
   3174  1799       53.1792    54       57.9085       46.5392  1212914   19.63%
   3460  1863       46.8999   115       57.9085       46.5392  1276875   19.63%
   3791  1995       52.3791    91       57.9085       46.5410  1334668   19.63%
   4148  2271        cutoff             57.9085       46.5640  1442444   19.59%
   4273  2384       51.0571   111       57.9085       46.5969  1485116   19.53%
   4284  2180       51.6992    90       57.9085       46.5969  1418178   19.53%

Performing restart 1

Repeating presolve.
Tried aggregator 1 time.
MIP Presolve eliminated 5 rows and 18 columns.
MIP Presolve modified 1830 coefficients.
Reduced MIP has 3735 rows, 2687 columns, and 78395 nonzeros.
Reduced MIP has 2511 binaries, 0 generals, 0 SOSs, and 0 indicators.
Presolve time = 0.05 sec. (77.63 ticks)
Tried aggregator 1 time.
MIP Presolve eliminated 11 rows and 13 columns.
Reduced MIP has 3724 rows, 2674 columns, and 78179 nonzeros.
Reduced MIP has 2498 binaries, 0 generals, 0 SOSs, and 0 indicators.
Presolve time = 0.04 sec. (60.46 ticks)
Represolve time = 0.21 sec. (339.86 ticks)
   4285     0       34.3468   386       57.9085      Cuts: 69  1577074   19.30%
   4285     0       35.1828   324       57.9085     Cuts: 180  1582331   19.30%
   4285     0       37.5033   296       57.9085     Cuts: 183  1587961   19.30%
*  4285+    0                           55.1933       46.7333            15.33%
   4285     0       38.5654   345       55.1933     Cuts: 181  1595366   15.33%
   4285     0       39.8589   327       55.1933     Cuts: 152  1598403   15.33%
   4285     0       41.6053   285       55.1933     Cuts: 127  1604796   15.33%
   4285     0       41.6891   319       55.1933     Cuts: 106  1608738   15.33%
   4285     0       41.6891   329       55.1933      Cuts: 67  1610649   15.33%
   4285     0       41.7619   297       55.1933      Cuts: 50  1613250   15.33%
   4285     0       41.7620   325       55.1933      Cuts: 88  1614661   15.33%
   4285     0       41.7620   328       55.1933      Cuts: 39  1615481   15.33%
   4285     2       41.7620   296       55.1933       46.7333  1615481   15.33%
   4288     3       47.6933   112       55.1933       46.7333  1620411   15.33%
Elapsed time = 42.96 sec. (70246.49 ticks, tree = 0.02 MB, solutions = 22)
   4290     3        cutoff             55.1933       46.7333  1625012   15.33%
   4291     4       47.6933    88       55.1933       46.7333  1622675   15.33%
   4297     3       47.6933   111       55.1933       46.7333  1624497   15.33%
   4303     9       53.6868    22       55.1933       46.7333  1637786   15.33%
   4346    16       53.6981    40       55.1933       46.7333  1642667   15.33%
   4446    17       53.8505    49       55.1933       46.7333  1653188   15.33%
   4550    21       54.4056    24       55.1933       46.7333  1662054   15.33%
   4632     6       48.4995   145       55.1933       46.7333  1634612   15.33%
   4686    16       51.9355    99       55.1933       46.7333  1705236   15.33%
   4734    12       50.0274   117       55.1933       46.7333  1702307   15.33%
Elapsed time = 50.25 sec. (82065.19 ticks, tree = 0.02 MB, solutions = 22)
   4784    19       48.8874   117       55.1933       46.7333  1740862   15.33%
   4955    65       54.5188   118       55.1933       46.7333  1780126   15.33%
   5132   145        cutoff             55.1933       46.7333  1832581   15.33%
   5216   180       53.7226   176       55.1933       46.7333  1877427   15.33%
   5337   207       51.9747   112       55.1933       46.7333  1925714   15.33%
   5530   269       53.4289    17       55.1933       46.7333  1959199   15.33%
   5801   266       54.1445   135       55.1933       46.7333  1972259   15.33%
   6275   347       53.9605    59       55.1933       46.7333  2012078   15.33%
   6576   643       54.0818   171       55.1933       46.7333  2121204   15.33%
   6732   841       52.5323   123       55.1933       46.7333  2208003   15.33%
Elapsed time = 59.52 sec. (91637.93 ticks, tree = 1.10 MB, solutions = 22)
*  6854   871      integral     0       54.6640       46.7333  2307580   14.51%
   6890   872        cutoff             54.6640       46.7333  2311035   14.51%
   7042   888       42.0789   280       54.6640       46.7333  2291770   14.51%
   7202   711        cutoff             54.6640       46.7333  2430181   14.51%
   7398   669        cutoff             54.6640       46.7333  2533032   14.51%
   7615   650        cutoff             54.6640       46.7333  2575977   14.51%
   7879   538        cutoff             54.6640       46.7333  2659217   14.51%
   8135   422        cutoff             54.6640       46.7333  2726103   14.51%
   8559   403       53.7604   102       54.6640       46.7333  2740903   14.51%
   8683    57       53.3782   125       54.6640       46.7333  2821883   14.51%
   8741    28        cutoff             54.6640       46.7333  2855734   14.51%
Elapsed time = 68.11 sec. (101278.40 ticks, tree = 0.07 MB, solutions = 23)
   8805    30       51.9297   110       54.6640       46.7333  2885700   14.51%
   8886    30       52.0942   161       54.6640       46.7333  2897702   14.51%
   8972    95       52.0228    98       54.6640       46.7333  2944339   14.51%
   9079   127        cutoff             54.6640       46.7333  2995492   14.51%
   9160   139       52.3546   146       54.6640       46.7333  2992865   14.51%
   9260   163       53.6961    96       54.6640       46.7333  3041713   14.51%
   9423   225        cutoff             54.6640       46.7333  3118830   14.51%
   9743   245       54.3632   102       54.6640       46.7333  3153045   14.51%
   9986   495        cutoff             54.6640       46.7333  3305688   14.51%
  10124   439       53.3150    81       54.6640       46.7333  3278194   14.51%
Elapsed time = 76.89 sec. (110876.86 ticks, tree = 0.55 MB, solutions = 23)
  10208   623       53.2861    92       54.6640       46.7333  3385505   14.51%
  10270   632       47.2144   180       54.6640       46.7333  3439996   14.51%
  10332   647       48.2749   154       54.6640       46.7333  3506729   14.51%
  10388   666    infeasible             54.6640       46.7333  3581064   14.51%
  10454   682       48.1110   149       54.6640       46.7333  3605019   14.51%
  10510   685       46.8603   273       54.6640       46.7333  3639158   14.51%
  10571   705        cutoff             54.6640       46.7333  3707454   14.51%
  10653   733       54.2643    44       54.6640       46.7333  3784473   14.51%
  10788   764       47.1599   246       54.6640       46.7333  3836055   14.51%
  10979   760       54.5881   237       54.6640       46.7333  3844697   14.51%
Elapsed time = 85.80 sec. (120462.11 ticks, tree = 0.94 MB, solutions = 23)
  11079   867        cutoff             54.6640       46.7333  3983092   14.51%
  11128   935       53.3394    76       54.6640       46.7333  4076603   14.51%
  11184   898       49.6641   202       54.6640       46.7333  4069913   14.51%
  11245   928       48.0610   296       54.6640       46.7333  4140663   14.51%
  11301   878        cutoff             54.6640       46.7333  4273807   14.51%
  11354   861        cutoff             54.6640       46.7333  4325585   14.51%
  11395   851        cutoff             54.6640       46.7333  4422770   14.51%
  11457   859       52.7320   233       54.6640       46.7333  4371927   14.51%
  11490   842       53.0911    28       54.6640       46.7333  4461287   14.51%
  11536   848       53.2733   115       54.6640       46.7333  4465708   14.51%
Elapsed time = 95.02 sec. (130178.23 ticks, tree = 0.93 MB, solutions = 23)
  11604   870        cutoff             54.6640       46.7333  4577067   14.51%
  11657   902       44.8373   175       54.6640       46.7333  4619486   14.51%
  11695   911        cutoff             54.6640       46.7333  4664089   14.51%
  11785   911        cutoff             54.6640       46.7333  4653832   14.51%
  11885   951       47.5361   198       54.6640       46.7333  4704825   14.51%
  12073  1000       47.0179   218       54.6640       46.7333  4766037   14.51%
  12208  1040       49.9768   217       54.6640       46.7333  4811513   14.51%
  12291  1208       54.2548    89       54.6640       46.7333  4934413   14.51%
  12350  1235       50.2211   179       54.6640       46.7333  5025301   14.51%
  12596  1325       54.1046    91       54.6640       46.7333  5269101   14.51%
Elapsed time = 106.66 sec. (142744.03 ticks, tree = 1.79 MB, solutions = 23)
  12821  1407       50.1029   214       54.6640       46.7333  5577950   14.51%
  13158  1411       53.2741    85       54.6640       46.7333  5737703   14.51%
  13722  1436        cutoff             54.6640       46.7333  5902751   14.51%
  13983  1634       48.6380   302       54.6640       46.7333  6287073   14.51%
  14345  1562       50.9405   182       54.6640       46.7333  6605313   14.51%
  14756  1479       53.2948    96       54.6640       46.7333  6777925   14.51%
  15195  1500       54.4309    98       54.6640       46.7333  7138919   14.51%
  15700  1509       53.6633    62       54.6640       49.1360  7245476   10.11%
  16262  1413       54.0664    22       54.6640       49.1360  7585050   10.11%
  16938  1301       53.6509   139       54.6640       49.1360  7916048   10.11%
Elapsed time = 142.62 sec. (180930.67 ticks, tree = 1.80 MB, solutions = 23)
  17925   825        cutoff             54.6640       53.0903  8258407    2.88%

GUB cover cuts applied:  81
Clique cuts applied:  11
Cover cuts applied:  134
Implied bound cuts applied:  248
Flow cuts applied:  48
Mixed integer rounding cuts applied:  88
Zero-half cuts applied:  107
Gomory fractional cuts applied:  5

Root node processing (before b&c):
  Real time             =    8.94 sec. (18719.17 ticks)
Parallel b&c, 16 threads:
  Real time             =  139.87 sec. (169078.99 ticks)
  Sync time (average)   =   58.63 sec.
  Wait time (average)   =    0.02 sec.
                          ------------
Total (root+branch&cut) =  148.81 sec. (187798.17 ticks)
Feasible solution found!
Truck nodes:
Truck at node 0 at stage 1
Truck at node 10 at stage 2
Truck at node 1 at stage 3
Truck at node 3 at stage 4
Truck at node 7 at stage 5
Truck at node 5 at stage 6
Truck at node 6 at stage 7
Truck at node 8 at stage 8
Truck at node 4 at stage 9
Truck at node 2 at stage 10
Truck at node 9 at stage 11
Truck at node 11 at stage 12

Truck arcs:
Arc 1 connecting 0 and 10 with cost 6.43835 
Arc 2 connecting 10 and 1 with cost 12.0132 
Arc 3 connecting 1 and 3 with cost 3.93636 
Arc 4 connecting 3 and 7 with cost 10.9841 
Arc 5 connecting 7 and 5 with cost 0.777831 
Arc 6 connecting 5 and 6 with cost 0.955922 
Arc 7 connecting 6 and 8 with cost 5.60229 
Arc 8 connecting 8 and 4 with cost 1.94864 
Arc 9 connecting 4 and 2 with cost 4.55136 
Arc 10 connecting 2 and 9 with cost 6.13892 
Arc 11 connecting 9 and 11 with cost 1.31706 
Truck route length: 54.664
Printing wait:
Printing z(k, k') and drone travel time: 
Printing zl:
Printing zr:
Printing zs:
Printing x_d:
Done!
Solve time: 148.814
OBJECTIVE VALUE: 54.664.
In write mode
