Instance name: /home/orlab/CLionProjects/RV-FSTSP/Murray_instances/FSTSP/FSTSP_10_customer_problems/20140810T123437v10
Write arg val: 1
Input is specified as type M: Murray instance.-.-.-.-.-.-.-.-.-.-.-.-.-.-.-.-.-.-.-.-

drone speed: 0.6 miles/minute
uav non-eligible customer: 10 
Printing tau:
0 7.81487 11.456 11.7512 6.90462 8.74496 8.26904 7.96713 6.93325 7.23706 4.19835 0 
7.81487 0 18.3108 3.93636 13.7595 7.22991 8.18583 7.04774 13.7881 14.0919 12.0132 7.81487 
11.456 18.3108 0 22.2472 4.55136 11.0809 10.125 11.2631 5.10923 6.13892 11.4943 11.456 
11.7512 3.93636 22.2472 0 17.6958 11.1663 12.1222 10.9841 17.7245 18.0283 15.9496 11.7512 
6.90462 13.7595 4.55136 17.6958 0 6.52957 5.57365 6.71174 1.94864 9.26756 8.38296 6.90462 
8.74496 7.22991 11.0809 11.1663 6.52957 0 0.955922 0.777831 6.55821 13.8279 12.9433 8.74496 
8.26904 8.18583 10.125 12.1222 5.57365 0.955922 0 1.13809 5.60229 13.352 12.4674 8.26904 
7.96713 7.04774 11.2631 10.9841 6.71174 0.777831 1.13809 0 6.74038 13.0501 12.1655 7.96713 
6.93325 13.7881 5.10923 17.7245 1.94864 6.55821 5.60229 6.74038 0 11.2162 10.3316 6.93325 
7.23706 14.0919 6.13892 18.0283 9.26756 13.8279 13.352 13.0501 11.2162 0 7.2754 7.23706 
4.19835 12.0132 11.4943 15.9496 8.38296 12.9433 12.4674 12.1655 10.3316 7.2754 0 4.19835 
0 0 0 0 0 0 0 0 0 0 0 0 
Printing tau_prime:
0 5.2504 5.81067 8.05818 4.07784 4.42093 4.23025 4.02519 4.67535 4.46675 2.12057 0 
5.2504 0 9.8583 2.81169 7.1874 3.68175 4.14083 3.56048 7.01565 9.64862 6.97631 5.2504 
5.81067 9.8583 0 12.4676 2.78952 6.81212 6.2789 6.6743 3.43429 3.76225 6.38332 5.81067 
8.05818 2.81169 12.4676 0 9.72054 5.84064 6.37024 5.8678 9.39115 12.4582 9.71551 8.05818 
4.07784 7.1874 2.78952 9.72054 0 4.02264 3.49008 3.89122 0.984316 4.68384 5.49765 4.07784 
4.42093 3.68175 6.81212 5.84064 4.02264 0 0.539342 0.403494 3.56539 7.79682 6.54069 4.42093 
4.23025 4.14083 6.2789 6.37024 3.49008 0.539342 0 0.594704 3.02824 7.37407 6.33485 4.23025 
4.02519 3.56048 6.6743 5.8678 3.89122 0.403494 0.594704 0 3.52816 7.49021 6.1456 4.02519 
4.67535 7.01565 3.43429 9.39115 0.984316 3.56539 3.02824 3.52816 0 5.66711 6.29515 4.67535 
4.46675 9.64862 3.76225 12.4582 4.68384 7.79682 7.37407 7.49021 5.66711 0 3.7017 4.46675 
2.12057 6.97631 6.38332 9.71551 5.49765 6.54069 6.33485 6.1456 6.29515 3.7017 0 2.12057 
0 0 0 0 0 0 0 0 0 0 0 0 
---------------------------------------------------------------
Current config:
- Number of threads = 16
- Drone endurance = 20
- SL = 1
- SR = 1
- L = 2
- Allow loop = 0
- Use TSP optimal solution as warmstart: = 0
- Use cutting plane method: = 0
- Use CPLEX conflict refiner: = 0
---------------------------------------------------------------
M value: 532.137
Warning:  Output names have been modified due to duplicate names or characters invalid in LP format.
Version identifier: 22.1.1.0 | 2022-11-28 | 9160aff4d
CPXPARAM_Threads                                 16
CPXPARAM_TimeLimit                               3600
Tried aggregator 2 times.
MIP Presolve eliminated 1014 rows and 407 columns.
MIP Presolve modified 2672 coefficients.
Aggregator did 34 substitutions.
Reduced MIP has 3984 rows, 3003 columns, and 84376 nonzeros.
Reduced MIP has 2827 binaries, 0 generals, 0 SOSs, and 0 indicators.
Presolve time = 0.06 sec. (110.45 ticks)
Probing time = 0.01 sec. (9.16 ticks)
Tried aggregator 1 time.
Detecting symmetries...
MIP Presolve eliminated 1 rows and 0 columns.
MIP Presolve modified 24 coefficients.
Reduced MIP has 3983 rows, 3003 columns, and 84342 nonzeros.
Reduced MIP has 2827 binaries, 0 generals, 0 SOSs, and 0 indicators.
Presolve time = 0.03 sec. (46.42 ticks)
Probing time = 0.01 sec. (8.83 ticks)
Clique table members: 42487.
MIP emphasis: balance optimality and feasibility.
MIP search method: dynamic search.
Parallel mode: deterministic, using up to 16 threads.
Root relaxation solution time = 0.19 sec. (378.21 ticks)

        Nodes                                         Cuts/
   Node  Left     Objective  IInf  Best Integer    Best Bound    ItCnt     Gap

*     0+    0                        39258.4265        0.0000           100.00%
      0     0       18.8355   293    39258.4265       18.8355     4494   99.95%
*     0+    0                          109.4967       18.8355            82.80%
      0     0       21.4250   209      109.4967      Cuts: 71     6855   80.43%
*     0+    0                           97.5937       21.4250            78.05%
      0     0       21.8923   302       97.5937     Cuts: 216     8772   77.57%
      0     0       22.9484   209       97.5937     Cuts: 197    11117   76.49%
      0     0       22.9484   205       97.5937     Cuts: 157    12318   76.49%
      0     0       22.9485   214       97.5937     Cuts: 134    13964   76.49%
Detecting symmetries...
      0     0       22.9521   276       97.5937      Cuts: 55    15868   76.48%
      0     0       22.9574   299       97.5937     Cuts: 184    17005   76.48%
      0     0       22.9574   319       97.5937     Cuts: 165    18226   76.48%
*     0+    0                           54.0653       22.9574            57.54%
*     0+    0                           53.5853       22.9574            57.16%
Detecting symmetries...
      0     2       22.9574   283       53.5853       22.9574    18226   57.16%
Elapsed time = 3.90 sec. (8344.90 ticks, tree = 0.02 MB, solutions = 5)
      1     3       26.8706   186       53.5853       22.9633    20643   57.15%
      4     6       40.6807    73       53.5853       22.9633    22060   57.15%
*    10+    3                           53.5853       22.9633            57.15%
     14    16       40.6807    48       53.5853       23.2189    26118   56.67%
*    33+    9                           52.1903       23.2189            55.51%
     74    42       40.6451    74       52.1903       23.2189    30625   55.51%
*   104+   15                           50.7881       23.2189            54.28%
*   118+   15                           48.7459       23.2189            52.37%
    142    89       47.2196    34       48.7459       23.2189    44426   52.37%
    210   129       41.1807    51       48.7459       23.2189    60459   52.37%
    304   186       37.8504    77       48.7459       23.3268    90871   52.15%
    408   254       35.5080    85       48.7459       23.3268   106839   52.15%
    497   123       40.6807    51       48.7459       23.3268    59036   52.15%
    770   554       35.7478    98       48.7459       23.5105   190828   51.77%
Elapsed time = 7.07 sec. (11752.03 ticks, tree = 10.88 MB, solutions = 9)
*   808+  589                           46.3193       23.5105            49.24%
*   988+  559                           45.3971       23.5105            48.21%
   1174   635    infeasible             45.3971       23.5105   228674   48.21%
*  1196+  689                           43.7217       23.5105            46.23%
   1582   769       34.4157    97       43.7217       23.5105   275174   46.23%
   2043  1223       35.9870   102       43.7217       23.5105   378944   46.23%
   2511  1560       40.3001    41       43.7217       23.5105   442970   46.23%
   2887  1853       33.4115    75       43.7217       23.5105   517261   46.23%
   3017  2029       35.8000   110       43.7217       25.7589   604776   41.08%
   3418  2178       33.4115    54       43.7217       25.7589   634501   41.08%
   3696  2438       37.9827    69       43.7217       25.7589   685962   41.08%
   3935  2711       36.5322    54       43.7217       25.7589   766712   41.08%
   4038  2740       29.4465   212       43.7217       25.7589   812118   41.08%
Elapsed time = 17.57 sec. (21330.21 ticks, tree = 81.89 MB, solutions = 12)
   4191  2879       34.9677   222       43.7217       27.4632   894226   37.19%

Performing restart 1

Repeating presolve.
Tried aggregator 1 time.
MIP Presolve eliminated 2 rows and 26 columns.
MIP Presolve modified 2496 coefficients.
Reduced MIP has 3981 rows, 2977 columns, and 82058 nonzeros.
Reduced MIP has 2801 binaries, 0 generals, 0 SOSs, and 0 indicators.
Presolve time = 0.05 sec. (85.63 ticks)
Tried aggregator 1 time.
Reduced MIP has 3981 rows, 2977 columns, and 82058 nonzeros.
Reduced MIP has 2801 binaries, 0 generals, 0 SOSs, and 0 indicators.
Presolve time = 0.03 sec. (43.80 ticks)
Represolve time = 0.16 sec. (283.63 ticks)
   4230     0       23.0383   299       43.7217      Cuts: 10   996461   37.19%
*  4230+    0                           37.5646       27.4632            26.89%
   4230     0       23.9103   280       37.5646     Cuts: 134  1001003   26.89%
   4230     0       23.9407   265       37.5646     Cuts: 110  1001475   26.89%
   4230     0       23.9407   289       37.5646     Cuts: 147  1003287   26.89%
   4230     0       23.9407   271       37.5646      Cuts: 27  1004374   26.89%
   4230     0       23.9447   290       37.5646     Cuts: 145  1006767   26.89%
   4230     0       23.9447   262       37.5646      Cuts: 27  1007848   26.89%
   4230     0       23.9447   283       37.5646     Cuts: 169  1009616   26.89%
   4230     0       23.9447   228       37.5646      Cuts: 47  1011500   26.89%
   4230     0       23.9447   232       37.5646     Cuts: 136  1013602   26.89%
   4230     2       23.9447   192       37.5646       27.4632  1013602   26.89%
   4231     3       23.9459   200       37.5646       27.4632  1014880   26.89%
   4232     3       31.3666   109       37.5646       27.4632  1018463   26.89%
   4233     5       31.3666   112       37.5646       27.4632  1020174   26.89%
   4236     6       35.9098    67       37.5646       27.4632  1021865   26.89%
   4254    14       35.9098    73       37.5646       27.4632  1033997   26.89%
   4292    21       35.9143    83       37.5646       27.4632  1037425   26.89%
   4378    32        cutoff             37.5646       27.4632  1050227   26.89%
   4554   106       35.5705    82       37.5646       27.4632  1079034   26.89%
Elapsed time = 34.23 sec. (52224.51 ticks, tree = 1.85 MB, solutions = 13)
*  4572+    8                           34.9832       27.4632            21.50%
   4590   112       32.3764    91       34.9832       27.4632  1082116   21.50%
   4622    80       31.4046   127       34.9832       27.4632  1106535   21.50%
   4677   101       32.8558    66       34.9832       27.4632  1165913   21.50%
   4747   126       33.8945   106       34.9832       27.4632  1183371   21.50%
   4964   180       33.0161    97       34.9832       27.4632  1210052   21.50%
   5186   281        cutoff             34.9832       27.4632  1242971   21.50%
   5463   387       32.7664    61       34.9832       27.4632  1287461   21.50%
   5716   451       32.2602    53       34.9832       27.4632  1314036   21.50%
   5899   632        cutoff             34.9832       27.4632  1388513   21.50%
   5996   770       33.0528   134       34.9832       27.4632  1452948   21.50%
Elapsed time = 43.60 sec. (61842.85 ticks, tree = 14.46 MB, solutions = 14)
   6084   766       32.8030    88       34.9832       27.4632  1452348   21.50%
   6216   874       32.3449   114       34.9832       27.4632  1534919   21.50%
*  6365   890      integral     0       34.3888       27.4632  1526284   20.14%
   6410   890       29.5279    73       34.3888       27.4632  1547951   20.14%
   6566   825       32.8061    95       34.3888       27.4632  1598436   20.14%
   6797   922       29.3832    75       34.3888       27.4632  1650101   20.14%
   6906  1036       32.3227   158       34.3888       27.4632  1708221   20.14%
   7056  1079       33.7757   102       34.3888       27.4632  1745258   20.14%
   7196  1222        cutoff             34.3888       27.4632  1851277   20.14%
   7285  1274        cutoff             34.3888       27.4632  1888113   20.14%
   7353  1329       33.5970    70       34.3888       27.4632  1940503   20.14%
Elapsed time = 53.07 sec. (71423.83 ticks, tree = 30.16 MB, solutions = 15)
   7460  1347       31.8605    71       34.3888       27.4632  1985380   20.14%
   7663  1415        cutoff             34.3888       27.4632  2035679   20.14%
   7911  1428       33.9167    52       34.3888       27.4632  2054313   20.14%
   8169  1554        cutoff             34.3888       27.4632  2082016   20.14%
   8388  1697       34.0686    67       34.3888       27.4632  2161928   20.14%
   8611  1861       28.6993   205       34.3888       27.4632  2252062   20.14%
   8828  1940       33.8331   125       34.3888       27.4632  2290310   20.14%
   8940  2094        cutoff             34.3888       27.4632  2430308   20.14%
   9046  2099       32.3498   124       34.3888       27.4632  2483619   20.14%
   9214  2103       32.7446   147       34.3888       27.4632  2516640   20.14%
Elapsed time = 62.43 sec. (81047.70 ticks, tree = 55.60 MB, solutions = 15)
   9344  2116       32.3396   163       34.3888       27.4632  2509055   20.14%
   9446  2169       33.0467   100       34.3888       27.4632  2627060   20.14%
   9542  2168       30.0435   206       34.3888       27.4632  2620505   20.14%
   9674  2186       33.5718   124       34.3888       27.4632  2652382   20.14%
   9790  2255       32.8558    40       34.3888       27.4632  2727464   20.14%
   9951  2258        cutoff             34.3888       27.4632  2755307   20.14%
  10113  2301       34.0835    48       34.3888       27.4632  2783219   20.14%
  10240  2391       33.8420    85       34.3888       27.4632  2879723   20.14%
  10352  2398       33.9623   143       34.3888       27.4632  2884409   20.14%
  10444  2432       32.2870   134       34.3888       27.4632  2941312   20.14%
Elapsed time = 71.59 sec. (90678.98 ticks, tree = 66.38 MB, solutions = 15)
  10531  2498       33.2589    64       34.3888       27.4632  3056832   20.14%
  10609  2528       33.6515    78       34.3888       27.4632  3076401   20.14%
  10681  2572       33.8331   108       34.3888       27.4632  3149763   20.14%
  10748  2563       32.1700   117       34.3888       27.4632  3164931   20.14%
* 10792  2577      integral     0       34.1493       27.4632  3152128   19.58%
  10878  2566        cutoff             34.1493       27.4632  3151007   19.58%
  11095  2383        cutoff             34.1493       27.4632  3222683   19.58%
  11330  2408        cutoff             34.1493       27.4632  3253826   19.58%
  11471  2503       33.5176    87       34.1493       27.4632  3426168   19.58%
* 11527+ 2523                           33.3639       27.4632            17.69%
  11629  2504       32.8115   115       33.3639       27.4632  3430356   17.69%
  11728  1792       32.6980   138       33.3639       27.4632  3528302   17.69%
Elapsed time = 81.05 sec. (100341.82 ticks, tree = 42.56 MB, solutions = 17)
  11836  1788       32.9993   210       33.3639       27.7252  3543286   16.90%
  11937  1830       33.2900    87       33.3639       28.0159  3681565   16.03%
  12056  1822       32.7298   145       33.3639       29.1826  3746638   12.53%
  12186  1821        cutoff             33.3639       29.1826  3732093   12.53%
  12289  1788       32.9223    49       33.3639       29.1826  3830824   12.53%
  12420  1790       33.1628    77       33.3639       29.1826  3855398   12.53%
  12540  1782       32.3266    69       33.3639       29.1826  3886768   12.53%
  12649  1778        cutoff             33.3639       29.1826  3958047   12.53%
  12753  1772        cutoff             33.3639       29.1826  3970643   12.53%
  12865  1771        cutoff             33.3639       30.9241  4044029    7.31%
Elapsed time = 90.74 sec. (109964.31 ticks, tree = 39.00 MB, solutions = 17)
  12960  1793       33.1768   109       33.3639       30.9241  4148892    7.31%
  13080  1789       32.3430   144       33.3639       30.9241  4166681    7.31%
  13217  1789       32.4101   127       33.3639       32.2028  4242439    3.48%
  13307  1779        cutoff             33.3639       32.2028  4323459    3.48%
  13417  1800       33.1628    52       33.3639       32.2028  4350866    3.48%
  13543  1761       32.2028    68       33.3639       32.2028  4439233    3.48%
  13649  1775       32.9849   115       33.3639       32.2028  4396480    3.48%
  13742  1747       32.3666    97       33.3639       32.2028  4551514    3.48%
  13896  1751       32.4491   138       33.3639       32.2028  4567321    3.48%
  14548  1624        cutoff             33.3639       32.3353  4765600    3.08%
Elapsed time = 103.32 sec. (122461.09 ticks, tree = 33.46 MB, solutions = 17)
  15244  1293       32.8331    29       33.3639       32.6244  5034201    2.22%
  15970  1036        cutoff             33.3639       32.7985  5236871    1.69%
  16941   584       33.1628    57       33.3639       32.8331  5531118    1.59%
  17733   281       33.2805    80       33.3639       33.0728  5643479    0.87%

GUB cover cuts applied:  25
Clique cuts applied:  1
Cover cuts applied:  216
Implied bound cuts applied:  440
Flow cuts applied:  28
Mixed integer rounding cuts applied:  90
Zero-half cuts applied:  74
Gomory fractional cuts applied:  8

Root node processing (before b&c):
  Real time             =    3.83 sec. (8171.50 ticks)
Parallel b&c, 16 threads:
  Real time             =  114.73 sec. (131150.52 ticks)
  Sync time (average)   =   48.92 sec.
  Wait time (average)   =    0.01 sec.
                          ------------
Total (root+branch&cut) =  118.55 sec. (139322.01 ticks)
Feasible solution found!
Truck nodes:
Truck at node 0 at stage 1
Truck at node 10 at stage 2
Truck at node 4 at stage 3
Truck at node 8 at stage 4
Truck at node 6 at stage 5
Truck at node 5 at stage 6
Truck at node 7 at stage 7
Truck at node 11 at stage 8

Truck arcs:
Arc 1 connecting 0 and 10 with cost 4.19835 
Arc 2 connecting 10 and 4 with cost 8.38296 
Arc 3 connecting 4 and 8 with cost 1.94864 
Arc 4 connecting 8 and 6 with cost 5.60229 
Arc 5 connecting 6 and 5 with cost 0.955922 
Arc 6 connecting 5 and 7 with cost 0.777831 
Arc 7 connecting 7 and 11 with cost 7.96713 
Truck route length: 29.8331
Customer 1 was served by drone!
Customer 2 was served by drone!
Customer 3 was served by drone!
Customer 9 was served by drone!
served customer 2 with st stage 1
start from stage 1 at node 0
end at node 4
end at stage 3
served customer 9 with st stage 1
start from stage 1 at node 0
end at node 4
end at stage 3
served customer 1 with st stage 3
start from stage 3 at node 4
end at node 11
end at stage 8
served customer 3 with st stage 3
start from stage 3 at node 4
end at node 11
end at stage 8
Printing wait:
wait[3][8]== 0.530823
Printing z(k, k') and drone travel time: 
---------------------------------------------------------------
Sortie starts at stage 1 and ends at stage 3
Start node: 0
End node: 4
Customer served in this sortie:2 9 
Drone arcs during this sortie:
0-->9, l = 4.46675
2-->4, l = 2.78952
9-->2, l = 3.76225
Truck arcs during this sortie:
0---10, l = 4.19835
10---4, l = 8.38296
Drone travel time during sortie: 11.0185
Truck travel time during sortie: 12.5813
Wait time for this sortie: 0
---------------------------------------------------------------
---------------------------------------------------------------
Sortie starts at stage 3 and ends at stage 8
Start node: 4
End node: 11
Customer served in this sortie:1 3 
Drone arcs during this sortie:
1-->11, l = 5.2504
3-->1, l = 2.81169
4-->3, l = 9.72054
Truck arcs during this sortie:
4---8, l = 1.94864
8---6, l = 5.60229
6---5, l = 0.955922
5---7, l = 0.777831
7---11, l = 7.96713
Drone travel time during sortie: 17.7826
Truck travel time during sortie: 17.2518
Wait time for this sortie: 0.530823
---------------------------------------------------------------
Printing zl:
zl[1][0] = 1
zl[3][4] = 1
Printing zr:
zr[1][4] = 1
zr[3][11] = 1
Printing zs:
zs[1][2] = 1
zs[1][9] = 1
zs[3][1] = 1
zs[3][3] = 1
Printing x_d:
x_d[0][9] = 1
x_d[1][11] = 1
x_d[2][4] = 1
x_d[3][1] = 1
x_d[4][3] = 1
x_d[9][2] = 1
Done!
Solve time: 118.563
OBJECTIVE VALUE: 33.3639.
In write mode
