Instance name: /home/orlab/CLionProjects/RV-FSTSP/Murray_instances/FSTSP/FSTSP_10_customer_problems/20140810T123443v2
Write arg val: 1
Input is specified as type M: Murray instance.-.-.-.-.-.-.-.-.-.-.-.-.-.-.-.-.-.-.-.-

drone speed: 0.2 miles/minute
uav non-eligible customer: 4 8 
Printing tau:
0 7.3617 13.235 11.9489 14.048 9.28995 9.2816 9.57935 4.27959 6.76674 3.51531 0 
7.3617 0 8.59672 16.5872 14.8463 1.92825 1.9199 7.49765 3.32128 11.405 7.04299 7.3617 
13.235 8.59672 0 25.184 23.443 8.42508 9.39342 16.0944 11.7546 20.0018 15.6397 13.235 
11.9489 16.5872 25.184 0 20.0769 16.7589 15.7905 15.6083 13.4294 5.1822 10.0243 11.9489 
14.048 14.8463 23.443 20.0769 0 15.0179 14.0496 7.34864 11.6884 17.2947 10.5327 14.048 
9.28995 1.92825 8.42508 16.7589 15.0179 0 0.968346 7.66929 5.01036 12.5367 7.21463 9.28995 
9.2816 1.9199 9.39342 15.7905 14.0496 0.968346 0 6.70095 5.00201 12.5283 6.24629 9.2816 
9.57935 7.49765 16.0944 15.6083 7.34864 7.66929 6.70095 0 5.29976 12.8261 6.06403 9.57935 
4.27959 3.32128 11.7546 13.4294 11.6884 5.01036 5.00201 5.29976 0 8.24716 3.8851 4.27959 
6.76674 11.405 20.0018 5.1822 17.2947 12.5367 12.5283 12.8261 8.24716 0 6.76206 6.76674 
3.51531 7.04299 15.6397 10.0243 10.5327 7.21463 6.24629 6.06403 3.8851 6.76206 0 3.51531 
0 0 0 0 0 0 0 0 0 0 0 0 
Printing tau_prime:
0 10.2543 16.5737 15.7729 20.465 12.3288 11.8384 11.7816 5.33678 8.84513 5.0194 0 
10.2543 0 10.5868 25.1232 19.1891 2.28145 2.44971 9.21448 5.20038 18.3566 9.45738 10.2543 
16.5737 10.5868 0 32.2862 29.7194 11.276 12.2886 19.8012 13.8643 25.3886 18.4894 16.5737 
15.7729 25.1232 32.2862 0 23.7497 26.7584 25.9207 21.2864 19.9518 6.93179 15.9071 15.7729 
20.465 19.1891 29.7194 23.7497 0 18.5658 17.4845 10.136 17.9521 20.7816 15.4483 20.465 
12.3288 2.28145 11.276 26.7584 18.5658 0 1.14125 9.04478 7.08965 20.1104 10.8907 12.3288 
11.8384 2.44971 12.2886 25.9207 17.4845 1.14125 0 7.90494 6.51871 19.3468 10.0185 11.8384 
11.7816 9.21448 19.8012 21.2864 10.136 9.04478 7.90494 0 8.07267 15.8016 7.16659 11.7816 
5.33678 5.20038 13.8643 19.9518 17.9521 7.08965 6.51871 8.07267 0 13.1583 4.66638 5.33678 
8.84513 18.3566 25.3886 6.93179 20.7816 20.1104 19.3468 15.8016 13.1583 0 9.48339 8.84513 
5.0194 9.45738 18.4894 15.9071 15.4483 10.8907 10.0185 7.16659 4.66638 9.48339 0 5.0194 
0 0 0 0 0 0 0 0 0 0 0 0 
---------------------------------------------------------------
Current config:
- Number of threads = 16
- Drone endurance = 20
- SL = 1
- SR = 1
- L = 2
- Allow loop = 0
- Use TSP optimal solution as warmstart: = 0
- Use cutting plane method: = 0
- Use CPLEX conflict refiner: = 0
---------------------------------------------------------------
M value: 572.151
Warning:  Output names have been modified due to duplicate names or characters invalid in LP format.
Version identifier: 22.1.1.0 | 2022-11-28 | 9160aff4d
CPXPARAM_Threads                                 16
CPXPARAM_TimeLimit                               3600
Tried aggregator 2 times.
MIP Presolve eliminated 1385 rows and 783 columns.
MIP Presolve modified 2795 coefficients.
Aggregator did 32 substitutions.
Reduced MIP has 3615 rows, 2629 columns, and 78579 nonzeros.
Reduced MIP has 2453 binaries, 0 generals, 0 SOSs, and 0 indicators.
Presolve time = 0.06 sec. (108.03 ticks)
Probing time = 0.01 sec. (10.51 ticks)
Cover probing fixed 2 vars, tightened 0 bounds.
Tried aggregator 1 time.
Detecting symmetries...
MIP Presolve eliminated 5 rows and 2 columns.
MIP Presolve modified 22 coefficients.
Reduced MIP has 3610 rows, 2627 columns, and 78502 nonzeros.
Reduced MIP has 2451 binaries, 0 generals, 0 SOSs, and 0 indicators.
Presolve time = 0.03 sec. (41.44 ticks)
Probing fixed 16 vars, tightened 0 bounds.
Probing time = 0.04 sec. (70.94 ticks)
Clique table members: 34497.
MIP emphasis: balance optimality and feasibility.
MIP search method: dynamic search.
Parallel mode: deterministic, using up to 16 threads.
Root relaxation solution time = 0.13 sec. (267.25 ticks)

        Nodes                                         Cuts/
   Node  Left     Objective  IInf  Best Integer    Best Bound    ItCnt     Gap

*     0+    0                        54009.6128        0.0000           100.00%
      0     0       28.3599   266    54009.6128       28.3599     3030   99.95%
*     0+    0                           94.2541       28.3599            69.91%
      0     0       32.0763   267       94.2541      Cuts: 65     6861   65.97%
      0     0       40.0532   211       94.2541     Cuts: 303    10605   57.51%
      0     0       48.5615   295       94.2541     Cuts: 175    15081   48.48%
*     0+    0                           90.4863       48.5615            46.33%
      0     0       52.0699   270       90.4863     Cuts: 119    18063   42.46%
*     0+    0                           83.2076       52.0699            37.42%
      0     0       52.6722   321       83.2076     Cuts: 101    18763   36.70%
Detecting symmetries...
*     0+    0                           74.9439       52.6722            29.72%
      0     0       53.7381   306       74.9439     Cuts: 124    19544   28.30%
      0     0       54.5700   318       74.9439      Cuts: 80    20251   27.19%
      0     0       54.8376   334       74.9439      Cuts: 89    20579   26.83%
      0     0       55.1132   398       74.9439      Cuts: 94    20960   26.46%
      0     0       56.0292   338       74.9439      Cuts: 82    21655   25.24%
      0     0       56.2456   374       74.9439      Cuts: 90    21910   24.95%
      0     0       56.5317   372       74.9439      Cuts: 86    22284   24.57%
      0     0       56.7868   388       74.9439      Cuts: 60    22871   24.23%
      0     0       56.9379   353       74.9439     Cuts: 105    23331   24.03%
      0     0       57.0557   397       74.9439      Cuts: 67    23571   23.87%
      0     0       57.1633   408       74.9439      Cuts: 55    23913   23.73%
      0     0       57.2515   397       74.9439      Cuts: 55    24136   23.61%
      0     0       57.3888   443       74.9439      Cuts: 60    24386   23.42%
      0     0       57.7494   406       74.9439      Cuts: 58    24802   22.94%
      0     0       57.8420   404       74.9439      Cuts: 58    25048   22.82%
      0     0       57.9016   385       74.9439      Cuts: 53    25287   22.74%
      0     0       58.1626   410       74.9439      Cuts: 41    25724   22.39%
      0     0       58.2377   403       74.9439      Cuts: 68    26072   22.29%
      0     0       58.3828   388       74.9439      Cuts: 40    26395   22.10%
      0     0       58.4491   406       74.9439      Cuts: 42    26560   22.01%
      0     0       58.4682   430       74.9439      Cuts: 30    26635   21.98%
      0     0       58.4788   440       74.9439      Cuts: 19    26713   21.97%
      0     0       58.5137   423       74.9439      Cuts: 25    26910   21.92%
      0     0       58.8344   391       74.9439      Cuts: 50    27387   21.50%
      0     0       58.9626   401       74.9439      Cuts: 87    27690   21.32%
      0     0       59.1349   392       74.9439      Cuts: 74    28184   21.09%
      0     0       59.3269   392       74.9439      Cuts: 72    28553   20.84%
      0     0       59.5933   373       74.9439      Cuts: 76    28869   20.48%
      0     0       59.6518   398       74.9439      Cuts: 52    29106   20.40%
      0     0       59.6941   373       74.9439      Cuts: 45    29225   20.35%
      0     0       59.7047   379       74.9439      Cuts: 20    29281   20.33%
Detecting symmetries...
      0     2       59.7482   388       74.9439       59.7047    29507   20.33%
Elapsed time = 4.80 sec. (9312.99 ticks, tree = 0.02 MB, solutions = 5)
      5     7       61.3724   284       74.9439       59.7493    30899   20.27%
     15    15       68.8810   160       74.9439       59.7493    34484   20.27%
     61    37       72.7360    56       74.9439       59.7910    45775   20.22%
    117    45       62.7205   282       74.9439       59.7910    50630   20.22%
    167    57        cutoff             74.9439       59.7910    90954   20.22%
    230    64       74.6654   123       74.9439       59.7910   113211   20.22%
    285    46       70.3957    82       74.9439       59.7910   145473   20.22%
    332    68       73.5460    18       74.9439       59.7910   163925   20.22%
    384    80       72.5021    17       74.9439       59.7910   193559   20.22%
    562    89    infeasible             74.9439       59.7910   264674   20.22%
Elapsed time = 8.08 sec. (12461.56 ticks, tree = 0.13 MB, solutions = 5)
*   653    58      integral     0       74.8846       59.7910   291741   20.16%
*   659    53      integral     0       73.0239       59.7910   285835   18.12%
   1168    36        cutoff             73.0239       59.8613   323189   18.02%
*  1415     9      integral     0       72.1465       59.8715   374455   17.01%
   1421    15       70.1969    88       72.1465       63.8772   377112   11.46%
   1479     8       69.0633   115       72.1465       64.0203   415044   11.26%
   1532    12       69.6228    92       72.1465       64.4585   438545   10.66%
   1669    20       71.8941    62       72.1465       68.9302   451947    4.46%

GUB cover cuts applied:  29
Clique cuts applied:  30
Cover cuts applied:  17
Implied bound cuts applied:  455
Flow cuts applied:  5
Mixed integer rounding cuts applied:  102
Zero-half cuts applied:  60
Gomory fractional cuts applied:  1

Root node processing (before b&c):
  Real time             =    4.69 sec. (8992.92 ticks)
Parallel b&c, 16 threads:
  Real time             =    7.69 sec. (9541.84 ticks)
  Sync time (average)   =    4.04 sec.
  Wait time (average)   =    0.00 sec.
                          ------------
Total (root+branch&cut) =   12.37 sec. (18534.76 ticks)
Feasible solution found!
Truck nodes:
Truck at node 0 at stage 1
Truck at node 8 at stage 2
Truck at node 1 at stage 3
Truck at node 2 at stage 4
Truck at node 5 at stage 5
Truck at node 6 at stage 6
Truck at node 7 at stage 7
Truck at node 4 at stage 8
Truck at node 10 at stage 9
Truck at node 3 at stage 10
Truck at node 9 at stage 11
Truck at node 11 at stage 12

Truck arcs:
Arc 1 connecting 0 and 8 with cost 4.27959 
Arc 2 connecting 8 and 1 with cost 3.32128 
Arc 3 connecting 1 and 2 with cost 8.59672 
Arc 4 connecting 2 and 5 with cost 8.42508 
Arc 5 connecting 5 and 6 with cost 0.968346 
Arc 6 connecting 6 and 7 with cost 6.70095 
Arc 7 connecting 7 and 4 with cost 7.34864 
Arc 8 connecting 4 and 10 with cost 10.5327 
Arc 9 connecting 10 and 3 with cost 10.0243 
Arc 10 connecting 3 and 9 with cost 5.1822 
Arc 11 connecting 9 and 11 with cost 6.76674 
Truck route length: 72.1465
Printing wait:
Printing z(k, k') and drone travel time: 
Printing zl:
Printing zr:
Printing zs:
Printing x_d:
Done!
Solve time: 12.378
OBJECTIVE VALUE: 72.1465.
In write mode
