Instance name: /home/orlab/CLionProjects/RV-FSTSP/Murray_instances/FSTSP/FSTSP_10_customer_problems/20140810T123437v2
Write arg val: 1
Input is specified as type M: Murray instance.-.-.-.-.-.-.-.-.-.-.-.-.-.-.-.-.-.-.-.-

drone speed: 0.2 miles/minute
uav non-eligible customer: 10 
Printing tau:
0 7.81487 11.456 11.7512 6.90462 8.74496 8.26904 7.96713 6.93325 7.23706 4.19835 0 
7.81487 0 18.3108 3.93636 13.7595 7.22991 8.18583 7.04774 13.7881 14.0919 12.0132 7.81487 
11.456 18.3108 0 22.2472 4.55136 11.0809 10.125 11.2631 5.10923 6.13892 11.4943 11.456 
11.7512 3.93636 22.2472 0 17.6958 11.1663 12.1222 10.9841 17.7245 18.0283 15.9496 11.7512 
6.90462 13.7595 4.55136 17.6958 0 6.52957 5.57365 6.71174 1.94864 9.26756 8.38296 6.90462 
8.74496 7.22991 11.0809 11.1663 6.52957 0 0.955922 0.777831 6.55821 13.8279 12.9433 8.74496 
8.26904 8.18583 10.125 12.1222 5.57365 0.955922 0 1.13809 5.60229 13.352 12.4674 8.26904 
7.96713 7.04774 11.2631 10.9841 6.71174 0.777831 1.13809 0 6.74038 13.0501 12.1655 7.96713 
6.93325 13.7881 5.10923 17.7245 1.94864 6.55821 5.60229 6.74038 0 11.2162 10.3316 6.93325 
7.23706 14.0919 6.13892 18.0283 9.26756 13.8279 13.352 13.0501 11.2162 0 7.2754 7.23706 
4.19835 12.0132 11.4943 15.9496 8.38296 12.9433 12.4674 12.1655 10.3316 7.2754 0 4.19835 
0 0 0 0 0 0 0 0 0 0 0 0 
Printing tau_prime:
0 12.2509 13.5582 18.8024 9.51495 10.3155 9.87058 9.3921 10.9091 10.4224 4.94801 0 
12.2509 0 23.0027 6.5606 16.7706 8.59075 9.66193 8.30778 16.3699 22.5134 16.2781 12.2509 
13.5582 23.0027 0 29.091 6.50889 15.8949 14.6508 15.5734 8.01334 8.77857 14.8944 13.5582 
18.8024 6.5606 29.091 0 22.6813 13.6282 14.8639 13.6915 21.9127 29.0691 22.6695 18.8024 
9.51495 16.7706 6.50889 22.6813 0 9.38617 8.14351 9.0795 2.29674 10.9289 12.8279 9.51495 
10.3155 8.59075 15.8949 13.6282 9.38617 0 1.25846 0.941487 8.31925 18.1926 15.2616 10.3155 
9.87058 9.66193 14.6508 14.8639 8.14351 1.25846 0 1.38764 7.06588 17.2062 14.7813 9.87058 
9.3921 8.30778 15.5734 13.6915 9.0795 0.941487 1.38764 0 8.23237 17.4772 14.3397 9.3921 
10.9091 16.3699 8.01334 21.9127 2.29674 8.31925 7.06588 8.23237 0 13.2233 14.6887 10.9091 
10.4224 22.5134 8.77857 29.0691 10.9289 18.1926 17.2062 17.4772 13.2233 0 8.63729 10.4224 
4.94801 16.2781 14.8944 22.6695 12.8279 15.2616 14.7813 14.3397 14.6887 8.63729 0 4.94801 
0 0 0 0 0 0 0 0 0 0 0 0 
---------------------------------------------------------------
Current config:
- Number of threads = 16
- Drone endurance = 20
- SL = 1
- SR = 1
- L = 2
- Allow loop = 0
- Use TSP optimal solution as warmstart: = 0
- Use cutting plane method: = 0
- Use CPLEX conflict refiner: = 0
---------------------------------------------------------------
M value: 532.137
Warning:  Output names have been modified due to duplicate names or characters invalid in LP format.
Version identifier: 22.1.1.0 | 2022-11-28 | 9160aff4d
CPXPARAM_Threads                                 16
CPXPARAM_TimeLimit                               3600
Tried aggregator 2 times.
MIP Presolve eliminated 1198 rows and 596 columns.
MIP Presolve modified 2807 coefficients.
Aggregator did 34 substitutions.
Reduced MIP has 3800 rows, 2814 columns, and 81398 nonzeros.
Reduced MIP has 2638 binaries, 0 generals, 0 SOSs, and 0 indicators.
Presolve time = 0.06 sec. (120.35 ticks)
Probing fixed 26 vars, tightened 0 bounds.
Probing time = 0.03 sec. (93.68 ticks)
Tried aggregator 1 time.
Detecting symmetries...
MIP Presolve eliminated 18 rows and 26 columns.
MIP Presolve modified 22 coefficients.
Reduced MIP has 3782 rows, 2788 columns, and 80839 nonzeros.
Reduced MIP has 2612 binaries, 0 generals, 0 SOSs, and 0 indicators.
Presolve time = 0.03 sec. (42.90 ticks)
Probing time = 0.01 sec. (9.20 ticks)
Clique table members: 34054.
MIP emphasis: balance optimality and feasibility.
MIP search method: dynamic search.
Parallel mode: deterministic, using up to 16 threads.
Root relaxation solution time = 0.17 sec. (330.90 ticks)

        Nodes                                         Cuts/
   Node  Left     Objective  IInf  Best Integer    Best Bound    ItCnt     Gap

*     0+    0                        62499.6903        0.0000           100.00%
      0     0       18.9892   284    62499.6903       18.9892     3980   99.97%
*     0+    0                          104.7689       18.9892            81.88%
      0     0       19.2467   239      104.7689     Cuts: 103     5565   81.63%
      0     0       19.7190   308      104.7689     Cuts: 242     9056   81.18%
      0     0       19.8223   339      104.7689     Cuts: 264    10913   81.08%
*     0+    0                           94.4111       19.8223            79.00%
      0     0       20.6637   376       94.4111     Cuts: 202    12832   78.11%
      0     0       21.2371   429       94.4111     Cuts: 201    13641   77.51%
Detecting symmetries...
      0     0       21.5567   430       94.4111     Cuts: 133    14107   77.17%
      0     0       22.2086   437       94.4111     Cuts: 135    15093   76.48%
      0     0       22.3188   405       94.4111     Cuts: 159    15531   76.36%
      0     0       22.6966   398       94.4111     Cuts: 114    15954   75.96%
      0     0       23.6129   348       94.4111     Cuts: 143    17099   74.99%
      0     0       23.6901   395       94.4111     Cuts: 153    18383   74.91%
      0     0       24.7616   391       94.4111     Cuts: 151    20578   73.39%
      0     0       24.9196   477       94.4111     Cuts: 139    20883   73.29%
      0     0       26.2992   425       94.4111      Cuts: 85    21625   72.14%
      0     0       26.3981   387       94.4111     Cuts: 122    21961   72.04%
      0     0       26.4506   460       94.4111     Cuts: 144    22378   71.98%
*     0+    0                           75.0534       26.4506            64.76%
      0     0       26.8668   427       75.0534     Cuts: 108    23179   64.20%
      0     0       27.4903   359       75.0534     Cuts: 152    24013   63.37%
      0     0       28.6425   337       75.0534     Cuts: 174    24938   61.84%
      0     0       28.7345   383       75.0534     Cuts: 176    25475   61.71%
      0     0       28.7764   419       75.0534     Cuts: 155    26029   61.66%
      0     0       28.8090   420       75.0534     Cuts: 149    26569   61.62%
      0     0       28.8201   438       75.0534     Cuts: 121    26973   61.60%
      0     0       28.8312   459       75.0534     Cuts: 101    27226   61.59%
      0     0       28.8883   472       75.0534      Cuts: 80    27556   61.51%
      0     0       28.9815   458       75.0534     Cuts: 110    27976   61.39%
      0     0       28.9937   484       75.0534     Cuts: 112    28284   61.37%
      0     0       29.0173   428       75.0534     Cuts: 103    28682   61.34%
      0     0       29.0356   501       75.0534     Cuts: 129    29147   61.31%
      0     0       29.0411   506       75.0534      Cuts: 98    29326   61.31%
      0     0       29.0413   519       75.0534      Cuts: 28    29389   61.31%
Detecting symmetries...
      0     2       32.0831   259       75.0534       29.2047    32596   61.09%
Elapsed time = 5.74 sec. (11346.11 ticks, tree = 0.02 MB, solutions = 4)
      1     3       33.7448   258       75.0534       32.1943    37002   57.10%
      4     5       38.4089   207       75.0534       33.8259    43257   54.93%
      7     5       38.4855   223       75.0534       33.8591    46592   54.89%
     11     5       47.2831   198       75.0534       34.9481    48150   53.44%
     13    10       36.9440   214       75.0534       34.9796    55714   53.39%
     18    12        cutoff             75.0534       34.9796    70063   53.39%
     26    19       41.3878   192       75.0534       34.9796    85987   53.39%
     42    24       53.4133   116       75.0534       34.9796    93817   53.39%
     59    28       44.2646    89       75.0534       34.9796   100023   53.39%
    114    77       44.1442   154       75.0534       34.9796   197064   53.39%
Elapsed time = 9.13 sec. (15449.97 ticks, tree = 0.09 MB, solutions = 4)
    177   121       44.3329    78       75.0534       37.8992   296271   49.50%
    227   173       46.5720    94       75.0534       37.8992   375348   49.50%
*   317   172      integral     0       69.7101       37.8992   368932   45.63%
    477   199        cutoff             69.7101       37.8992   394074   45.63%
    879   484       51.2261   208       69.7101       37.8992   492709   45.63%
   1215   695       66.7575    38       69.7101       37.8992   540059   45.63%
   1495   920       58.3701   170       69.7101       37.9560   608536   45.55%
   1750  1137       65.3620    64       69.7101       38.1478   693377   45.28%
*  1945+ 1249                           64.6836       38.6243            40.29%
*  1977+ 1205                           64.4886       38.6243            40.11%
   1983  1211       45.2591   139       64.4886       38.6243   725671   40.11%
   2307  1350       61.9315    63       64.4886       38.6243   875540   40.11%
   2538  1499        cutoff             64.4886       38.6243   917481   40.11%
Elapsed time = 18.91 sec. (25034.79 ticks, tree = 38.12 MB, solutions = 7)
   2619  1737       60.2895   105       64.4886       38.6243   990045   40.11%
*  2765+ 1759                           63.7376       39.7070            37.70%
   2819  1763       62.1516    91       63.7376       39.7070  1034491   37.70%
*  2904+ 1820                           58.8335       39.7070            32.51%
   3080  1761       42.9487   233       58.8335       40.5197  1039259   31.13%
   3359  1462       53.2169   135       58.8335       41.1188  1144215   30.11%
   3578  1623       53.3255    90       58.8335       41.2088  1213913   29.96%
   3832  1713       54.7399   152       58.8335       41.5306  1282960   29.41%
   4138  2020       45.4157   204       58.8335       42.1828  1414369   28.30%
   4416  2095       57.5952    58       58.8335       43.1562  1455357   26.65%

Performing restart 1

Repeating presolve.
Tried aggregator 1 time.
MIP Presolve eliminated 24 rows and 31 columns.
MIP Presolve modified 1936 coefficients.
Reduced MIP has 3758 rows, 2757 columns, and 79427 nonzeros.
Reduced MIP has 2581 binaries, 0 generals, 0 SOSs, and 0 indicators.
Presolve time = 0.05 sec. (81.27 ticks)
Tried aggregator 2 times.
MIP Presolve eliminated 3 rows and 22 columns.
MIP Presolve modified 13 coefficients.
Aggregator did 3 substitutions.
Reduced MIP has 3752 rows, 2732 columns, and 78712 nonzeros.
Reduced MIP has 2556 binaries, 0 generals, 0 SOSs, and 0 indicators.
Presolve time = 0.04 sec. (67.57 ticks)
Represolve time = 0.20 sec. (358.76 ticks)
   4461     0       37.8992   207       58.8335      Cuts: 46  1579134   25.68%
   4461     0       37.8992   241       58.8335     Cuts: 153  1581135   25.68%
   4461     0       37.8992   209       58.8335      Cuts: 31  1581906   25.68%
   4461     0       37.8992   208       58.8335     Cuts: 109  1583354   25.68%
   4461     0       37.8992   200       58.8335      Cuts: 10  1585700   25.68%
   4461     0       37.8992   210       58.8335     Cuts: 147  1587676   25.68%
   4461     0       37.8992   205       58.8335      Cuts: 35  1591216   25.68%
*  4461+    0                           53.7933       43.7247            18.72%
   4461     0  -1.00000e+75     0       53.7933       43.7247  1591216   18.72%
   4461     2       37.8992   184       53.7933       43.7247  1591216   18.72%
   4462     3       37.9086   298       53.7933       43.7247  1597269   18.72%
Elapsed time = 36.11 sec. (53967.54 ticks, tree = 0.02 MB, solutions = 10)
   4464     4       44.0592    91       53.7933       43.7247  1602480   18.72%
   4467     4       50.6076   136       53.7933       43.7247  1604426   18.72%
   4470     4       44.0592   123       53.7933       43.7247  1603939   18.72%
   4484     8       47.8209    70       53.7933       43.7247  1613420   18.72%
   4491     8       44.0592    52       53.7933       43.7247  1611756   18.72%
   4511    15       53.7720   133       53.7933       43.7247  1626243   18.72%
   4544    11       50.8292   132       53.7933       43.7247  1624155   18.72%
   4573    34       49.0019   127       53.7933       43.7247  1670044   18.72%
   4611    47       52.5539    77       53.7933       43.7247  1697254   18.72%
   4662    50       45.7366   135       53.7933       43.7247  1707776   18.72%
Elapsed time = 44.24 sec. (65511.05 ticks, tree = 0.52 MB, solutions = 10)
   4710    47       37.9567   354       53.7933       43.7247  1722559   18.72%
   4775    81       48.0250   199       53.7933       43.7247  1739440   18.72%
   4887   109        cutoff             53.7933       43.7247  1756989   18.72%
   5097   140       51.6834   125       53.7933       43.7247  1773973   18.72%
   5354   263       50.8733   101       53.7933       43.7247  1812739   18.72%
   5667   317       48.2464   115       53.7933       43.7247  1822594   18.72%
   5942   510       38.7161   277       53.7933       43.7247  1873522   18.72%
   6241   655       46.9699   130       53.7933       43.7247  1906137   18.72%
   6345   901       45.9467   147       53.7933       43.7247  1960200   18.72%
   6396   879       45.1419   172       53.7933       43.7247  1954518   18.72%
Elapsed time = 53.29 sec. (75135.38 ticks, tree = 17.59 MB, solutions = 10)
   6559  1073       47.2857   193       53.7933       43.7247  2034791   18.72%
   6918  1133        cutoff             53.7933       43.7247  2055429   18.72%
   7176  1146       46.4071   111       53.7933       43.7247  2074841   18.72%
   7550  1644       52.6182   102       53.7933       43.7247  2188817   18.72%
   7821  1633       49.4283   141       53.7933       43.7247  2179114   18.72%
   7923  2046       47.6899   143       53.7933       43.7247  2313319   18.72%
   8002  2041       49.4998   153       53.7933       43.7247  2320747   18.72%
   8079  2084       48.2712   104       53.7933       43.7247  2372471   18.72%
   8164  2097       50.8983   197       53.7933       43.7247  2396155   18.72%
   8251  2113       48.9079   121       53.7933       43.7247  2443041   18.72%
Elapsed time = 61.80 sec. (84766.74 ticks, tree = 56.21 MB, solutions = 10)
   8332  2101       46.3363   149       53.7933       43.7247  2492130   18.72%
   8408  2102       45.6927   172       53.7933       43.7247  2487403   18.72%
   8510  2094        cutoff             53.7933       43.7247  2563844   18.72%
   8584  2082        cutoff             53.7933       43.7247  2602953   18.72%
   8662  2093       53.4533    71       53.7933       43.7247  2641615   18.72%
   8741  2091       49.9137   145       53.7933       43.7247  2642119   18.72%
   8815  2109       52.6621    63       53.7933       43.7247  2726167   18.72%
   8984  2115       52.2192    99       53.7933       43.7247  2715512   18.72%
   9422  2183       47.8591    98       53.7933       43.7247  2745064   18.72%
   9829  2249       50.5060    79       53.7933       43.7247  2772155   18.72%
Elapsed time = 70.05 sec. (94391.18 ticks, tree = 60.07 MB, solutions = 10)
  10185  2408       46.4177    76       53.7933       43.7247  2814870   18.72%
  10435  2789       53.2837    51       53.7933       44.0106  2932366   18.19%
  10541  2946        cutoff             53.7933       45.1450  2981594   16.08%
  10629  2996       48.1513   177       53.7933       45.2376  3019822   15.90%
  10718  3027        cutoff             53.7933       45.2376  3110764   15.90%
  10826  3046       50.3512   165       53.7933       45.2376  3165886   15.90%
  10920  3052       53.6481   171       53.7933       45.2376  3198752   15.90%
  11018  3081       49.0611    99       53.7933       45.2376  3248906   15.90%
  11126  3090        cutoff             53.7933       45.2376  3245112   15.90%
  11315  3133       48.3441   201       53.7933       45.2376  3289601   15.90%
Elapsed time = 78.42 sec. (104016.25 ticks, tree = 88.08 MB, solutions = 10)
  11631  3108       50.5841   124       53.7933       46.0146  3300354   14.46%
  11979  3217       47.6861   111       53.7933       46.1891  3385957   14.14%
  12231  3290       47.5803   166       53.7933       46.2389  3401362   14.04%
  12391  3456        cutoff             53.7933       46.2533  3492027   14.02%
  12494  3673       48.4075   208       53.7933       46.2533  3575705   14.02%
  12603  3615       48.7149   204       53.7933       46.3477  3685679   13.84%
  12739  3613        cutoff             53.7933       46.3659  3697104   13.81%
  12865  3583        cutoff             53.7933       46.3659  3739061   13.81%
  12986  3596        cutoff             53.7933       46.3659  3719197   13.81%
  13086  3629       52.3862    60       53.7933       46.3757  3808152   13.79%
Elapsed time = 87.72 sec. (113661.97 ticks, tree = 101.96 MB, solutions = 10)
  13179  3610        cutoff             53.7933       46.3757  3844319   13.79%
  13286  3564        cutoff             53.7933       46.5934  3934134   13.38%
  13415  3561        cutoff             53.7933       46.7033  3987848   13.18%
  13554  3554        cutoff             53.7933       46.7584  4030569   13.08%
  13658  3434       50.3336   130       53.7933       46.7584  4154084   13.08%
  13781  3413        cutoff             53.7933       46.7640  4175098   13.07%
  13902  3405       51.0586   130       53.7933       46.7640  4183191   13.07%
  14033  3330        cutoff             53.7933       46.7640  4283338   13.07%
  14150  3361       50.1004   183       53.7933       46.7640  4267233   13.07%
  14686  3193        cutoff             53.7933       46.7640  4446917   13.07%
Elapsed time = 98.84 sec. (126126.60 ticks, tree = 85.56 MB, solutions = 10)
  15290  2766        cutoff             53.7933       46.7640  4716790   13.07%
  16039  2318        cutoff             53.7933       48.2729  4947270   10.26%
  17333  1221       52.0102    62       53.7933       48.2729  5206420   10.26%
  18454   727        cutoff             53.7933       48.2729  5352467   10.26%
  19537    32       49.1393   236       53.7933       48.2729  5543890   10.26%

GUB cover cuts applied:  79
Clique cuts applied:  10
Cover cuts applied:  59
Implied bound cuts applied:  132
Flow cuts applied:  14
Mixed integer rounding cuts applied:  91
Zero-half cuts applied:  146
Lift and project cuts applied:  1
Gomory fractional cuts applied:  4

Root node processing (before b&c):
  Real time             =    5.37 sec. (10367.54 ticks)
Parallel b&c, 16 threads:
  Real time             =  110.57 sec. (136289.88 ticks)
  Sync time (average)   =   48.22 sec.
  Wait time (average)   =    0.01 sec.
                          ------------
Total (root+branch&cut) =  115.94 sec. (146657.42 ticks)
Feasible solution found!
Truck nodes:
Truck at node 0 at stage 1
Truck at node 10 at stage 2
Truck at node 9 at stage 3
Truck at node 2 at stage 4
Truck at node 8 at stage 5
Truck at node 6 at stage 6
Truck at node 5 at stage 7
Truck at node 7 at stage 8
Truck at node 3 at stage 9
Truck at node 1 at stage 10
Truck at node 11 at stage 11

Truck arcs:
Arc 1 connecting 0 and 10 with cost 4.19835 
Arc 2 connecting 10 and 9 with cost 7.2754 
Arc 3 connecting 9 and 2 with cost 6.13892 
Arc 4 connecting 2 and 8 with cost 5.10923 
Arc 5 connecting 8 and 6 with cost 5.60229 
Arc 6 connecting 6 and 5 with cost 0.955922 
Arc 7 connecting 5 and 7 with cost 0.777831 
Arc 8 connecting 7 and 3 with cost 10.9841 
Arc 9 connecting 3 and 1 with cost 3.93636 
Arc 10 connecting 1 and 11 with cost 7.81487 
Truck route length: 52.7933
Customer 4 was served by drone!
served customer 4 with st stage 1
start from stage 1 at node 0
end at node 2
end at stage 4
Printing wait:
Printing z(k, k') and drone travel time: 
---------------------------------------------------------------
Sortie starts at stage 1 and ends at stage 4
Start node: 0
End node: 2
Customer served in this sortie:4 
Drone arcs during this sortie:
0-->4, l = 9.51495
4-->2, l = 6.50889
Truck arcs during this sortie:
0---10, l = 4.19835
10---9, l = 7.2754
9---2, l = 6.13892
Drone travel time during sortie: 16.0238
Truck travel time during sortie: 17.6127
Wait time for this sortie: 0
---------------------------------------------------------------
Printing zl:
zl[1][0] = 1
Printing zr:
zr[1][2] = 1
Printing zs:
zs[1][4] = 1
Printing x_d:
x_d[0][4] = 1
x_d[4][2] = 1
Done!
Solve time: 115.946
OBJECTIVE VALUE: 53.7933.
In write mode
