Instance name: /home/orlab/CLionProjects/RV-FSTSP/Murray_instances/FSTSP/FSTSP_10_customer_problems/20140810T123443v7
Write arg val: 1
Input is specified as type M: Murray instance.-.-.-.-.-.-.-.-.-.-.-.-.-.-.-.-.-.-.-.-

drone speed: 0.4 miles/minute
uav non-eligible customer: 4 8 
Printing tau:
0 13.7617 11.155 18.3489 20.448 15.6899 15.6816 15.9793 10.6796 13.1667 9.91531 0 
13.7617 0 8.59672 16.5872 14.8463 1.92825 1.9199 7.49765 3.32128 11.405 7.04299 13.7617 
11.155 8.59672 0 25.184 23.443 8.42508 9.39342 16.0944 11.7546 20.0018 15.6397 11.155 
18.3489 16.5872 25.184 0 20.0769 16.7589 15.7905 15.6083 13.4294 5.1822 10.0243 18.3489 
20.448 14.8463 23.443 20.0769 0 15.0179 14.0496 7.34864 11.6884 17.2947 10.5327 20.448 
15.6899 1.92825 8.42508 16.7589 15.0179 0 0.968346 7.66929 5.01036 12.5367 7.21463 15.6899 
15.6816 1.9199 9.39342 15.7905 14.0496 0.968346 0 6.70095 5.00201 12.5283 6.24629 15.6816 
15.9793 7.49765 16.0944 15.6083 7.34864 7.66929 6.70095 0 5.29976 12.8261 6.06403 15.9793 
10.6796 3.32128 11.7546 13.4294 11.6884 5.01036 5.00201 5.29976 0 8.24716 3.8851 10.6796 
13.1667 11.405 20.0018 5.1822 17.2947 12.5367 12.5283 12.8261 8.24716 0 6.76206 13.1667 
9.91531 7.04299 15.6397 10.0243 10.5327 7.21463 6.24629 6.06403 3.8851 6.76206 0 9.91531 
0 0 0 0 0 0 0 0 0 0 0 0 
Printing tau_prime:
0 9.8104 9.25073 12.9773 18.6272 11.1513 11.2352 13.059 8.31432 9.57356 9.37646 0 
9.8104 0 6.3521 15.0739 11.5134 1.36887 1.46982 5.52869 3.12023 11.0139 5.67443 9.8104 
9.25073 6.3521 0 19.3717 17.8316 6.76563 7.37314 11.8807 8.31856 15.2332 11.0936 9.25073 
12.9773 15.0739 19.3717 0 14.2498 16.055 15.5524 12.7718 11.9711 4.15908 9.54426 12.9773 
18.6272 11.5134 17.8316 14.2498 0 11.1395 10.4907 6.08158 10.7713 12.469 9.269 18.6272 
11.1513 1.36887 6.76563 16.055 11.1395 0 0.684749 5.42687 4.25379 12.0662 6.53442 11.1513 
11.2352 1.46982 7.37314 15.5524 10.4907 0.684749 0 4.74296 3.91122 11.6081 6.01108 11.2352 
13.059 5.52869 11.8807 12.7718 6.08158 5.42687 4.74296 0 4.8436 9.48094 4.29995 13.059 
8.31432 3.12023 8.31856 11.9711 10.7713 4.25379 3.91122 4.8436 0 7.89497 2.79983 8.31432 
9.57356 11.0139 15.2332 4.15908 12.469 12.0662 11.6081 9.48094 7.89497 0 5.69004 9.57356 
9.37646 5.67443 11.0936 9.54426 9.269 6.53442 6.01108 4.29995 2.79983 5.69004 0 9.37646 
0 0 0 0 0 0 0 0 0 0 0 0 
---------------------------------------------------------------
Current config:
- Number of threads = 16
- Drone endurance = 20
- SL = 1
- SR = 1
- L = 2
- Allow loop = 0
- Use TSP optimal solution as warmstart: = 0
- Use cutting plane method: = 0
- Use CPLEX conflict refiner: = 0
---------------------------------------------------------------
M value: 627.671
Warning:  Output names have been modified due to duplicate names or characters invalid in LP format.
Version identifier: 22.1.1.0 | 2022-11-28 | 9160aff4d
CPXPARAM_Threads                                 16
CPXPARAM_TimeLimit                               3600
Tried aggregator 2 times.
MIP Presolve eliminated 1067 rows and 474 columns.
MIP Presolve modified 2762 coefficients.
Aggregator did 34 substitutions.
Reduced MIP has 3931 rows, 2936 columns, and 83406 nonzeros.
Reduced MIP has 2760 binaries, 0 generals, 0 SOSs, and 0 indicators.
Presolve time = 0.06 sec. (123.97 ticks)
Probing fixed 19 vars, tightened 0 bounds.
Probing time = 0.03 sec. (79.15 ticks)
Tried aggregator 1 time.
Detecting symmetries...
MIP Presolve eliminated 10 rows and 19 columns.
MIP Presolve modified 33 coefficients.
Reduced MIP has 3921 rows, 2917 columns, and 83009 nonzeros.
Reduced MIP has 2741 binaries, 0 generals, 0 SOSs, and 0 indicators.
Presolve time = 0.04 sec. (58.76 ticks)
Probing time = 0.01 sec. (9.00 ticks)
Clique table members: 37139.
MIP emphasis: balance optimality and feasibility.
MIP search method: dynamic search.
Parallel mode: deterministic, using up to 16 threads.
Root relaxation solution time = 0.13 sec. (292.45 ticks)

        Nodes                                         Cuts/
   Node  Left     Objective  IInf  Best Integer    Best Bound    ItCnt     Gap

*     0+    0                        58016.9406        0.0000           100.00%
      0     0       32.8399   251    58016.9406       32.8399     3480   99.94%
*     0+    0                          138.5426       32.8399            76.30%
      0     0       46.8468   200      138.5426      Cuts: 92    10525   66.19%
*     0+    0                           86.9605       46.8468            46.13%
      0     0       47.2042   267       86.9605     Cuts: 223    13819   45.72%
      0     0       47.5587   240       86.9605     Cuts: 224    16130   45.31%
      0     0       48.7760   172       86.9605     Cuts: 156    18807   43.91%
      0     0       48.7760   182       86.9605      Cuts: 82    19536   43.91%
Detecting symmetries...
      0     0       48.7760   116       86.9605       Cuts: 4    19817   43.91%
      0     0       48.7760   118       86.9605     Cuts: 120    21533   43.91%
Detecting symmetries...
      0     2       48.7760    71       86.9605       48.7760    21533   43.91%
Elapsed time = 3.47 sec. (7321.34 ticks, tree = 0.02 MB, solutions = 3)
      2     4       48.7760   128       86.9605       48.7760    23524   43.91%
     13     5    infeasible             86.9605       48.7760    24187   43.91%
    135    49       83.7904    14       86.9605       48.7760    33717   43.91%
    448   133       61.3483    76       86.9605       48.7760    61149   43.91%
*   661+    3                           83.0405       48.7760            41.26%
    767   233       70.4416    36       83.0405       48.7760    94538   41.26%
*  1125   274      integral     0       81.6372       48.7760   120196   40.25%
   1197   295        cutoff             81.6372       48.7760   135935   40.25%
*  1423   300      integral     0       80.1511       48.7760   147223   39.14%
   1701   254        cutoff             80.1511       48.7760   172982   39.14%
   2057   277       48.7760   106       80.1511       48.7760   167581   39.14%
   2099    39       77.6203    63       80.1511       48.7760   207302   39.14%
*  2375   117      integral     0       77.1090       48.7760   270844   36.74%
   2387   136       68.7707    75       77.1090       48.7760   277006   36.74%
Elapsed time = 6.47 sec. (10722.81 ticks, tree = 0.17 MB, solutions = 7)
   2454   168       53.8647    56       77.1090       48.7760   332979   36.74%
   2609   245    infeasible             77.1090       48.7760   408178   36.74%
   2785   353       60.9103    72       77.1090       48.7760   503353   36.74%
   2888   391       53.1143   112       77.1090       48.7760   541032   36.74%
   2934   339       48.9562   102       77.1090       48.7760   488910   36.74%
   3065   531       64.8415   160       77.1090       48.7760   681482   36.74%
   3276   722       48.9229   182       77.1090       48.7760   783358   36.74%
   3495   757    infeasible             77.1090       48.7760   820963   36.74%
   3631  1028       63.4418    86       77.1090       48.7760   929787   36.74%
   3782  1148       61.5373    77       77.1090       48.7760  1022909   36.74%
Elapsed time = 16.67 sec. (20341.51 ticks, tree = 2.35 MB, solutions = 7)
   3871  1199       57.9723    99       77.1090       48.7760  1053699   36.74%
   4031  1266       48.7760    91       77.1090       48.7760  1144542   36.74%
   4252  1309       68.1642   118       77.1090       48.7760  1174088   36.74%
   4408  1457       71.5885    97       77.1090       48.7760  1232572   36.74%
   4502  1685        cutoff             77.1090       48.7760  1365375   36.74%
   4658  1754       58.8552   122       77.1090       48.7760  1437111   36.74%
   4831  1841       51.4776   180       77.1090       48.7760  1493756   36.74%
   5031  1918       55.8745    85       77.1090       48.7760  1563680   36.74%
   5206  2149       75.6531    59       77.1090       48.7760  1684621   36.74%
   5383  2213        cutoff             77.1090       48.7760  1744288   36.74%
Elapsed time = 26.91 sec. (29942.81 ticks, tree = 4.58 MB, solutions = 7)
   5438  2393        cutoff             77.1090       48.7760  1854031   36.74%
   5603  2445       77.0480    70       77.1090       48.7760  1912529   36.74%
   5866  2568       53.3771   159       77.1090       48.7760  1977674   36.74%
   6153  2670       75.7601   158       77.1090       48.7760  2025747   36.74%
   6482  2981       55.4183    67       77.1090       49.0174  2150844   36.43%

Performing restart 1

Repeating presolve.
Tried aggregator 1 time.
MIP Presolve eliminated 4 rows and 26 columns.
MIP Presolve modified 2515 coefficients.
Reduced MIP has 3917 rows, 2891 columns, and 80807 nonzeros.
Reduced MIP has 2715 binaries, 0 generals, 0 SOSs, and 0 indicators.
Presolve time = 0.03 sec. (59.71 ticks)
Tried aggregator 1 time.
MIP Presolve eliminated 29 rows and 8 columns.
MIP Presolve modified 1 coefficients.
Reduced MIP has 3888 rows, 2883 columns, and 77756 nonzeros.
Reduced MIP has 2709 binaries, 0 generals, 0 SOSs, and 0 indicators.
Presolve time = 0.03 sec. (48.01 ticks)
Represolve time = 0.14 sec. (281.60 ticks)
   6789     0       48.7760   153       77.1090      Cuts: 25  2261797   36.35%
   6789     0       48.7760   198       77.1090     Cuts: 122  2264009   36.35%
   6789     0       48.7760   125       77.1090       Cuts: 6  2264198   36.35%
   6789     0       48.7760   167       77.1090     Cuts: 157  2265913   36.35%
*  6789+    0                           72.8226       49.0774            32.61%
   6789     0       48.7760   141       72.8226      Cuts: 14  2266628   32.61%
   6789     0       48.7760   112       72.8226     Cuts: 113  2269307   32.61%
   6789     2       48.7760    63       72.8226       49.0774  2269307   32.61%
   6790     3       48.7760    98       72.8226       49.0774  2269838   32.61%
   6791     2        cutoff             72.8226       49.0774  2275421   32.61%
   6792     3       48.7760   126       72.8226       49.0774  2272882   32.61%
   6796     4       48.7760   144       72.8226       49.0774  2282703   32.61%
Elapsed time = 40.44 sec. (55105.57 ticks, tree = 0.02 MB, solutions = 8)
   6799     5       48.7760    99       72.8226       49.0774  2282303   32.61%
   6801     7       48.7760    94       72.8226       49.0774  2292158   32.61%
   6806     6       48.7760   115       72.8226       49.0774  2287799   32.61%
   6810    10       58.4562   144       72.8226       49.0774  2300235   32.61%
   6817     9       48.7886   139       72.8226       49.0774  2294690   32.61%
   6828    10       62.8041    66       72.8226       49.0774  2306894   32.61%
   6840    13       53.5062   145       72.8226       49.0774  2314426   32.61%
   6873    20       69.1407   147       72.8226       49.0774  2326969   32.61%
   6911    25       61.3250   135       72.8226       49.0774  2333982   32.61%
   6959    38       65.8526    74       72.8226       49.0774  2340545   32.61%
Elapsed time = 48.30 sec. (65804.06 ticks, tree = 0.47 MB, solutions = 8)
   6986    79       57.0621   144       72.8226       49.0774  2377871   32.61%
   7022    81       59.5467   184       72.8226       49.0774  2379201   32.61%
   7063    80       49.3488   194       72.8226       49.0774  2430728   32.61%
   7107    80       57.9107   109       72.8226       49.0774  2450981   32.61%
   7170    82       61.5432   126       72.8226       49.0774  2475488   32.61%
   7321    99       88.4971    87       72.8226       49.0774  2499813   32.61%
   7567   145       66.2339    74       72.8226       49.0774  2520403   32.61%
   7785   160       69.5085   109       72.8226       49.0774  2547823   32.61%
   7946   369       66.2965   106       72.8226       49.0774  2638152   32.61%
   8166   256       56.3364   170       72.8226       49.0774  2605303   32.61%
Elapsed time = 57.21 sec. (75467.33 ticks, tree = 4.90 MB, solutions = 8)
   8301   507       61.8167   175       72.8226       49.0774  2721463   32.61%
   8373   658       56.8140    49       72.8226       49.0774  2794598   32.61%
   8432   745       72.1895    58       72.8226       49.0774  2854919   32.61%
   8501   751        cutoff             72.8226       49.0774  2872064   32.61%
   8590   781       60.9074   155       72.8226       49.0774  2890347   32.61%
   8710   845       70.7287    67       72.8226       49.0774  2942614   32.61%
   8876   873       60.9036    57       72.8226       49.0774  2953319   32.61%
   9116   897       70.0990    17       72.8226       49.0774  2968795   32.61%
   9430   930       68.9078    64       72.8226       49.0774  3017309   32.61%
   9830  1198       59.4547   104       72.8226       49.0774  3134789   32.61%
Elapsed time = 65.94 sec. (85078.48 ticks, tree = 27.71 MB, solutions = 8)
* 10082+ 1243                           71.0342       52.1463            26.59%
  10113  1268       58.6691   221       71.0342       52.1463  3151767   26.59%
  10305  1522       59.3775   124       71.0342       52.1463  3229653   26.59%
  10444  1764       61.8596   127       71.0342       54.0270  3353819   23.94%
  10529  1805        cutoff             71.0342       54.0270  3394640   23.94%
  10599  1827       67.0708   168       71.0342       54.0270  3423039   23.94%
* 10622+ 1832                           70.7858       54.0270            23.68%
* 10661  1810      integral     0       69.8789       54.0270  3475074   22.68%
  10684  1827        cutoff             69.8789       57.7895  3443890   17.30%
  10757  1838        cutoff             69.8789       57.7895  3479809   17.30%
  10979  1666       59.6489   185       69.8789       57.7895  3483261   17.30%
  11207  1801       67.8786   166       69.8789       57.7895  3549967   17.30%
  11423  1818       68.2344    86       69.8789       57.7895  3548087   17.30%
Elapsed time = 74.53 sec. (94714.68 ticks, tree = 47.67 MB, solutions = 11)
  11668  1958       58.8156   155       69.8789       57.7895  3615178   17.30%
  11900  2117       62.7591    37       69.8789       57.7895  3674730   17.30%
  12084  2368       64.0295    67       69.8789       57.7895  3738735   17.30%
  12192  2562       63.2124   109       69.8789       57.7895  3835120   17.30%
  12273  2773       68.6594    54       69.8789       57.7895  3933133   17.30%
  12387  2730       58.7895    68       69.8789       57.7895  3908824   17.30%
  12432  2891       61.7796   125       69.8789       57.7895  4023189   17.30%
  12551  2930       60.6984   150       69.8789       57.7895  4046696   17.30%
  12759  2929       58.1356   199       69.8789       57.7895  4062904   17.30%
  13012  3071       65.1693    82       69.8789       57.7895  4175533   17.30%
Elapsed time = 83.99 sec. (104346.44 ticks, tree = 81.57 MB, solutions = 11)
  13247  2966       58.5071   229       69.8789       57.7895  4117759   17.30%
  13357  3345       68.6961    60       69.8789       57.7895  4299536   17.30%
  13420  3279       58.2008   217       69.8789       57.7895  4269665   17.30%
  13477  3549       66.5597    61       69.8789       57.7965  4366999   17.29%
  13521  3655       67.6898    78       69.8789       57.7965  4439561   17.29%
  13593  3719       59.1498   188       69.8789       57.7965  4514189   17.29%
  13691  3732       58.8164   154       69.8789       57.7965  4514732   17.29%
  13783  3788       61.2735    98       69.8789       57.7965  4585337   17.29%
  13887  3856       67.7687    93       69.8789       57.7965  4632639   17.29%
  14824  4205        cutoff             69.8789       58.0837  4818108   16.88%
Elapsed time = 95.79 sec. (116837.48 ticks, tree = 112.33 MB, solutions = 11)
  15163  4558       65.9491   107       69.8789       58.1827  5074320   16.74%
  15609  4773        cutoff             69.8789       58.5725  5275557   16.18%
* 15800+ 4781                           66.3263       58.7895            11.36%
  16020  3483       65.0367    87       66.3263       58.8036  5360259   11.34%
  16471  3571       64.4318    19       66.3263       58.8295  5529474   11.30%
  16920  3566        cutoff             66.3263       58.9065  5803674   11.19%
  17405  3539        cutoff             66.3263       59.0882  5992058   10.91%
  17829  3456        cutoff             66.3263       59.2823  6326275   10.62%
  18409  3443       61.3845   106       66.3263       59.6047  6468642   10.13%
  18929  3372       61.4011   217       66.3263       59.8184  6641386    9.81%
  19482  3271        cutoff             66.3263       60.1529  6929738    9.31%
Elapsed time = 130.39 sec. (155106.95 ticks, tree = 72.18 MB, solutions = 12)
* 19498+ 3240                           65.3263       60.1765             7.88%
  20066  2577       61.6695    57       65.3263       60.5103  7138232    7.37%
  20682  2451        cutoff             65.3263       60.9120  7327696    6.76%
  21357  2241       61.9482   165       65.3263       61.3001  7533823    6.16%
  22068  2137        cutoff             65.3263       61.8001  7661217    5.40%
  22762  1898        cutoff             65.3263       61.9103  7879642    5.23%
  23555  1620       63.9013   114       65.3263       62.3401  8133647    4.57%
  24601  1189        cutoff             65.3263       62.7991  8406382    3.87%
  25983   459        cutoff             65.3263       64.2033  8602381    1.72%

GUB cover cuts applied:  42
Clique cuts applied:  9
Cover cuts applied:  347
Implied bound cuts applied:  307
Flow cuts applied:  18
Mixed integer rounding cuts applied:  55
Zero-half cuts applied:  49
Lift and project cuts applied:  9
Gomory fractional cuts applied:  3

Root node processing (before b&c):
  Real time             =    3.37 sec. (7057.73 ticks)
Parallel b&c, 16 threads:
  Real time             =  156.51 sec. (180058.99 ticks)
  Sync time (average)   =   70.87 sec.
  Wait time (average)   =    0.01 sec.
                          ------------
Total (root+branch&cut) =  159.88 sec. (187116.72 ticks)
Feasible solution found!
Truck nodes:
Truck at node 0 at stage 1
Truck at node 8 at stage 2
Truck at node 1 at stage 3
Truck at node 6 at stage 4
Truck at node 7 at stage 5
Truck at node 4 at stage 6
Truck at node 10 at stage 7
Truck at node 9 at stage 8
Truck at node 11 at stage 9

Truck arcs:
Arc 1 connecting 0 and 8 with cost 10.6796 
Arc 2 connecting 8 and 1 with cost 3.32128 
Arc 3 connecting 1 and 6 with cost 1.9199 
Arc 4 connecting 6 and 7 with cost 6.70095 
Arc 5 connecting 7 and 4 with cost 7.34864 
Arc 6 connecting 4 and 10 with cost 10.5327 
Arc 7 connecting 10 and 9 with cost 6.76206 
Arc 8 connecting 9 and 11 with cost 13.1667 
Truck route length: 60.4318
Customer 2 was served by drone!
Customer 3 was served by drone!
Customer 5 was served by drone!
served customer 2 with st stage 1
start from stage 1 at node 0
end at node 6
end at stage 4
served customer 5 with st stage 1
start from stage 1 at node 0
end at node 6
end at stage 4
served customer 3 with st stage 6
start from stage 6 at node 4
end at node 9
end at stage 8
Printing wait:
wait[1][4]== 0.780336
wait[6][8]== 1.11415
Printing z(k, k') and drone travel time: 
---------------------------------------------------------------
Sortie starts at stage 1 and ends at stage 4
Start node: 0
End node: 6
Customer served in this sortie:2 5 
Drone arcs during this sortie:
0-->2, l = 9.25073
2-->5, l = 6.76563
5-->6, l = 0.684749
Truck arcs during this sortie:
0---8, l = 10.6796
8---1, l = 3.32128
1---6, l = 1.9199
Drone travel time during sortie: 16.7011
Truck travel time during sortie: 15.9208
Wait time for this sortie: 0.780336
---------------------------------------------------------------
---------------------------------------------------------------
Sortie starts at stage 6 and ends at stage 8
Start node: 4
End node: 9
Customer served in this sortie:3 
Drone arcs during this sortie:
3-->9, l = 4.15908
4-->3, l = 14.2498
Truck arcs during this sortie:
4---10, l = 10.5327
10---9, l = 6.76206
Drone travel time during sortie: 18.4089
Truck travel time during sortie: 17.2947
Wait time for this sortie: 1.11415
---------------------------------------------------------------
Printing zl:
zl[1][0] = 1
zl[6][4] = 1
Printing zr:
zr[1][6] = 1
zr[6][9] = 1
Printing zs:
zs[1][2] = 1
zs[1][5] = 1
zs[6][3] = 1
Printing x_d:
x_d[0][2] = 1
x_d[2][5] = 1
x_d[3][9] = 1
x_d[4][3] = 1
x_d[5][6] = 1
Done!
Solve time: 159.889
OBJECTIVE VALUE: 65.3263.
In write mode
