Instance name: /home/orlab/CLionProjects/RV-FSTSP/Murray_instances/FSTSP/FSTSP_10_customer_problems/20140810T123437v1
Write arg val: 1
Input is specified as type M: Murray instance.-.-.-.-.-.-.-.-.-.-.-.-.-.-.-.-.-.-.-.-

drone speed: 0.2 miles/minute
uav non-eligible customer: 10 
Printing tau:
0 8.5294 9.78144 12.4658 5.23008 4.08098 3.60506 3.30315 5.25872 9.74692 8.86232 0 
8.5294 0 18.3108 3.93636 13.7595 7.22991 8.18583 7.04774 13.7881 14.0919 12.0132 8.5294 
9.78144 18.3108 0 22.2472 4.55136 11.0809 10.125 11.2631 5.10923 6.13892 11.4943 9.78144 
12.4658 3.93636 22.2472 0 17.6958 11.1663 12.1222 10.9841 17.7245 18.0283 15.9496 12.4658 
5.23008 13.7595 4.55136 17.6958 0 6.52957 5.57365 6.71174 1.94864 9.26756 8.38296 5.23008 
4.08098 7.22991 11.0809 11.1663 6.52957 0 0.955922 0.777831 6.55821 13.8279 12.9433 4.08098 
3.60506 8.18583 10.125 12.1222 5.57365 0.955922 0 1.13809 5.60229 13.352 12.4674 3.60506 
3.30315 7.04774 11.2631 10.9841 6.71174 0.777831 1.13809 0 6.74038 13.0501 12.1655 3.30315 
5.25872 13.7881 5.10923 17.7245 1.94864 6.55821 5.60229 6.74038 0 11.2162 10.3316 5.25872 
9.74692 14.0919 6.13892 18.0283 9.26756 13.8279 13.352 13.0501 11.2162 0 7.2754 9.74692 
8.86232 12.0132 11.4943 15.9496 8.38296 12.9433 12.4674 12.1655 10.3316 7.2754 0 8.86232 
0 0 0 0 0 0 0 0 0 0 0 0 
Printing tau_prime:
0 10.716 12.2868 16.8994 6.18955 5.04743 4.26785 4.26649 6.43481 13.2258 10.6376 0 
10.716 0 23.0027 6.5606 16.7706 8.59075 9.66193 8.30778 16.3699 22.5134 16.2781 10.716 
12.2868 23.0027 0 29.091 6.50889 15.8949 14.6508 15.5734 8.01334 8.77857 14.8944 12.2868 
16.8994 6.5606 29.091 0 22.6813 13.6282 14.8639 13.6915 21.9127 29.0691 22.6695 16.8994 
6.18955 16.7706 6.50889 22.6813 0 9.38617 8.14351 9.0795 2.29674 10.9289 12.8279 6.18955 
5.04743 8.59075 15.8949 13.6282 9.38617 0 1.25846 0.941487 8.31925 18.1926 15.2616 5.04743 
4.26785 9.66193 14.6508 14.8639 8.14351 1.25846 0 1.38764 7.06588 17.2062 14.7813 4.26785 
4.26649 8.30778 15.5734 13.6915 9.0795 0.941487 1.38764 0 8.23237 17.4772 14.3397 4.26649 
6.43481 16.3699 8.01334 21.9127 2.29674 8.31925 7.06588 8.23237 0 13.2233 14.6887 6.43481 
13.2258 22.5134 8.77857 29.0691 10.9289 18.1926 17.2062 17.4772 13.2233 0 8.63729 13.2258 
10.6376 16.2781 14.8944 22.6695 12.8279 15.2616 14.7813 14.3397 14.6887 8.63729 0 10.6376 
0 0 0 0 0 0 0 0 0 0 0 0 
---------------------------------------------------------------
Current config:
- Number of threads = 16
- Drone endurance = 20
- SL = 1
- SR = 1
- L = 2
- Allow loop = 0
- Use TSP optimal solution as warmstart: = 0
- Use cutting plane method: = 0
- Use CPLEX conflict refiner: = 0
---------------------------------------------------------------
M value: 521.724
Warning:  Output names have been modified due to duplicate names or characters invalid in LP format.
Version identifier: 22.1.1.0 | 2022-11-28 | 9160aff4d
CPXPARAM_Threads                                 16
CPXPARAM_TimeLimit                               3600
Tried aggregator 2 times.
MIP Presolve eliminated 1187 rows and 574 columns.
MIP Presolve modified 2712 coefficients.
Aggregator did 34 substitutions.
Reduced MIP has 3811 rows, 2836 columns, and 81739 nonzeros.
Reduced MIP has 2660 binaries, 0 generals, 0 SOSs, and 0 indicators.
Presolve time = 0.06 sec. (107.83 ticks)
Probing fixed 25 vars, tightened 0 bounds.
Probing time = 0.03 sec. (87.85 ticks)
Tried aggregator 1 time.
Detecting symmetries...
MIP Presolve eliminated 18 rows and 25 columns.
MIP Presolve modified 24 coefficients.
Reduced MIP has 3793 rows, 2811 columns, and 81196 nonzeros.
Reduced MIP has 2635 binaries, 0 generals, 0 SOSs, and 0 indicators.
Presolve time = 0.03 sec. (43.15 ticks)
Probing time = 0.01 sec. (8.66 ticks)
Clique table members: 33525.
MIP emphasis: balance optimality and feasibility.
MIP search method: dynamic search.
Parallel mode: deterministic, using up to 16 threads.
Root relaxation solution time = 0.14 sec. (304.40 ticks)

        Nodes                                         Cuts/
   Node  Left     Objective  IInf  Best Integer    Best Bound    ItCnt     Gap

*     0+    0                        62373.2288        0.0000           100.00%
      0     0       22.7543   277    62373.2288       22.7543     3541   99.96%
*     0+    0                          127.7976       22.7543            82.20%
      0     0       25.1318   324      127.7976     Cuts: 131     6251   80.33%
      0     0       25.3453   333      127.7976     Cuts: 290     8723   80.17%
      0     0       25.7088   358      127.7976     Cuts: 206    10350   79.88%
      0     0       25.7601   350      127.7976     Cuts: 220    11289   79.84%
*     0+    0                          107.0714       25.7601            75.94%
      0     0       27.3298   310      107.0714     Cuts: 156    16990   74.48%
Detecting symmetries...
*     0+    0                          106.0043       27.3298            74.22%
      0     0       27.6310   373      106.0043     Cuts: 163    19783   73.86%
*     0+    0                          103.1324       27.7080            73.13%
      0     0       27.8323   411      103.1324     Cuts: 151    22281   72.95%
      0     0       28.1315   423      103.1324     Cuts: 137    23161   72.44%
      0     0       28.2632   449      103.1324     Cuts: 130    23664   72.37%
      0     0       28.4244   441      103.1324     Cuts: 113    24094   72.27%
      0     0       28.4784   446      103.1324     Cuts: 112    24503   72.24%
      0     0       28.4871   452      103.1324      Cuts: 63    24621   72.24%
      0     0       28.5320   441      103.1324      Cuts: 51    24876   72.22%
      0     0       28.6138   473      103.1324     Cuts: 108    25250   72.20%
      0     0       28.7378   445      103.1324     Cuts: 126    25655   72.14%
      0     0       28.7921   432      103.1324     Cuts: 126    26076   72.08%
      0     0       28.9724   441      103.1324     Cuts: 100    26636   71.91%
      0     0       29.0262   454      103.1324     Cuts: 128    26950   71.86%
      0     0       29.0375   430      103.1324      Cuts: 68    27250   71.84%
      0     0       29.0697   463      103.1324      Cuts: 70    27587   71.81%
      0     0       29.0898   458      103.1324     Cuts: 113    27884   71.79%
      0     0       29.1008   469      103.1324      Cuts: 79    28108   71.77%
      0     0       29.1083   475      103.1324      Cuts: 97    28365   71.77%
      0     0       29.1317   471      103.1324      Cuts: 73    28705   71.75%
      0     0       29.1449   478      103.1324     Cuts: 106    29111   71.72%
      0     0       29.1562   510      103.1324     Cuts: 100    29467   71.72%
      0     0       29.1611   495      103.1324      Cuts: 71    29696   71.72%
      0     0       29.1736   511      103.1324      Cuts: 43    29855   71.69%
      0     0       29.1846   508      103.1324      Cuts: 88    30147   71.65%
      0     0       29.1907   501      103.1324      Cuts: 79    30357   71.65%
Detecting symmetries...
      0     2       29.1907   501      103.1324       29.2921    30357   71.60%
Elapsed time = 5.45 sec. (11178.64 ticks, tree = 0.02 MB, solutions = 5)
      2     3       31.3615   392      103.1324       29.2921    31708   71.60%
      5     4       31.9309   336      103.1324       31.3615    33186   69.59%
      7     5       33.3780   346      103.1324       31.9309    36628   69.04%
     15     6       36.6675   338      103.1324       32.1920    38376   68.79%
     29    11       37.4424   311      103.1324       32.8252    49120   68.17%
     51    21    infeasible            103.1324       32.8265    63280   68.17%
*    72+   14                           96.6944       32.8265            66.05%
*    72+   14                           94.6944       32.8265            65.33%
     75    27    infeasible             94.6944       32.8265    84505   65.33%
     94     8       33.5526   298       94.6944       32.8265    43048   65.33%
    123    38       43.0066   141       94.6944       33.0839   108281   65.06%
    240   122       49.3408   169       94.6944       33.3789   214219   64.75%
Elapsed time = 8.35 sec. (14594.52 ticks, tree = 0.20 MB, solutions = 8)
    356   216       56.2413    47       94.6944       33.3789   303331   64.75%
*   406+  176                           74.9650       33.3789            55.47%
    518   296       52.9669    86       74.9650       33.3789   392027   55.47%
    561   367       49.0082   137       74.9650       33.3789   485739   55.47%
    664   402       45.0089   163       74.9650       33.3789   539387   55.47%
*   795+  429                           74.8258       33.3789            55.39%
    866   540        cutoff             74.8258       33.3789   607991   55.39%
   1093   652       74.1363    14       74.8258       33.3789   666724   55.39%
*  1170+  742                           74.7262       33.3789            55.33%
   1238   758       44.3522   131       74.7262       33.3789   745248   55.33%
   1390   917       59.3529    86       74.7262       33.3789   846628   55.33%
   1556  1013       57.3629   159       74.7262       33.3789   910344   55.33%
*  1603+ 1042                           65.9481       33.3789            49.39%
   1738   991       43.7897   111       65.9481       36.7468  1009029   44.28%
Elapsed time = 18.34 sec. (24188.50 ticks, tree = 1.40 MB, solutions = 12)
   1847  1085        cutoff             65.9481       36.7468  1082663   44.28%
   1938  1235        cutoff             65.9481       36.7468  1232954   44.28%
   1998  1286       51.9758   122       65.9481       36.7468  1301616   44.28%
   2242  1286       52.5311   164       65.9481       36.7468  1298714   44.28%
   2426  1382       40.6497   216       65.9481       37.2124  1388483   43.57%
   2592  1456       46.1028   137       65.9481       37.2124  1432201   43.57%
   2753  1722       52.9542   176       65.9481       37.2124  1608758   43.57%
   2922  1988       54.2708   133       65.9481       39.2472  1772606   40.49%
   3132  2019       59.8611    41       65.9481       39.2472  1808822   40.49%
   3282  2225       61.8528    90       65.9481       39.2472  1959989   40.49%
Elapsed time = 28.77 sec. (33853.51 ticks, tree = 3.80 MB, solutions = 12)
   3434  2376       47.4783   175       65.9481       39.5232  2089396   40.07%
   3611  2333       45.9710   135       65.9481       39.8571  2034690   39.56%
   3751  2528       65.2771    68       65.9481       40.3028  2180920   38.89%
   3870  2772       55.0959   100       65.9481       40.3028  2397226   38.89%
   3947  2864        cutoff             65.9481       40.3028  2473726   38.89%
*  3967  2899      integral     0       64.9517       40.3028  2495511   37.95%
   4123  2814       42.8763   174       64.9517       40.3028  2550800   37.95%
   4324  2829       53.9329   134       64.9517       40.4393  2546444   37.74%
   4385  2895       61.7398   112       64.9517       40.4393  2626778   37.74%

Performing restart 1

Repeating presolve.
Tried aggregator 1 time.
MIP Presolve eliminated 6 rows and 21 columns.
MIP Presolve modified 2182 coefficients.
Reduced MIP has 3787 rows, 2790 columns, and 79870 nonzeros.
Reduced MIP has 2614 binaries, 0 generals, 0 SOSs, and 0 indicators.
Presolve time = 0.05 sec. (82.41 ticks)
Tried aggregator 1 time.
MIP Presolve eliminated 5 rows and 8 columns.
MIP Presolve modified 18 coefficients.
Reduced MIP has 3782 rows, 2782 columns, and 79720 nonzeros.
Reduced MIP has 2606 binaries, 0 generals, 0 SOSs, and 0 indicators.
Presolve time = 0.03 sec. (44.12 ticks)
Represolve time = 0.19 sec. (334.57 ticks)
*  4386+    0                           62.5873       40.4393            35.39%
   4386     0       36.6125   344       62.5873      Cuts: 74  2816603   35.39%
   4386     0       37.0348   336       62.5873     Cuts: 112  2817361   35.39%
   4386     0       39.1437   235       62.5873     Cuts: 126  2818566   35.39%
   4386     0       40.1726   247       62.5873      Cuts: 91  2823133   35.39%
   4386     0       40.5778   291       62.5873     Cuts: 118  2823836   35.17%
   4386     0       40.8515   289       62.5873      Cuts: 85  2824759   34.73%
   4386     0       40.9041   331       62.5873     Cuts: 116  2824980   34.64%
   4386     0       40.9301   342       62.5873      Cuts: 75  2825255   34.60%
   4386     0       40.9417   341       62.5873      Cuts: 64  2825398   34.58%
   4386     0       40.9544   341       62.5873      Cuts: 54  2825574   34.56%
   4386     0       40.9586   345       62.5873      Cuts: 65  2825715   34.56%
   4386     0       40.9638   360       62.5873      Cuts: 61  2825851   34.55%
   4386     0       40.9651   381       62.5873      Cuts: 64  2825973   34.55%
   4386     0       40.9851   376       62.5873      Cuts: 39  2826158   34.52%
   4386     0       40.9912   339       62.5873      Cuts: 54  2826274   34.51%
   4386     0       41.0047   361       62.5873      Cuts: 56  2826426   34.48%
   4386     0       41.0070   354       62.5873      Cuts: 56  2826552   34.48%
   4386     0       41.0100   347       62.5873      Cuts: 41  2826723   34.48%
   4386     0       41.0187   358       62.5873      Cuts: 70  2826855   34.46%
   4386     0       41.0203   357       62.5873      Cuts: 42  2827012   34.46%
   4386     0       41.0203   365       62.5873      Cuts: 45  2827056   34.46%
*  4386+    0                           61.7512       42.3791            31.37%
   4386     2       41.0203   353       61.7512       42.3930  2827056   31.35%
   4389     5       41.1261   279       61.7512       42.3930  2828281   31.35%
Elapsed time = 43.10 sec. (56601.10 ticks, tree = 0.02 MB, solutions = 15)
*  4394+    3                           60.3853       42.3930            29.80%
   4402    11       44.9866   145       60.3853       42.3930  2841586   29.80%
   4448    25       59.8381    40       60.3853       42.3930  2879171   29.80%
   4493    40       54.2927   134       60.3853       42.3930  2910119   29.80%
   4528    74       43.3036   285       60.3853       42.3930  2945275   29.80%
   4584    82       43.2777   172       60.3853       42.3930  2964333   29.80%
   4653   158       48.3135   162       60.3853       42.3930  3043236   29.80%
   4782   176       47.4621   214       60.3853       42.3930  3056636   29.80%
   4927   262       53.6635   109       60.3853       42.3930  3144167   29.80%
   4991   370       54.7502   103       60.3853       42.3930  3216159   29.80%
   5043   410       51.7133    72       60.3853       42.3930  3263125   29.80%
Elapsed time = 52.05 sec. (66306.36 ticks, tree = 0.47 MB, solutions = 16)
   5188   429       50.9838   255       60.3853       42.3930  3290191   29.80%
   5285   492       53.9370   131       60.3853       42.3930  3355721   29.80%
   5403   597       43.8667   234       60.3853       42.3930  3449049   29.80%
   5475   696       46.3387   172       60.3853       42.3930  3533519   29.80%
   5513   742       58.0756    92       60.3853       42.3930  3577013   29.80%
   5568   743       51.6783   162       60.3853       42.3930  3598198   29.80%
   5641   787       58.4875   104       60.3853       42.3930  3645703   29.80%
*  5653   787      integral     0       60.1398       42.3930  3646008   29.51%
   5738   803       52.7041    89       60.1398       42.3930  3678364   29.51%
   5855   823       51.8536   151       60.1398       42.3930  3725672   29.51%
   5959   950       53.0884   205       60.1398       42.3930  3858418   29.51%
Elapsed time = 61.89 sec. (76069.33 ticks, tree = 2.33 MB, solutions = 17)
*  6004   935      integral     0       59.5625       42.3930  3834288   28.83%
   6029   958       53.3195   102       59.5625       42.3930  3868528   28.83%
   6088   978       56.4202   102       59.5625       42.3930  3878653   28.83%
   6146  1080        cutoff             59.5625       42.3930  3977604   28.83%
   6198  1119       51.7574   121       59.5625       42.3930  4032410   28.83%
   6254  1105       47.0233   234       59.5625       43.3975  4007589   27.14%
   6458  1183       57.8661   165       59.5625       43.4365  4100713   27.07%
   6642  1219       54.8557   143       59.5625       43.4365  4115962   27.07%
   6788  1358       54.6193    80       59.5625       44.7203  4201627   24.92%
   6894  1363        cutoff             59.5625       44.9310  4206246   24.57%
   7070  1563       53.9813    72       59.5625       44.9310  4355105   24.57%
Elapsed time = 70.77 sec. (85696.24 ticks, tree = 13.38 MB, solutions = 18)
   7209  1573       58.8246    42       59.5625       44.9310  4345073   24.57%
   7295  1760        cutoff             59.5625       44.9310  4465320   24.57%
   7364  1928        cutoff             59.5625       44.9310  4563263   24.57%
   7435  1987        cutoff             59.5625       44.9310  4618612   24.57%
   7566  2050       55.2224   149       59.5625       44.9310  4647116   24.57%
   7802  2070       58.4454   108       59.5625       45.1645  4639706   24.17%
   8119  2255        cutoff             59.5625       45.1645  4725028   24.17%
   8363  2099       58.8115    58       59.5625       45.1645  4679888   24.17%
   8684  2465       58.0978    89       59.5625       45.1645  4793650   24.17%
   8876  2670       56.0253   167       59.5625       47.0502  4874477   21.01%
Elapsed time = 80.11 sec. (95285.55 ticks, tree = 37.59 MB, solutions = 18)
   9088  2854       56.6820   112       59.5625       47.1770  4986723   20.79%
   9237  2933       55.7117   127       59.5625       47.1770  5010683   20.79%
   9328  2989        cutoff             59.5625       47.5659  5054522   20.14%
   9405  3224       55.9954    43       59.5625       47.5659  5192617   20.14%
   9494  3263       54.7412   133       59.5625       47.6012  5242270   20.08%
   9575  3237       51.4628   162       59.5625       47.9112  5212298   19.56%
   9692  3335    infeasible             59.5625       47.9112  5290127   19.56%
   9967  3348       57.6729   120       59.5625       48.1831  5301704   19.11%
  10257  3436       55.7496   100       59.5625       48.3628  5365661   18.80%
  10505  3660        cutoff             59.5625       48.6508  5461608   18.32%
Elapsed time = 88.79 sec. (104875.94 ticks, tree = 58.02 MB, solutions = 18)
  10711  3681       57.5943    83       59.5625       48.8524  5477061   17.98%
  10854  3892       58.1209   204       59.5625       48.9090  5589001   17.89%
  10951  4073       59.3688    21       59.5625       49.2495  5692827   17.31%
  11025  4115       52.8009   160       59.5625       49.3590  5748136   17.13%
  11087  4140       55.9574   101       59.5625       49.4637  5775666   16.96%
  11167  4163       58.8938    68       59.5625       49.4637  5817147   16.96%
  11251  4163       56.0203   127       59.5625       49.8157  5820010   16.36%
  11327  4166       53.4370   200       59.5625       49.8157  5852338   16.36%
  11435  4242       54.6713    88       59.5625       49.9103  5930437   16.21%
  12383  4334       58.9192    54       59.5625       50.4377  6004274   15.32%
Elapsed time = 100.58 sec. (117451.19 ticks, tree = 67.29 MB, solutions = 18)
  12886  4829       56.0804    73       59.5625       50.6535  6332274   14.96%
  13189  5064       53.7970   152       59.5625       50.7665  6574748   14.77%
  13513  5088        cutoff             59.5625       51.1816  6637013   14.07%
  13841  5258       57.1914   157       59.5625       51.2946  6886837   13.88%
  14364  5375       57.0667   191       59.5625       51.4489  7057934   13.62%
  14954  5616       56.7849   105       59.5625       51.6151  7236991   13.34%
  15271  5853       54.0484    64       59.5625       51.7216  7488789   13.16%
  15688  5908       58.6391    86       59.5625       51.8501  7644198   12.95%
* 15996  5985      integral     0       59.4574       51.8501  7717154   12.79%
* 16135+ 5983                           58.1813       51.9370            10.73%
  16488  5322        cutoff             58.1813       52.0951  7965986   10.46%
Elapsed time = 133.08 sec. (153730.50 ticks, tree = 91.52 MB, solutions = 20)
  16827  5387       54.0024   209       58.1813       52.1348  8092004   10.39%
  17208  5358        cutoff             58.1813       52.3022  8305208   10.10%
  17581  5353       59.1722    87       58.1813       52.4432  8433525    9.86%
  17925  5346        cutoff             58.1813       52.5193  8541879    9.73%
  18303  5341       53.9498    76       58.1813       52.6275  8848552    9.55%
* 18639  5362      integral     0       56.4326       52.7659  8894592    6.50%
  18693  5334       57.3890   188       56.4326       52.7659  9011088    6.50%
  19099  3652       53.8638   110       56.4326       52.9749  9119284    6.13%
  19579  3377        cutoff             56.4326       53.1902  9465606    5.75%
  20005  3337       55.6725   158       56.4326       53.4012  9520017    5.37%
  20560  3182        cutoff             56.4326       53.6285  9690514    4.97%
Elapsed time = 167.73 sec. (191952.43 ticks, tree = 53.51 MB, solutions = 22)
  21296  2841       55.6640   116       56.4326       53.9144  9957976    4.46%
  22022  2139       56.3384    53       56.4326       54.2828 10248393    3.81%
  22700  1686        cutoff             56.4326       54.6111 10498508    3.23%
* 22879  1540      integral     0       56.4099       54.6111 10555734    3.19%
  23604  1120        cutoff             56.4099       55.3276 10736055    1.92%

GUB cover cuts applied:  104
Clique cuts applied:  24
Cover cuts applied:  151
Implied bound cuts applied:  266
Flow cuts applied:  47
Mixed integer rounding cuts applied:  134
Zero-half cuts applied:  196
Lift and project cuts applied:  1
Gomory fractional cuts applied:  7

Root node processing (before b&c):
  Real time             =    5.34 sec. (10853.27 ticks)
Parallel b&c, 16 threads:
  Real time             =  181.20 sec. (199592.80 ticks)
  Sync time (average)   =   77.52 sec.
  Wait time (average)   =    0.01 sec.
                          ------------
Total (root+branch&cut) =  186.54 sec. (210446.07 ticks)
Feasible solution found!
Truck nodes:
Truck at node 0 at stage 1
Truck at node 7 at stage 2
Truck at node 3 at stage 3
Truck at node 1 at stage 4
Truck at node 10 at stage 5
Truck at node 9 at stage 6
Truck at node 2 at stage 7
Truck at node 4 at stage 8
Truck at node 8 at stage 9
Truck at node 11 at stage 10

Truck arcs:
Arc 1 connecting 0 and 7 with cost 3.30315 
Arc 2 connecting 7 and 3 with cost 10.9841 
Arc 3 connecting 3 and 1 with cost 3.93636 
Arc 4 connecting 1 and 10 with cost 12.0132 
Arc 5 connecting 10 and 9 with cost 7.2754 
Arc 6 connecting 9 and 2 with cost 6.13892 
Arc 7 connecting 2 and 4 with cost 4.55136 
Arc 8 connecting 4 and 8 with cost 1.94864 
Arc 9 connecting 8 and 11 with cost 5.25872 
Truck route length: 55.4099
Customer 5 was served by drone!
Customer 6 was served by drone!
served customer 5 with st stage 1
start from stage 1 at node 0
end at node 1
end at stage 4
served customer 6 with st stage 1
start from stage 1 at node 0
end at node 1
end at stage 4
Printing wait:
Printing z(k, k') and drone travel time: 
---------------------------------------------------------------
Sortie starts at stage 1 and ends at stage 4
Start node: 0
End node: 1
Customer served in this sortie:5 6 
Drone arcs during this sortie:
0-->5, l = 5.04743
5-->6, l = 1.25846
6-->1, l = 9.66193
Truck arcs during this sortie:
0---7, l = 3.30315
7---3, l = 10.9841
3---1, l = 3.93636
Drone travel time during sortie: 15.9678
Truck travel time during sortie: 18.2236
Wait time for this sortie: 0
---------------------------------------------------------------
Printing zl:
zl[1][0] = 1
Printing zr:
zr[1][1] = 1
Printing zs:
zs[1][5] = 1
zs[1][6] = 1
Printing x_d:
x_d[0][5] = 1
x_d[5][6] = 1
x_d[6][1] = 1
Done!
Solve time: 186.548
OBJECTIVE VALUE: 56.4099.
In write mode
