Instance name: /home/orlab/CLionProjects/RV-FSTSP/Murray_instances/FSTSP/FSTSP_10_customer_problems/20140810T123437v9
Write arg val: 1
Input is specified as type M: Murray instance.-.-.-.-.-.-.-.-.-.-.-.-.-.-.-.-.-.-.-.-

drone speed: 0.6 miles/minute
uav non-eligible customer: 10 
Printing tau:
0 9.54081 8.77004 13.4772 4.21868 5.66862 5.19269 4.89079 4.24731 8.15929 7.27469 0 
9.54081 0 18.3108 3.93636 13.7595 7.22991 8.18583 7.04774 13.7881 14.0919 12.0132 9.54081 
8.77004 18.3108 0 22.2472 4.55136 11.0809 10.125 11.2631 5.10923 6.13892 11.4943 8.77004 
13.4772 3.93636 22.2472 0 17.6958 11.1663 12.1222 10.9841 17.7245 18.0283 15.9496 13.4772 
4.21868 13.7595 4.55136 17.6958 0 6.52957 5.57365 6.71174 1.94864 9.26756 8.38296 4.21868 
5.66862 7.22991 11.0809 11.1663 6.52957 0 0.955922 0.777831 6.55821 13.8279 12.9433 5.66862 
5.19269 8.18583 10.125 12.1222 5.57365 0.955922 0 1.13809 5.60229 13.352 12.4674 5.19269 
4.89079 7.04774 11.2631 10.9841 6.71174 0.777831 1.13809 0 6.74038 13.0501 12.1655 4.89079 
4.24731 13.7881 5.10923 17.7245 1.94864 6.55821 5.60229 6.74038 0 11.2162 10.3316 4.24731 
8.15929 14.0919 6.13892 18.0283 9.26756 13.8279 13.352 13.0501 11.2162 0 7.2754 8.15929 
7.27469 12.0132 11.4943 15.9496 8.38296 12.9433 12.4674 12.1655 10.3316 7.2754 0 7.27469 
0 0 0 0 0 0 0 0 0 0 0 0 
Printing tau_prime:
0 5.38044 4.54556 8.09522 2.20305 3.09185 2.71053 2.77264 2.64307 4.71879 3.92347 0 
5.38044 0 9.8583 2.81169 7.1874 3.68175 4.14083 3.56048 7.01565 9.64862 6.97631 5.38044 
4.54556 9.8583 0 12.4676 2.78952 6.81212 6.2789 6.6743 3.43429 3.76225 6.38332 4.54556 
8.09522 2.81169 12.4676 0 9.72054 5.84064 6.37024 5.8678 9.39115 12.4582 9.71551 8.09522 
2.20305 7.1874 2.78952 9.72054 0 4.02264 3.49008 3.89122 0.984316 4.68384 5.49765 2.20305 
3.09185 3.68175 6.81212 5.84064 4.02264 0 0.539342 0.403494 3.56539 7.79682 6.54069 3.09185 
2.71053 4.14083 6.2789 6.37024 3.49008 0.539342 0 0.594704 3.02824 7.37407 6.33485 2.71053 
2.77264 3.56048 6.6743 5.8678 3.89122 0.403494 0.594704 0 3.52816 7.49021 6.1456 2.77264 
2.64307 7.01565 3.43429 9.39115 0.984316 3.56539 3.02824 3.52816 0 5.66711 6.29515 2.64307 
4.71879 9.64862 3.76225 12.4582 4.68384 7.79682 7.37407 7.49021 5.66711 0 3.7017 4.71879 
3.92347 6.97631 6.38332 9.71551 5.49765 6.54069 6.33485 6.1456 6.29515 3.7017 0 3.92347 
0 0 0 0 0 0 0 0 0 0 0 0 
---------------------------------------------------------------
Current config:
- Number of threads = 16
- Drone endurance = 20
- SL = 1
- SR = 1
- L = 2
- Allow loop = 0
- Use TSP optimal solution as warmstart: = 0
- Use cutting plane method: = 0
- Use CPLEX conflict refiner: = 0
---------------------------------------------------------------
M value: 522.301
Warning:  Output names have been modified due to duplicate names or characters invalid in LP format.
Version identifier: 22.1.1.0 | 2022-11-28 | 9160aff4d
CPXPARAM_Threads                                 16
CPXPARAM_TimeLimit                               3600
Tried aggregator 2 times.
MIP Presolve eliminated 1014 rows and 407 columns.
MIP Presolve modified 2671 coefficients.
Aggregator did 34 substitutions.
Reduced MIP has 3984 rows, 3003 columns, and 84376 nonzeros.
Reduced MIP has 2827 binaries, 0 generals, 0 SOSs, and 0 indicators.
Presolve time = 0.06 sec. (110.39 ticks)
Probing time = 0.01 sec. (9.02 ticks)
Tried aggregator 1 time.
Detecting symmetries...
MIP Presolve eliminated 1 rows and 0 columns.
MIP Presolve modified 24 coefficients.
Reduced MIP has 3983 rows, 3003 columns, and 84342 nonzeros.
Reduced MIP has 2827 binaries, 0 generals, 0 SOSs, and 0 indicators.
Presolve time = 0.03 sec. (46.41 ticks)
Probing time = 0.01 sec. (8.55 ticks)
Clique table members: 42487.
MIP emphasis: balance optimality and feasibility.
MIP search method: dynamic search.
Parallel mode: deterministic, using up to 16 threads.
Root relaxation solution time = 0.16 sec. (285.40 ticks)

        Nodes                                         Cuts/
   Node  Left     Objective  IInf  Best Integer    Best Bound    ItCnt     Gap

*     0+    0                        38304.4878        0.0000           100.00%
      0     0       22.3850   309    38304.4878       22.3850     3556   99.94%
*     0+    0                          116.7437       22.3850            80.83%
      0     0       27.2062   133      116.7437     Cuts: 112     5145   76.70%
      0     0       27.5622   163      116.7437     Cuts: 107     6525   76.39%
*     0+    0                          106.9622       27.5622            74.23%
      0     0       27.6125   210      106.9622     Cuts: 140     7785   74.18%
      0     0       27.7186   175      106.9622     Cuts: 177     9346   74.09%
      0     0       27.7186   199      106.9622     Cuts: 131    10862   74.09%
Detecting symmetries...
*     0+    0                           50.9065       27.7186            45.55%
      0     0       27.8536    85       50.9065     Cuts: 119    13703   45.28%
      0     0       27.8536   139       50.9065      Cuts: 99    16491   45.28%
*     0+    0                           42.7524       27.8536            34.85%
*     0+    0                           41.9840       27.8536            33.66%
Detecting symmetries...
      0     2       27.8536    59       41.9840       27.8536    16491   33.66%
Elapsed time = 3.22 sec. (6814.02 ticks, tree = 0.02 MB, solutions = 6)
      1     3       27.8751   281       41.9840       27.8536    18175   33.66%
*     4+    3                           40.6189       27.8536            31.43%
      4     5       28.1413   143       40.6189       27.8536    20224   31.43%
      7     4       28.2481   190       40.6189       27.8536    22165   31.43%
     11     8    infeasible             40.6189       27.8536    33937   31.43%
     20    17       32.0920   114       40.6189       27.8536    44260   31.43%
*    39+    9                           40.4398       27.8536            31.12%
     47    14       35.6110    90       40.4398       27.8536    43719   31.12%
*    93+   14                           39.8668       27.8536            30.13%
     97    70    infeasible             39.8668       27.8536    75452   30.13%
    155   114       32.3266    72       39.8668       27.8801   111451   30.07%
    188   159       38.6104    59       39.8668       27.8801   129181   30.07%
    320   200       30.5728   132       39.8668       27.8801   159436   30.07%
Elapsed time = 6.54 sec. (10717.95 ticks, tree = 1.14 MB, solutions = 10)
    387   281       28.4991   151       39.8668       27.8801   248097   30.07%
    597   399       33.0182   102       39.8668       27.8801   347511   30.07%
    732   462       39.5644    56       39.8668       27.8801   395348   30.07%
    835   589       32.8558    52       39.8668       27.8801   509031   30.07%
    966   687       28.1317   196       39.8668       27.8801   609717   30.07%
   1121   744       34.8558    86       39.8668       27.8801   670575   30.07%
   1301   790       32.4271   149       39.8668       27.8801   727674   30.07%
   1399   930       35.8625    78       39.8668       27.9904   862965   29.79%
   1487  1055       37.1985    56       39.8668       27.9904   982069   29.79%
   1702  1068       33.2181   106       39.8668       28.0819   996843   29.56%
Elapsed time = 17.43 sec. (20354.93 ticks, tree = 3.06 MB, solutions = 10)
   1917  1265       34.4989    73       39.8668       28.0819  1161375   29.56%
   2112  1268       34.0373   138       39.8668       28.0819  1168131   29.56%
   2294  1454       28.7121   214       39.8668       28.0819  1285273   29.56%
   2453  1700       33.5794   110       39.8668       28.0819  1492560   29.56%
   2666  1756       39.3337    85       39.8668       28.0819  1567936   29.56%
   2798  1917        cutoff             39.8668       28.0819  1719771   29.56%
   2896  1995       34.2427   167       39.8668       28.0819  1815086   29.56%
   3008  2060        cutoff             39.8668       28.0819  1894852   29.56%
   3182  2078       38.5763    81       39.8668       28.0819  1910998   29.56%
   3376  2154       34.8610   123       39.8668       28.7616  1973556   27.86%
Elapsed time = 28.42 sec. (29970.63 ticks, tree = 5.55 MB, solutions = 10)
   3608  2395       34.1345   199       39.8668       28.7754  2167955   27.82%
   3815  2374       39.8433    48       39.8668       28.7754  2155755   27.82%
   4016  2488       34.9127   161       39.8668       28.7837  2239708   27.80%
*  4173  2814      integral     0       39.7562       28.7837  2474074   27.60%
   4230  2768       34.8514   111       39.7562       29.0907  2454821   26.83%
   4322  2791       30.1181   233       39.7562       29.0907  2473828   26.83%

Performing restart 1

Repeating presolve.
Tried aggregator 2 times.
MIP Presolve eliminated 16 rows and 243 columns.
MIP Presolve modified 4640 coefficients.
Aggregator did 5 substitutions.
Reduced MIP has 3962 rows, 2755 columns, and 70001 nonzeros.
Reduced MIP has 2579 binaries, 0 generals, 0 SOSs, and 0 indicators.
Presolve time = 0.07 sec. (119.74 ticks)
Tried aggregator 1 time.
Reduced MIP has 3962 rows, 2755 columns, and 70001 nonzeros.
Reduced MIP has 2579 binaries, 0 generals, 0 SOSs, and 0 indicators.
Presolve time = 0.02 sec. (37.87 ticks)
Represolve time = 0.17 sec. (300.92 ticks)
   4329     0       27.8536   129       39.7562      Cuts: 16  2672025   26.83%
   4329     0       27.8536   161       39.7562     Cuts: 101  2673696   26.83%
*  4329+    0                           38.1896       29.0907            23.83%
   4329     0       27.8536   129       38.1896   Impl Bds: 1  2675015   23.83%
   4329     0       27.8536   127       38.1896      Cuts: 89  2680202   23.83%
   4329     0       27.8536   100       38.1896      Cuts: 12  2682646   23.83%
   4329     0       27.8536   108       38.1896      Cuts: 12  2683282   23.83%
   4329     0       27.8536    90       38.1896       Cuts: 9  2683965   23.83%
   4329     0       27.8536   119       38.1896      Cuts: 93  2685279   23.83%
   4329     2       27.8536    87       38.1896       29.0907  2685279   23.83%
   4330     3       27.8536   108       38.1896       29.0907  2691275   23.83%
   4331     4       28.0402   161       38.1896       29.0907  2696508   23.83%
   4334     5       28.1409   156       38.1896       29.0907  2700324   23.83%
   4343     9       28.2612   259       38.1896       29.0907  2710494   23.83%
Elapsed time = 43.24 sec. (55745.58 ticks, tree = 0.05 MB, solutions = 12)
   4362    28       34.1415    42       38.1896       29.0907  2760493   23.83%
*  4373+   10                           36.5703       29.0907            20.45%
   4423    37       35.2919    51       36.5703       29.0907  2795278   20.45%
   4586    95       35.0569    84       36.5703       29.0907  2847120   20.45%
   4781   155       32.5731   106       36.5703       29.0907  2878772   20.45%
   4973   219       32.2394   122       36.5703       29.0907  2912033   20.45%
   5388   352       34.3543   173       36.5703       29.0907  2955910   20.45%
   5600   470        cutoff             36.5703       29.0907  3003643   20.45%
   5719   645       29.3714   190       36.5703       29.0907  3071924   20.45%
   5969   654        cutoff             36.5703       29.0907  3080274   20.45%
   6304   701       35.5628   170       36.5703       29.0907  3090108   20.45%
Elapsed time = 52.00 sec. (65340.22 ticks, tree = 0.86 MB, solutions = 13)
   6648   962       34.9477    53       36.5703       29.0907  3180420   20.45%
   6767  1141       31.4693   148       36.5703       29.0907  3241968   20.45%
   6881  1269       32.9975   113       36.5703       29.0907  3296967   20.45%
   6989  1294       34.2662   133       36.5703       29.0907  3321496   20.45%
   7128  1372       29.1992   237       36.5703       29.0907  3381263   20.45%
   7372  1509       33.4967   244       36.5703       29.0907  3441096   20.45%
   7656  1543        cutoff             36.5703       29.0907  3458217   20.45%
   7799  1647       31.3465   135       36.5703       29.0907  3488448   20.45%
   7895  1834       28.9433   222       36.5703       29.0907  3584835   20.45%
   8168  1889       31.4581   219       36.5703       29.0907  3617451   20.45%
Elapsed time = 60.92 sec. (74938.60 ticks, tree = 5.96 MB, solutions = 13)
   8575  1969       33.0732    93       36.5703       29.0907  3663257   20.45%
   9032  2142       33.9250   136       36.5703       29.0907  3747774   20.45%
   9205  2389       34.3835    80       36.5703       29.0907  3885689   20.45%
   9295  2638       35.2467   109       36.5703       29.0907  4057425   20.45%
   9423  2664       33.4742   117       36.5703       29.0907  4083193   20.45%
   9587  2758       33.8724    98       36.5703       29.0907  4150935   20.45%
   9945  2761    infeasible             36.5703       29.0907  4155758   20.45%
  10366  3025       27.9341   205       36.5703       29.0907  4340469   20.45%
  10555  3053       32.6567   125       36.5703       29.0907  4356745   20.45%
  10705  3225       34.8412   140       36.5703       29.0907  4542678   20.45%
Elapsed time = 70.58 sec. (84539.09 ticks, tree = 8.77 MB, solutions = 13)
  10855  3255        cutoff             36.5703       29.0907  4628419   20.45%
  10965  3305       32.4556   174       36.5703       29.0907  4677979   20.45%
  11103  3319        cutoff             36.5703       29.0907  4710794   20.45%
  11239  3372       31.1737   123       36.5703       29.5878  4782053   19.09%
  11496  3412       35.1732   116       36.5703       29.7578  4825388   18.63%
  11900  3546    infeasible             36.5703       29.7736  4934128   18.59%
  12349  3617       36.4363    52       36.5703       30.0492  4980727   17.83%
  12587  3749       34.8331    68       36.5703       30.0492  5084486   17.83%
  12768  4057       35.5677    72       36.5703       30.2603  5314150   17.25%
  12937  4063       31.6321   210       36.5703       30.3443  5352887   17.02%
Elapsed time = 79.90 sec. (94147.35 ticks, tree = 10.22 MB, solutions = 13)
  13100  4080        cutoff             36.5703       30.5327  5367465   16.51%
  13309  4155       32.7287   182       36.5703       30.5578  5533814   16.44%
  13498  4149       33.0398   126       36.5703       30.5836  5519135   16.37%
  13710  4193       35.8684   125       36.5703       30.7764  5604969   15.84%
  13865  4310       33.5811   220       36.5703       30.8824  5756801   15.55%
  13996  4335       34.0411    94       36.5703       30.9022  5796957   15.50%
  14185  4401       32.7739   220       36.5703       30.9694  5910456   15.32%
  14582  4416       35.3703   104       36.5703       31.0699  5930154   15.04%
  14950  4465       34.5584   184       36.5703       31.1344  5987973   14.86%
  15194  4726       33.8560   163       36.5703       31.1718  6238251   14.76%
Elapsed time = 89.52 sec. (103716.61 ticks, tree = 11.65 MB, solutions = 13)
  15343  4778       35.6479   109       36.5703       31.1804  6325521   14.74%
  15500  4827       32.7881   114       36.5703       31.1980  6407825   14.69%
  15636  4836       33.2869   176       36.5703       31.1980  6457006   14.69%
  15787  4896       32.9343    89       36.5703       31.3666  6512477   14.23%
  15903  4903       32.3294   134       36.5703       31.3666  6520866   14.23%
  16020  4999       33.0739   126       36.5703       31.3666  6670155   14.23%
  16174  5035       32.1894   136       36.5703       31.3666  6742470   14.23%
  16307  5077       33.5500   173       36.5703       31.3666  6810380   14.23%
  16419  5118       35.6545    75       36.5703       31.3841  6930592   14.18%
  16856  5201       34.9244    90       36.5703       31.5181  7126476   13.82%
Elapsed time = 102.07 sec. (116167.92 ticks, tree = 12.51 MB, solutions = 13)
  17493  5333       36.2168    78       36.5703       31.6127  7363329   13.56%
  18086  5502       35.2653   158       36.5703       31.7765  7759867   13.11%
  18747  5628       33.4159    76       36.5703       31.8558  8007096   12.89%
  19480  5940        cutoff             36.5703       31.9918  8314544   12.52%
  20430  6393       34.7794   114       36.5703       32.1294  8732638   12.14%
  21085  6619        cutoff             36.5703       32.2035  8994579   11.94%
  21818  6874       32.3748   144       36.5703       32.2411  9234363   11.84%
  22905  7092       34.8128    79       36.5703       32.2705  9429521   11.76%
  23879  7830       34.7197    77       36.5703       32.3422  9963127   11.56%
  24421  8003       32.7997   175       36.5703       32.3573 10152562   11.52%
Elapsed time = 142.06 sec. (154362.86 ticks, tree = 18.31 MB, solutions = 13)
  25046  8276       32.9704   114       36.5703       32.4053 10508853   11.39%
  25806  8428       33.8355    66       36.5703       32.4173 10744430   11.36%
  26679  8845       34.5459   147       36.5703       32.4646 11137682   11.23%
  27983  9005        cutoff             36.5703       32.5242 11304977   11.06%
  28842  9739       34.9392    97       36.5703       32.5810 11942489   10.91%
  29637  9903       35.8256   102       36.5703       32.6366 12184164   10.76%
* 30353+10113                           35.0881       32.6910             6.83%
* 30409  7204      integral     0       34.7531       32.6929 12487076    5.93%
  30428  9986       35.4777   192       34.7531       32.6929 12309705    5.93%
  31275  6367       33.2008    93       34.7531       32.7170 12783672    5.86%
  32070  6420       32.8558    28       34.7531       32.7981 12925795    5.63%
  32942  6639        cutoff             34.7531       32.8012 13299319    5.62%
Elapsed time = 182.56 sec. (192599.39 ticks, tree = 14.32 MB, solutions = 15)
* 33183  6612      integral     0       32.8331       32.8012 13454758    0.10%
  33558  6661       33.0826   111       32.8331       32.8012 13416294    0.10%

GUB cover cuts applied:  27
Clique cuts applied:  3
Cover cuts applied:  260
Implied bound cuts applied:  598
Flow cuts applied:  21
Mixed integer rounding cuts applied:  50
Zero-half cuts applied:  61
Lift and project cuts applied:  4
Gomory fractional cuts applied:  7

Root node processing (before b&c):
  Real time             =    3.15 sec. (6646.66 ticks)
Parallel b&c, 16 threads:
  Real time             =  181.88 sec. (190252.07 ticks)
  Sync time (average)   =   76.15 sec.
  Wait time (average)   =    0.01 sec.
                          ------------
Total (root+branch&cut) =  185.03 sec. (196898.74 ticks)
Feasible solution found!
Truck nodes:
Truck at node 0 at stage 1
Truck at node 7 at stage 2
Truck at node 5 at stage 3
Truck at node 6 at stage 4
Truck at node 8 at stage 5
Truck at node 4 at stage 6
Truck at node 10 at stage 7
Truck at node 11 at stage 8

Truck arcs:
Arc 1 connecting 0 and 7 with cost 4.89079 
Arc 2 connecting 7 and 5 with cost 0.777831 
Arc 3 connecting 5 and 6 with cost 0.955922 
Arc 4 connecting 6 and 8 with cost 5.60229 
Arc 5 connecting 8 and 4 with cost 1.94864 
Arc 6 connecting 4 and 10 with cost 8.38296 
Arc 7 connecting 10 and 11 with cost 7.27469 
Truck route length: 29.8331
Customer 1 was served by drone!
Customer 2 was served by drone!
Customer 3 was served by drone!
Customer 9 was served by drone!
served customer 2 with st stage 1
start from stage 1 at node 0
end at node 8
end at stage 5
served customer 9 with st stage 1
start from stage 1 at node 0
end at node 8
end at stage 5
served customer 1 with st stage 5
start from stage 5 at node 8
end at node 11
end at stage 8
served customer 3 with st stage 5
start from stage 5 at node 8
end at node 11
end at stage 8
Printing wait:
Printing z(k, k') and drone travel time: 
---------------------------------------------------------------
Sortie starts at stage 1 and ends at stage 5
Start node: 0
End node: 8
Customer served in this sortie:2 9 
Drone arcs during this sortie:
0-->9, l = 4.71879
2-->8, l = 3.43429
9-->2, l = 3.76225
Truck arcs during this sortie:
0---7, l = 4.89079
7---5, l = 0.777831
5---6, l = 0.955922
6---8, l = 5.60229
Drone travel time during sortie: 11.9153
Truck travel time during sortie: 12.2268
Wait time for this sortie: 0
---------------------------------------------------------------
---------------------------------------------------------------
Sortie starts at stage 5 and ends at stage 8
Start node: 8
End node: 11
Customer served in this sortie:1 3 
Drone arcs during this sortie:
1-->11, l = 5.38044
3-->1, l = 2.81169
8-->3, l = 9.39115
Truck arcs during this sortie:
8---4, l = 1.94864
4---10, l = 8.38296
10---11, l = 7.27469
Drone travel time during sortie: 17.5833
Truck travel time during sortie: 17.6063
Wait time for this sortie: 0
---------------------------------------------------------------
Printing zl:
zl[1][0] = 1
zl[5][8] = 1
Printing zr:
zr[1][8] = 1
zr[5][11] = 1
Printing zs:
zs[1][2] = 1
zs[1][9] = 1
zs[5][1] = 1
zs[5][3] = 1
Printing x_d:
x_d[0][9] = 1
x_d[1][11] = 1
x_d[2][8] = 1
x_d[3][1] = 1
x_d[8][3] = 1
x_d[9][2] = 1
Done!
Solve time: 185.038
OBJECTIVE VALUE: 32.8331.
In write mode
