Instance name: /home/orlab/CLionProjects/RV-FSTSP/Murray_instances/FSTSP/FSTSP_10_customer_problems/20140810T123443v10
Write arg val: 1
Input is specified as type M: Murray instance.-.-.-.-.-.-.-.-.-.-.-.-.-.-.-.-.-.-.-.-

drone speed: 0.6 miles/minute
uav non-eligible customer: 4 8 
Printing tau:
0 7.3617 13.235 11.9489 14.048 9.28995 9.2816 9.57935 4.27959 6.76674 3.51531 0 
7.3617 0 8.59672 16.5872 14.8463 1.92825 1.9199 7.49765 3.32128 11.405 7.04299 7.3617 
13.235 8.59672 0 25.184 23.443 8.42508 9.39342 16.0944 11.7546 20.0018 15.6397 13.235 
11.9489 16.5872 25.184 0 20.0769 16.7589 15.7905 15.6083 13.4294 5.1822 10.0243 11.9489 
14.048 14.8463 23.443 20.0769 0 15.0179 14.0496 7.34864 11.6884 17.2947 10.5327 14.048 
9.28995 1.92825 8.42508 16.7589 15.0179 0 0.968346 7.66929 5.01036 12.5367 7.21463 9.28995 
9.2816 1.9199 9.39342 15.7905 14.0496 0.968346 0 6.70095 5.00201 12.5283 6.24629 9.2816 
9.57935 7.49765 16.0944 15.6083 7.34864 7.66929 6.70095 0 5.29976 12.8261 6.06403 9.57935 
4.27959 3.32128 11.7546 13.4294 11.6884 5.01036 5.00201 5.29976 0 8.24716 3.8851 4.27959 
6.76674 11.405 20.0018 5.1822 17.2947 12.5367 12.5283 12.8261 8.24716 0 6.76206 6.76674 
3.51531 7.04299 15.6397 10.0243 10.5327 7.21463 6.24629 6.06403 3.8851 6.76206 0 3.51531 
0 0 0 0 0 0 0 0 0 0 0 0 
Printing tau_prime:
0 4.3947 7.10303 6.75983 8.77073 5.28375 5.07359 5.04924 2.28719 3.79077 2.15117 0 
4.3947 0 4.53721 10.7671 8.22389 0.977764 1.04987 3.94906 2.22874 7.86711 4.05316 4.3947 
7.10303 4.53721 0 13.8369 12.7369 4.83259 5.26653 8.48623 5.94183 10.8808 7.92402 7.10303 
6.75983 10.7671 13.8369 0 10.1784 11.4679 11.1089 9.12274 8.55077 2.97077 6.81733 6.75983 
8.77073 8.22389 12.7369 10.1784 0 7.95679 7.49335 4.34398 7.69376 8.9064 6.62071 8.77073 
5.28375 0.977764 4.83259 11.4679 7.95679 0 0.489107 3.87634 3.03842 8.61874 4.66744 5.28375 
5.07359 1.04987 5.26653 11.1089 7.49335 0.489107 0 3.38783 2.79373 8.29151 4.29363 5.07359 
5.04924 3.94906 8.48623 9.12274 4.34398 3.87634 3.38783 0 3.45972 6.7721 3.0714 5.04924 
2.28719 2.22874 5.94183 8.55077 7.69376 3.03842 2.79373 3.45972 0 5.63927 1.99988 2.28719 
3.79077 7.86711 10.8808 2.97077 8.9064 8.61874 8.29151 6.7721 5.63927 0 4.06431 3.79077 
2.15117 4.05316 7.92402 6.81733 6.62071 4.66744 4.29363 3.0714 1.99988 4.06431 0 2.15117 
0 0 0 0 0 0 0 0 0 0 0 0 
---------------------------------------------------------------
Current config:
- Number of threads = 16
- Drone endurance = 20
- SL = 1
- SR = 1
- L = 2
- Allow loop = 0
- Use TSP optimal solution as warmstart: = 0
- Use cutting plane method: = 0
- Use CPLEX conflict refiner: = 0
---------------------------------------------------------------
M value: 572.151
Warning:  Output names have been modified due to duplicate names or characters invalid in LP format.
Version identifier: 22.1.1.0 | 2022-11-28 | 9160aff4d
CPXPARAM_Threads                                 16
CPXPARAM_TimeLimit                               3600
Tried aggregator 2 times.
MIP Presolve eliminated 1032 rows and 429 columns.
MIP Presolve modified 2671 coefficients.
Aggregator did 34 substitutions.
Reduced MIP has 3966 rows, 2981 columns, and 84106 nonzeros.
Reduced MIP has 2805 binaries, 0 generals, 0 SOSs, and 0 indicators.
Presolve time = 0.06 sec. (114.48 ticks)
Probing time = 0.01 sec. (9.79 ticks)
Tried aggregator 1 time.
Detecting symmetries...
MIP Presolve eliminated 1 rows and 0 columns.
MIP Presolve modified 24 coefficients.
Reduced MIP has 3965 rows, 2981 columns, and 84072 nonzeros.
Reduced MIP has 2805 binaries, 0 generals, 0 SOSs, and 0 indicators.
Presolve time = 0.03 sec. (47.01 ticks)
Probing time = 0.01 sec. (9.48 ticks)
Clique table members: 41319.
MIP emphasis: balance optimality and feasibility.
MIP search method: dynamic search.
Parallel mode: deterministic, using up to 16 threads.
Root relaxation solution time = 0.08 sec. (199.42 ticks)

        Nodes                                         Cuts/
   Node  Left     Objective  IInf  Best Integer    Best Bound    ItCnt     Gap

*     0+    0                        42539.9365        0.0000           100.00%
      0     0       28.3599   244    42539.9365       28.3599     1398   99.93%
*     0+    0                          118.7766       28.3599            76.12%
      0     0       32.4384   250      118.7766      Cuts: 85     4744   72.69%
*     0+    0                          107.6525       32.4384            69.87%
      0     0       33.2179   262      107.6525     Cuts: 192     9086   69.14%
*     0+    0                           59.1940       33.2179            43.88%
      0     0       34.3703   213       59.1940     Cuts: 151    14773   41.94%
      0     0       35.2570   127       59.1940     Cuts: 153    17936   40.44%
      0     0       35.5386   166       59.1940     Cuts: 108    19305   39.96%
Detecting symmetries...
      0     0       35.9760   141       59.1940     Cuts: 136    20886   39.22%
      0     0       35.9760   138       59.1940      Cuts: 86    22364   39.22%
      0     0       35.9760   104       59.1940       Cuts: 4    22744   39.22%
      0     0       35.9760    63       59.1940     Cuts: 105    23289   39.22%
      0     0       35.9760    85       59.1940      Cuts: 83    24402   39.22%
Detecting symmetries...
      0     2       35.9760    48       59.1940       35.9760    24402   39.22%
Elapsed time = 3.79 sec. (7911.29 ticks, tree = 0.02 MB, solutions = 4)
      2     4       35.9760    74       59.1940       35.9760    26355   39.22%
      4     6       35.9760    51       59.1940       35.9760    27812   39.22%
      5     3       35.9760    67       59.1940       35.9760    25660   39.22%
*     6+    5                           52.4411       35.9760            31.40%
*     6+    5                           48.1541       35.9760            25.29%
      6     8       35.9760   109       48.1541       35.9760    30483   25.29%
     19    18       35.9760    54       48.1541       35.9760    40696   25.29%
     73    34        cutoff             48.1541       35.9760    50800   25.29%
    148    76       47.7719    41       48.1541       35.9760    59169   25.29%
    207   107       35.9760    75       48.1541       35.9760    81278   25.29%
    235   142       40.6875   111       48.1541       35.9760    97242   25.29%
    328   232        cutoff             48.1541       35.9760   190836   25.29%
Elapsed time = 6.80 sec. (11289.11 ticks, tree = 2.51 MB, solutions = 6)
    432   302       35.9760    76       48.1541       35.9760   261294   25.29%
    530   346       47.6835    28       48.1541       35.9760   311343   25.29%
    735   448       44.8933    47       48.1541       35.9760   373994   25.29%
    944   585       35.9760    24       48.1541       35.9760   446565   25.29%
*   982+  600                           46.3605       35.9760            22.40%
   1151   594       42.7624    49       46.3605       35.9760   535359   22.40%
   1372   749       42.0777    57       46.3605       35.9760   628792   22.40%
   1650   877        cutoff             46.3605       35.9760   707869   22.40%
   1867   950        cutoff             46.3605       35.9760   751152   22.40%
   1962  1085       36.1075   182       46.3605       35.9760   831206   22.40%
   2045  1151       35.9760    60       46.3605       35.9760   881192   22.40%
Elapsed time = 16.69 sec. (20898.69 ticks, tree = 22.92 MB, solutions = 7)
   2340  1161       46.0944    31       46.3605       35.9760   899751   22.40%
   2647  1288       36.1950   169       46.3605       35.9760   962714   22.40%
   2852  1565        cutoff             46.3605       35.9760  1108106   22.40%
   3041  1580       42.2817    69       46.3605       35.9760  1124296   22.40%
   3260  1697       45.2153    73       46.3605       35.9760  1216044   22.40%
   3466  1844       38.3960    68       46.3605       35.9760  1325450   22.40%
   3615  1925       35.9760    90       46.3605       35.9760  1387287   22.40%
   3690  1999        cutoff             46.3605       35.9760  1434063   22.40%
   3847  2099    infeasible             46.3605       35.9760  1527059   22.40%
   4095  2215       44.9713    75       46.3605       35.9760  1587622   22.40%
Elapsed time = 26.82 sec. (30479.22 ticks, tree = 45.76 MB, solutions = 7)
   4253  2322    infeasible             46.3605       35.9760  1672043   22.40%
   4393  2342    infeasible             46.3605       35.9760  1686039   22.40%
   4582  2417       36.1790   111       46.3605       35.9760  1739125   22.40%
   4815  2603       37.8818   170       46.3605       35.9760  1888503   22.40%
   5010  2664       36.1825   103       46.3605       35.9760  1930592   22.40%
   5140  2783       43.7462    54       46.3605       35.9760  2000701   22.40%
   5236  2825       36.0057   186       46.3605       35.9760  2033956   22.40%
*  5309  2991      integral     0       46.0395       35.9760  2160409   21.86%
   5325  2994       41.7055    80       46.0395       35.9760  2149896   21.86%
   5471  2923       43.4301   105       46.0395       35.9760  2184488   21.86%
   5582  2942       45.5914    47       46.0395       35.9760  2209474   21.86%
Elapsed time = 37.11 sec. (40063.15 ticks, tree = 59.63 MB, solutions = 8)
   5807  3069       36.6327    51       46.0395       35.9760  2326037   21.86%
   5961  3065       41.0298   129       46.0395       35.9760  2325378   21.86%
   6131  3186       41.7141    78       46.0395       35.9760  2441317   21.86%
   6252  3279       36.5302   189       46.0395       35.9760  2550118   21.86%
   6328  3431       42.4095   116       46.0395       35.9760  2647907   21.86%
   6378  3441       36.4879   190       46.0395       35.9760  2668216   21.86%

Performing restart 1

Repeating presolve.
Tried aggregator 2 times.
MIP Presolve eliminated 21 rows and 357 columns.
MIP Presolve modified 4903 coefficients.
Aggregator did 13 substitutions.
Reduced MIP has 3931 rows, 2611 columns, and 63309 nonzeros.
Reduced MIP has 2435 binaries, 0 generals, 0 SOSs, and 0 indicators.
Presolve time = 0.05 sec. (88.28 ticks)
Tried aggregator 1 time.
MIP Presolve eliminated 0 rows and 2 columns.
MIP Presolve modified 10 coefficients.
Reduced MIP has 3931 rows, 2609 columns, and 63177 nonzeros.
Reduced MIP has 2433 binaries, 0 generals, 0 SOSs, and 0 indicators.
Presolve time = 0.03 sec. (40.89 ticks)
Represolve time = 0.15 sec. (261.95 ticks)
   6385     0       35.9760   119       46.0395   LiftProj: 1  2817233   21.86%
   6385     0       35.9760   189       46.0395      Cuts: 59  2818596   21.86%
   6385     0       35.9760    90       46.0395      Cuts: 31  2820990   21.86%
   6385     0       35.9760    55       46.0395       Cuts: 3  2821569   21.86%
   6385     0       35.9760    85       46.0395      Cuts: 74  2822871   21.86%
   6385     0       35.9760   130       46.0395      Cuts: 24  2824142   21.86%
   6385     0       35.9760   150       46.0395      Cuts: 46  2825454   21.86%
   6385     2       35.9760    78       46.0395       35.9760  2825454   21.86%
   6387     4       35.9760   122       46.0395       35.9760  2830415   21.86%
   6390     4       35.9760   116       46.0395       35.9760  2827754   21.86%
   6401    10       35.9760   103       46.0395       35.9760  2841017   21.86%
Elapsed time = 48.66 sec. (57327.46 ticks, tree = 0.02 MB, solutions = 8)
   6433    23       44.1172    88       46.0395       35.9760  2857641   21.86%
   6589    31       44.6811    96       46.0395       35.9760  2931577   21.86%
   6698    79       44.2631    79       46.0395       35.9760  2986637   21.86%
   6800   156       45.3117    88       46.0395       35.9760  3031784   21.86%
   7097   202       41.7611    66       46.0395       35.9760  3057632   21.86%
   7363   396       36.1266    60       46.0395       35.9760  3108728   21.86%
   7523   502       44.8881    65       46.0395       35.9760  3161186   21.86%
*  7562   613      integral     0       45.9246       35.9760  3211005   21.66%
   7587   620        cutoff             45.9246       35.9760  3244943   21.66%
   7676   652       39.2055   181       45.9246       35.9760  3268185   21.66%
*  7707+  672                           45.0087       35.9760            20.07%
   7848   644       39.3885   133       45.0087       35.9760  3314527   20.07%
Elapsed time = 57.57 sec. (66907.43 ticks, tree = 3.31 MB, solutions = 10)
   8040   636       40.5850    65       45.0087       35.9760  3318013   20.07%
   8199   803       37.7382    88       45.0087       35.9760  3379273   20.07%
   8300   994       41.8189    46       45.0087       35.9760  3503047   20.07%
   8484  1026       37.0160    65       45.0087       35.9760  3547348   20.07%
   8581  1051       36.1445   150       45.0087       35.9760  3579791   20.07%
   8672  1157        cutoff             45.0087       35.9760  3621282   20.07%
   8751  1244       44.8929   110       45.0087       35.9760  3707571   20.07%
   8822  1223       44.6792   118       45.0087       35.9760  3699993   20.07%
   8966  1309       35.9760    98       45.0087       35.9760  3768828   20.07%
   9122  1343       41.9004   106       45.0087       35.9760  3796626   20.07%
Elapsed time = 67.25 sec. (76520.70 ticks, tree = 7.80 MB, solutions = 10)
   9259  1443       43.3983    82       45.0087       35.9760  3907751   20.07%
   9366  1453       42.9423   231       45.0087       35.9760  3900368   20.07%
*  9382+ 1375                           41.5950       35.9760            13.51%
   9424   981       36.4166   142       41.5950       35.9760  4025157   13.51%
   9475   983        cutoff             41.5950       35.9760  4055998   13.51%
   9543   991       39.0314   117       41.5950       35.9760  4092242   13.51%
   9601  1006       39.9275   166       41.5950       35.9760  4182888   13.51%
   9693  1021       38.4373   194       41.5950       35.9760  4204910   13.51%
   9791  1078       35.9760   112       41.5950       35.9760  4279071   13.51%
   9883  1110        cutoff             41.5950       35.9760  4305058   13.51%
   9988  1178       38.5660    89       41.5950       35.9760  4357926   13.51%
Elapsed time = 76.57 sec. (86151.36 ticks, tree = 5.63 MB, solutions = 11)
  10120  1210       39.8560    72       41.5950       35.9760  4423706   13.51%
  10338  1253       37.5136   197       41.5950       35.9760  4472711   13.51%
  10582  1446       38.0246   148       41.5950       35.9760  4578809   13.51%
  10785  1575       36.4144   122       41.5950       35.9760  4668653   13.51%
  11036  1591       35.9879   150       41.5950       35.9760  4675926   13.51%
  11233  1701    infeasible             41.5950       35.9760  4727519   13.51%
  11317  1908       40.9646   123       41.5950       35.9760  4906757   13.51%
* 11407+ 1698                           40.6183       35.9760            11.43%
  11418  1918       36.3003   182       40.6183       35.9760  4917869   11.43%
  11540  1808       38.1083   166       40.6183       35.9760  5075924   11.43%
  11769  1736       37.3382   202       40.6183       35.9760  5049088   11.43%
Elapsed time = 86.33 sec. (95772.03 ticks, tree = 6.15 MB, solutions = 12)
  11942  1868        cutoff             40.6183       35.9760  5158402   11.43%
  12110  1993       37.3335   176       40.6183       36.0160  5254116   11.33%
  12262  2138       39.4154   105       40.6183       36.0160  5354872   11.33%
  12446  2177       37.7166   209       40.6183       36.0160  5439171   11.33%
  12579  2175       38.2608   111       40.6183       36.0160  5432900   11.33%
  12722  2234       38.2382   185       40.6183       36.0160  5571801   11.33%
  12836  2230        cutoff             40.6183       36.0160  5555875   11.33%
  12943  2299        cutoff             40.6183       36.1657  5724536   10.96%
  13102  2324       36.5696   221       40.6183       36.2273  5745788   10.81%
  14183  2496        cutoff             40.6183       36.4095  6002880   10.36%
Elapsed time = 99.21 sec. (108240.29 ticks, tree = 7.22 MB, solutions = 12)
  14729  2710       38.0433   142       40.6183       36.5565  6446400   10.00%
  15699  2320        cutoff             40.6183       36.9760  6822628    8.97%
  16982  1629        cutoff             40.6183       38.0192  7151324    6.40%
  17823  1380       40.3219    62       40.6183       38.6156  7394671    4.93%
  19225   865        cutoff             40.6183       38.8560  7652761    4.34%

GUB cover cuts applied:  18
Clique cuts applied:  1
Cover cuts applied:  178
Implied bound cuts applied:  403
Flow cuts applied:  14
Mixed integer rounding cuts applied:  29
Zero-half cuts applied:  44
Lift and project cuts applied:  6
Gomory fractional cuts applied:  3

Root node processing (before b&c):
  Real time             =    3.71 sec. (7654.81 ticks)
Parallel b&c, 16 threads:
  Real time             =  116.63 sec. (121504.33 ticks)
  Sync time (average)   =   50.33 sec.
  Wait time (average)   =    0.01 sec.
                          ------------
Total (root+branch&cut) =  120.34 sec. (129159.14 ticks)
Feasible solution found!
Truck nodes:
Truck at node 0 at stage 1
Truck at node 8 at stage 2
Truck at node 1 at stage 3
Truck at node 6 at stage 4
Truck at node 7 at stage 5
Truck at node 4 at stage 6
Truck at node 10 at stage 7
Truck at node 11 at stage 8

Truck arcs:
Arc 1 connecting 0 and 8 with cost 4.27959 
Arc 2 connecting 8 and 1 with cost 3.32128 
Arc 3 connecting 1 and 6 with cost 1.9199 
Arc 4 connecting 6 and 7 with cost 6.70095 
Arc 5 connecting 7 and 4 with cost 7.34864 
Arc 6 connecting 4 and 10 with cost 10.5327 
Arc 7 connecting 10 and 11 with cost 3.51531 
Truck route length: 37.6183
Customer 2 was served by drone!
Customer 3 was served by drone!
Customer 5 was served by drone!
Customer 9 was served by drone!
served customer 3 with st stage 1
start from stage 1 at node 0
end at node 7
end at stage 5
served customer 9 with st stage 1
start from stage 1 at node 0
end at node 7
end at stage 5
served customer 2 with st stage 5
start from stage 5 at node 7
end at node 10
end at stage 7
served customer 5 with st stage 5
start from stage 5 at node 7
end at node 10
end at stage 7
Printing wait:
Printing z(k, k') and drone travel time: 
---------------------------------------------------------------
Sortie starts at stage 1 and ends at stage 5
Start node: 0
End node: 7
Customer served in this sortie:3 9 
Drone arcs during this sortie:
0-->9, l = 3.79077
3-->7, l = 9.12274
9-->3, l = 2.97077
Truck arcs during this sortie:
0---8, l = 4.27959
8---1, l = 3.32128
1---6, l = 1.9199
6---7, l = 6.70095
Drone travel time during sortie: 15.8843
Truck travel time during sortie: 16.2217
Wait time for this sortie: 0
---------------------------------------------------------------
---------------------------------------------------------------
Sortie starts at stage 5 and ends at stage 7
Start node: 7
End node: 10
Customer served in this sortie:2 5 
Drone arcs during this sortie:
2-->10, l = 7.92402
5-->2, l = 4.83259
7-->5, l = 3.87634
Truck arcs during this sortie:
7---4, l = 7.34864
4---10, l = 10.5327
Drone travel time during sortie: 16.633
Truck travel time during sortie: 17.8813
Wait time for this sortie: 0
---------------------------------------------------------------
Printing zl:
zl[1][0] = 1
zl[5][7] = 1
Printing zr:
zr[1][7] = 1
zr[5][10] = 1
Printing zs:
zs[1][3] = 1
zs[1][9] = 1
zs[5][2] = 1
zs[5][5] = 1
Printing x_d:
x_d[0][9] = 1
x_d[2][10] = 1
x_d[3][7] = 1
x_d[5][2] = 1
x_d[7][5] = 1
x_d[9][3] = 1
Done!
Solve time: 120.349
OBJECTIVE VALUE: 40.6183.
In write mode
