Instance name: /home/orlab/CLionProjects/RV-FSTSP/Murray_instances/FSTSP/FSTSP_10_customer_problems/20140810T123443v4
Write arg val: 1
Input is specified as type M: Murray instance.-.-.-.-.-.-.-.-.-.-.-.-.-.-.-.-.-.-.-.-

drone speed: 0.2 miles/minute
uav non-eligible customer: 4 8 
Printing tau:
0 20.1617 17.555 24.7489 26.848 22.0899 22.0816 22.3793 17.0796 19.5667 16.3153 0 
20.1617 0 8.59672 16.5872 14.8463 1.92825 1.9199 7.49765 3.32128 11.405 7.04299 20.1617 
17.555 8.59672 0 25.184 23.443 8.42508 9.39342 16.0944 11.7546 20.0018 15.6397 17.555 
24.7489 16.5872 25.184 0 20.0769 16.7589 15.7905 15.6083 13.4294 5.1822 10.0243 24.7489 
26.848 14.8463 23.443 20.0769 0 15.0179 14.0496 7.34864 11.6884 17.2947 10.5327 26.848 
22.0899 1.92825 8.42508 16.7589 15.0179 0 0.968346 7.66929 5.01036 12.5367 7.21463 22.0899 
22.0816 1.9199 9.39342 15.7905 14.0496 0.968346 0 6.70095 5.00201 12.5283 6.24629 22.0816 
22.3793 7.49765 16.0944 15.6083 7.34864 7.66929 6.70095 0 5.29976 12.8261 6.06403 22.3793 
17.0796 3.32128 11.7546 13.4294 11.6884 5.01036 5.00201 5.29976 0 8.24716 3.8851 17.0796 
19.5667 11.405 20.0018 5.1822 17.2947 12.5367 12.5283 12.8261 8.24716 0 6.76206 19.5667 
16.3153 7.04299 15.6397 10.0243 10.5327 7.21463 6.24629 6.06403 3.8851 6.76206 0 16.3153 
0 0 0 0 0 0 0 0 0 0 0 0 
Printing tau_prime:
0 25.6338 20.6951 30.2388 41.6697 27.6839 28.0835 32.1898 24.1478 25.6613 26.283 0 
25.6338 0 10.5868 25.1232 19.1891 2.28145 2.44971 9.21448 5.20038 18.3566 9.45738 25.6338 
20.6951 10.5868 0 32.2862 29.7194 11.276 12.2886 19.8012 13.8643 25.3886 18.4894 20.6951 
30.2388 25.1232 32.2862 0 23.7497 26.7584 25.9207 21.2864 19.9518 6.93179 15.9071 30.2388 
41.6697 19.1891 29.7194 23.7497 0 18.5658 17.4845 10.136 17.9521 20.7816 15.4483 41.6697 
27.6839 2.28145 11.276 26.7584 18.5658 0 1.14125 9.04478 7.08965 20.1104 10.8907 27.6839 
28.0835 2.44971 12.2886 25.9207 17.4845 1.14125 0 7.90494 6.51871 19.3468 10.0185 28.0835 
32.1898 9.21448 19.8012 21.2864 10.136 9.04478 7.90494 0 8.07267 15.8016 7.16659 32.1898 
24.1478 5.20038 13.8643 19.9518 17.9521 7.08965 6.51871 8.07267 0 13.1583 4.66638 24.1478 
25.6613 18.3566 25.3886 6.93179 20.7816 20.1104 19.3468 15.8016 13.1583 0 9.48339 25.6613 
26.283 9.45738 18.4894 15.9071 15.4483 10.8907 10.0185 7.16659 4.66638 9.48339 0 26.283 
0 0 0 0 0 0 0 0 0 0 0 0 
---------------------------------------------------------------
Current config:
- Number of threads = 16
- Drone endurance = 20
- SL = 1
- SR = 1
- L = 2
- Allow loop = 0
- Use TSP optimal solution as warmstart: = 0
- Use cutting plane method: = 0
- Use CPLEX conflict refiner: = 0
---------------------------------------------------------------
M value: 691.671
Warning:  Output names have been modified due to duplicate names or characters invalid in LP format.
Version identifier: 22.1.1.0 | 2022-11-28 | 9160aff4d
CPXPARAM_Threads                                 16
CPXPARAM_TimeLimit                               3600
Tried aggregator 3 times.
MIP Presolve eliminated 1526 rows and 998 columns.
MIP Presolve modified 2771 coefficients.
Aggregator did 14 substitutions.
Reduced MIP has 3492 rows, 2432 columns, and 75476 nonzeros.
Reduced MIP has 2256 binaries, 0 generals, 0 SOSs, and 0 indicators.
Presolve time = 0.06 sec. (111.99 ticks)
Probing fixed 71 vars, tightened 0 bounds.
Probing time = 0.04 sec. (130.95 ticks)
Tried aggregator 2 times.
Detecting symmetries...
MIP Presolve eliminated 166 rows and 78 columns.
MIP Presolve modified 49 coefficients.
Aggregator did 1 substitutions.
Reduced MIP has 3325 rows, 2353 columns, and 64567 nonzeros.
Reduced MIP has 2183 binaries, 0 generals, 0 SOSs, and 0 indicators.
Presolve time = 0.05 sec. (86.69 ticks)
Probing time = 0.00 sec. (8.13 ticks)
Clique table members: 30181.
MIP emphasis: balance optimality and feasibility.
MIP search method: dynamic search.
Parallel mode: deterministic, using up to 16 threads.
Root relaxation solution time = 0.10 sec. (231.70 ticks)

        Nodes                                         Cuts/
   Node  Left     Objective  IInf  Best Integer    Best Bound    ItCnt     Gap

*     0+    0                        37064.4859        0.0000           100.00%
      0     0       58.6337   201    37064.4859       58.6337     1797   99.84%
*     0+    0                          142.4660       58.6337            58.84%
      0     0       63.3225   278      142.4660     Cuts: 279     5639   55.55%
      0     0       65.3475   267      142.4660     Cuts: 174     7105   54.13%
      0     0       71.2331   193      142.4660     Cuts: 168     8629   50.00%
      0     0       71.2990   267      142.4660      Cuts: 95     9157   49.95%
      0     0       71.5994   273      142.4660      Cuts: 98     9624   49.74%
Detecting symmetries...
      0     0       71.8477   293      142.4660      Cuts: 92    10213   49.57%
      0     0       71.8980   309      142.4660      Cuts: 92    10509   49.53%
      0     0       71.9486   332      142.4660      Cuts: 83    10783   49.50%
*     0+    0                          118.4425       71.9486            39.25%
      0     0       72.0519   313      118.4425      Cuts: 58    10994   39.17%
      0     0       72.1492   289      118.4425      Cuts: 51    11210   39.09%
      0     0       72.2452   360      118.4425      Cuts: 66    11467   39.00%
      0     0       73.1000   292      118.4425      Cuts: 50    12168   38.28%
      0     0       73.1523   281      118.4425      Cuts: 60    12540   38.24%
      0     0       73.1990   343      118.4425      Cuts: 59    12783   38.20%
      0     0       73.2402   347      118.4425      Cuts: 61    13055   38.16%
      0     0       73.2900   381      118.4425      Cuts: 53    13357   38.12%
      0     0       73.3253   333      118.4425      Cuts: 64    13578   38.09%
      0     0       73.3299   332      118.4425      Cuts: 36    13671   38.09%
      0     0       73.3321   322      118.4425      Cuts: 30    13736   38.09%
Detecting symmetries...
      0     2       73.3321   319      118.4425       73.3321    13736   38.09%
Elapsed time = 2.58 sec. (5123.39 ticks, tree = 0.02 MB, solutions = 3)
      2     3       73.3531   303      118.4425       73.3323    14102   38.09%
*     8+    3                          113.1625       73.4591            35.09%
     14     7       73.6159   301      113.1625       73.5086    17689   35.04%
     85    31        cutoff            113.1625       74.0498    31822   34.56%
    173    95      101.1431    74      113.1625       74.0498    76000   34.56%
    285   104       87.9714   112      113.1625       74.0498    85756   34.56%
    379   157       78.7999    94      113.1625       74.0966   127040   34.52%
    407   181        cutoff            113.1625       74.0966   162440   34.52%
    449   179        cutoff            113.1625       74.0966   181834   34.52%
    492   195       99.2820    57      113.1625       74.0966   193759   34.52%
*   510+  184                          112.2482       74.0966            33.99%
    938   437        cutoff            112.2482       75.5890   320973   32.66%
Elapsed time = 5.70 sec. (8293.91 ticks, tree = 0.60 MB, solutions = 5)
*   996   442      integral     0       92.0639       75.5894   345200   17.89%
   1515   165       86.5666    89       92.0639       75.5894   413561   17.89%
*  1576   197      integral     0       92.0046       76.3079   476254   17.06%
*  1610   192      integral     0       91.1206       76.3079   468416   16.26%
*  1789   141      integral     0       90.1439       77.0046   495996   14.58%
*  1898   126      integral     0       90.1439       85.3082   502717    5.36%
   2647    15        cutoff             90.1439       89.4273   580551    0.79%

GUB cover cuts applied:  41
Clique cuts applied:  1
Cover cuts applied:  12
Implied bound cuts applied:  521
Flow cuts applied:  21
Mixed integer rounding cuts applied:  80
Zero-half cuts applied:  30
Lift and project cuts applied:  1
Gomory fractional cuts applied:  3

Root node processing (before b&c):
  Real time             =    2.53 sec. (4992.21 ticks)
Parallel b&c, 16 threads:
  Real time             =    6.39 sec. (6952.56 ticks)
  Sync time (average)   =    2.93 sec.
  Wait time (average)   =    0.00 sec.
                          ------------
Total (root+branch&cut) =    8.92 sec. (11944.77 ticks)
Feasible solution found!
Truck nodes:
Truck at node 0 at stage 1
Truck at node 9 at stage 2
Truck at node 3 at stage 3
Truck at node 10 at stage 4
Truck at node 4 at stage 5
Truck at node 7 at stage 6
Truck at node 8 at stage 7
Truck at node 1 at stage 8
Truck at node 6 at stage 9
Truck at node 5 at stage 10
Truck at node 2 at stage 11
Truck at node 11 at stage 12

Truck arcs:
Arc 1 connecting 0 and 9 with cost 19.5667 
Arc 2 connecting 9 and 3 with cost 5.1822 
Arc 3 connecting 3 and 10 with cost 10.0243 
Arc 4 connecting 10 and 4 with cost 10.5327 
Arc 5 connecting 4 and 7 with cost 7.34864 
Arc 6 connecting 7 and 8 with cost 5.29976 
Arc 7 connecting 8 and 1 with cost 3.32128 
Arc 8 connecting 1 and 6 with cost 1.9199 
Arc 9 connecting 6 and 5 with cost 0.968346 
Arc 10 connecting 5 and 2 with cost 8.42508 
Arc 11 connecting 2 and 11 with cost 17.555 
Truck route length: 90.1439
Printing wait:
Printing z(k, k') and drone travel time: 
Printing zl:
Printing zr:
Printing zs:
Printing x_d:
Done!
Solve time: 8.922
OBJECTIVE VALUE: 90.1439.
In write mode
