Instance name: /home/cuong/CLionProjects/uMV-FSTSP/Murray_Chu_2015_test_data/FSTSP/FSTSP_10_customer_problems/20140810T123443v10
Write arg val: 1

drone speed: 0.6 miles/minute
uav non-eligible customer: 4 8 
Printing tau:
0 7.3617 13.235 11.9489 14.048 9.28995 9.2816 9.57935 4.27959 6.76674 3.51531 0 
7.3617 0 8.59672 16.5872 14.8463 1.92825 1.9199 7.49765 3.32128 11.405 7.04299 7.3617 
13.235 8.59672 0 25.184 23.443 8.42508 9.39342 16.0944 11.7546 20.0018 15.6397 13.235 
11.9489 16.5872 25.184 0 20.0769 16.7589 15.7905 15.6083 13.4294 5.1822 10.0243 11.9489 
14.048 14.8463 23.443 20.0769 0 15.0179 14.0496 7.34864 11.6884 17.2947 10.5327 14.048 
9.28995 1.92825 8.42508 16.7589 15.0179 0 0.968346 7.66929 5.01036 12.5367 7.21463 9.28995 
9.2816 1.9199 9.39342 15.7905 14.0496 0.968346 0 6.70095 5.00201 12.5283 6.24629 9.2816 
9.57935 7.49765 16.0944 15.6083 7.34864 7.66929 6.70095 0 5.29976 12.8261 6.06403 9.57935 
4.27959 3.32128 11.7546 13.4294 11.6884 5.01036 5.00201 5.29976 0 8.24716 3.8851 4.27959 
6.76674 11.405 20.0018 5.1822 17.2947 12.5367 12.5283 12.8261 8.24716 0 6.76206 6.76674 
3.51531 7.04299 15.6397 10.0243 10.5327 7.21463 6.24629 6.06403 3.8851 6.76206 0 3.51531 
0 0 0 0 0 0 0 0 0 0 0 0 
Printing tau_prime:
0 4.3947 7.10303 6.75983 8.77073 5.28375 5.07359 5.04924 2.28719 3.79077 2.15117 0 
4.3947 0 4.53721 10.7671 8.22389 0.977764 1.04987 3.94906 2.22874 7.86711 4.05316 4.3947 
7.10303 4.53721 0 13.8369 12.7369 4.83259 5.26653 8.48623 5.94183 10.8808 7.92402 7.10303 
6.75983 10.7671 13.8369 0 10.1784 11.4679 11.1089 9.12274 8.55077 2.97077 6.81733 6.75983 
8.77073 8.22389 12.7369 10.1784 0 7.95679 7.49335 4.34398 7.69376 8.9064 6.62071 8.77073 
5.28375 0.977764 4.83259 11.4679 7.95679 0 0.489107 3.87634 3.03842 8.61874 4.66744 5.28375 
5.07359 1.04987 5.26653 11.1089 7.49335 0.489107 0 3.38783 2.79373 8.29151 4.29363 5.07359 
5.04924 3.94906 8.48623 9.12274 4.34398 3.87634 3.38783 0 3.45972 6.7721 3.0714 5.04924 
2.28719 2.22874 5.94183 8.55077 7.69376 3.03842 2.79373 3.45972 0 5.63927 1.99988 2.28719 
3.79077 7.86711 10.8808 2.97077 8.9064 8.61874 8.29151 6.7721 5.63927 0 4.06431 3.79077 
2.15117 4.05316 7.92402 6.81733 6.62071 4.66744 4.29363 3.0714 1.99988 4.06431 0 2.15117 
0 0 0 0 0 0 0 0 0 0 0 0 
Printing number of nodes: 11

Version identifier: 22.1.1.0 | 2022-11-28 | 9160aff4d
CPXPARAM_ClockType                               0
CPXPARAM_Emphasis_MIP                            2
CPXPARAM_MIP_Tolerances_Integrality              0
Tried aggregator 2 times.
MIP Presolve eliminated 875 rows and 521 columns.
MIP Presolve modified 1805 coefficients.
Aggregator did 2 substitutions.
Reduced MIP has 5397 rows, 1192 columns, and 153116 nonzeros.
Reduced MIP has 1184 binaries, 0 generals, 0 SOSs, and 0 indicators.
Presolve time = 0.07 sec. (195.88 ticks)
Found incumbent of value 103.499378 after 0.14 sec. (338.83 ticks)
Probing fixed 150 vars, tightened 0 bounds.
Probing changed sense of 32 constraints.
Probing time = 0.11 sec. (49.35 ticks)
Tried aggregator 1 time.
MIP Presolve eliminated 48 rows and 182 columns.
MIP Presolve modified 125 coefficients.
Reduced MIP has 5349 rows, 1010 columns, and 152219 nonzeros.
Reduced MIP has 1002 binaries, 0 generals, 0 SOSs, and 0 indicators.
Presolve time = 0.07 sec. (175.81 ticks)
Probing time = 0.01 sec. (14.08 ticks)
Tried aggregator 1 time.
Detecting symmetries...
Reduced MIP has 5349 rows, 1010 columns, and 152219 nonzeros.
Reduced MIP has 1002 binaries, 0 generals, 0 SOSs, and 0 indicators.
Presolve time = 0.03 sec. (82.97 ticks)
Probing time = 0.01 sec. (13.84 ticks)
Clique table members: 76075.
MIP emphasis: optimality.
MIP search method: dynamic search.
Parallel mode: deterministic, using up to 20 threads.
Root relaxation solution time = 0.15 sec. (184.80 ticks)

        Nodes                                         Cuts/
   Node  Left     Objective  IInf  Best Integer    Best Bound    ItCnt     Gap

*     0+    0                          103.4994      -10.0000           109.66%
      0     0       42.8894   101      103.4994       42.8894     1505   58.56%
*     0+    0                           97.0960       42.8894            55.83%
      0     0       43.5950    57       97.0960      Cuts: 49     2539   55.10%
*     0+    0                           74.1171       43.5950            41.18%
      0     0       43.5950    56       74.1171      Cuts: 11     2717   41.18%
*     0+    0                           68.9666       43.5950            36.79%
*     0+    0                           53.8490       43.5950            19.04%
      0     0       43.5950    61       53.8490       Cuts: 3     2751   19.04%
*     0+    0                           48.8948       43.5950            10.84%
*     0+    0                           47.9348       43.5950             9.05%
Detecting symmetries...

Repeating presolve.
Tried aggregator 2 times.
MIP Presolve eliminated 4278 rows and 289 columns.
MIP Presolve modified 2596 coefficients.
Aggregator did 1 substitutions.
Reduced MIP has 1070 rows, 720 columns, and 14753 nonzeros.
Reduced MIP has 712 binaries, 0 generals, 0 SOSs, and 0 indicators.
Presolve time = 0.22 sec. (740.67 ticks)
Probing fixed 3 vars, tightened 0 bounds.
Probing changed sense of 18 constraints.
Probing time = 0.01 sec. (15.43 ticks)
Tried aggregator 1 time.
MIP Presolve eliminated 61 rows and 21 columns.
MIP Presolve modified 223 coefficients.
Reduced MIP has 1009 rows, 699 columns, and 13737 nonzeros.
Reduced MIP has 691 binaries, 0 generals, 0 SOSs, and 0 indicators.
Presolve time = 0.02 sec. (37.83 ticks)
Probing time = 0.00 sec. (4.51 ticks)
Tried aggregator 1 time.
Detecting symmetries...
MIP Presolve eliminated 1 rows and 0 columns.
Reduced MIP has 1008 rows, 699 columns, and 13731 nonzeros.
Reduced MIP has 691 binaries, 0 generals, 0 SOSs, and 0 indicators.
Presolve time = 0.01 sec. (16.43 ticks)
Represolve time = 0.28 sec. (830.14 ticks)
Probing time = 0.00 sec. (4.50 ticks)
Clique table members: 14267.
MIP emphasis: optimality.
MIP search method: dynamic search.
Parallel mode: deterministic, using up to 20 threads.
Root relaxation solution time = 0.04 sec. (62.11 ticks)

        Nodes                                         Cuts/
   Node  Left     Objective  IInf  Best Integer    Best Bound    ItCnt     Gap

*     0+    0                           47.9348       43.5950             9.05%
      0     0       43.5950    54       47.9348       43.5950     3796    9.05%
      0     0       43.5950    40       47.9348    MIRcuts: 1     3797    9.05%
      0     0       43.5950    37       47.9348       Cuts: 3     3843    9.05%
      0     0       43.5950    47       47.9348       Cuts: 3     3851    9.05%
      0     0       43.5950    47       47.9348       Cuts: 5     3888    9.05%
      0     0       43.5950    45       47.9348       Cuts: 2     3920    9.05%
Detecting symmetries...
      0     2       43.5950    45       47.9348       43.5950     3920    9.05%
Elapsed time = 2.42 sec. (3348.14 ticks, tree = 0.02 MB, solutions = 7)
    606   150       46.6903   101       47.9348       43.5950    38212    9.05%

GUB cover cuts applied:  1
Cover cuts applied:  28
Implied bound cuts applied:  11
Flow cuts applied:  2
Mixed integer rounding cuts applied:  6
Zero-half cuts applied:  8
Lift and project cuts applied:  1
Gomory fractional cuts applied:  3

Root node processing (before b&c):
  Real time             =    2.41 sec. (3347.47 ticks)
Parallel b&c, 20 threads:
  Real time             =    0.70 sec. (349.56 ticks)
  Sync time (average)   =    0.48 sec.
  Wait time (average)   =    0.00 sec.
                          ------------
Total (root+branch&cut) =    3.11 sec. (3697.02 ticks)
Truck arcs:
0 10
1 8
4 7
5 1
6 5
7 6
8 11
10 4
customer 2 is served by drone
start of this sortie: 10
end of this sortie: 7

customer 3 is served by drone
start of this sortie: 7
end of this sortie: 11

customer 9 is served by drone
start of this sortie: 0
end of this sortie: 10

47.9348
In write mode
