Instance name: /home/cuong/CLionProjects/uMV-FSTSP/Murray_Chu_2015_test_data/FSTSP/FSTSP_10_customer_problems/20140810T123443v12
Write arg val: 1

drone speed: 0.6 miles/minute
uav non-eligible customer: 4 8 
Printing tau:
0 20.1617 17.555 24.7489 26.848 22.0899 22.0816 22.3793 17.0796 19.5667 16.3153 0 
20.1617 0 8.59672 16.5872 14.8463 1.92825 1.9199 7.49765 3.32128 11.405 7.04299 20.1617 
17.555 8.59672 0 25.184 23.443 8.42508 9.39342 16.0944 11.7546 20.0018 15.6397 17.555 
24.7489 16.5872 25.184 0 20.0769 16.7589 15.7905 15.6083 13.4294 5.1822 10.0243 24.7489 
26.848 14.8463 23.443 20.0769 0 15.0179 14.0496 7.34864 11.6884 17.2947 10.5327 26.848 
22.0899 1.92825 8.42508 16.7589 15.0179 0 0.968346 7.66929 5.01036 12.5367 7.21463 22.0899 
22.0816 1.9199 9.39342 15.7905 14.0496 0.968346 0 6.70095 5.00201 12.5283 6.24629 22.0816 
22.3793 7.49765 16.0944 15.6083 7.34864 7.66929 6.70095 0 5.29976 12.8261 6.06403 22.3793 
17.0796 3.32128 11.7546 13.4294 11.6884 5.01036 5.00201 5.29976 0 8.24716 3.8851 17.0796 
19.5667 11.405 20.0018 5.1822 17.2947 12.5367 12.5283 12.8261 8.24716 0 6.76206 19.5667 
16.3153 7.04299 15.6397 10.0243 10.5327 7.21463 6.24629 6.06403 3.8851 6.76206 0 16.3153 
0 0 0 0 0 0 0 0 0 0 0 0 
Printing tau_prime:
0 10.9859 8.86935 12.9595 17.8584 11.8645 12.0358 13.7956 10.3491 10.9977 11.2641 0 
10.9859 0 4.53721 10.7671 8.22389 0.977764 1.04987 3.94906 2.22874 7.86711 4.05316 10.9859 
8.86935 4.53721 0 13.8369 12.7369 4.83259 5.26653 8.48623 5.94183 10.8808 7.92402 8.86935 
12.9595 10.7671 13.8369 0 10.1784 11.4679 11.1089 9.12274 8.55077 2.97077 6.81733 12.9595 
17.8584 8.22389 12.7369 10.1784 0 7.95679 7.49335 4.34398 7.69376 8.9064 6.62071 17.8584 
11.8645 0.977764 4.83259 11.4679 7.95679 0 0.489107 3.87634 3.03842 8.61874 4.66744 11.8645 
12.0358 1.04987 5.26653 11.1089 7.49335 0.489107 0 3.38783 2.79373 8.29151 4.29363 12.0358 
13.7956 3.94906 8.48623 9.12274 4.34398 3.87634 3.38783 0 3.45972 6.7721 3.0714 13.7956 
10.3491 2.22874 5.94183 8.55077 7.69376 3.03842 2.79373 3.45972 0 5.63927 1.99988 10.3491 
10.9977 7.86711 10.8808 2.97077 8.9064 8.61874 8.29151 6.7721 5.63927 0 4.06431 10.9977 
11.2641 4.05316 7.92402 6.81733 6.62071 4.66744 4.29363 3.0714 1.99988 4.06431 0 11.2641 
0 0 0 0 0 0 0 0 0 0 0 0 
Printing number of nodes: 11

Version identifier: 22.1.1.0 | 2022-11-28 | 9160aff4d
CPXPARAM_ClockType                               0
CPXPARAM_Emphasis_MIP                            2
CPXPARAM_MIP_Tolerances_Integrality              0
Tried aggregator 2 times.
MIP Presolve eliminated 889 rows and 634 columns.
MIP Presolve modified 1631 coefficients.
Aggregator did 2 substitutions.
Reduced MIP has 5383 rows, 1079 columns, and 152540 nonzeros.
Reduced MIP has 1071 binaries, 0 generals, 0 SOSs, and 0 indicators.
Presolve time = 0.07 sec. (195.47 ticks)
Found incumbent of value 138.852588 after 0.12 sec. (302.41 ticks)
Probing fixed 148 vars, tightened 0 bounds.
Probing changed sense of 32 constraints.
Probing time = 0.05 sec. (43.88 ticks)
Tried aggregator 1 time.
MIP Presolve eliminated 54 rows and 182 columns.
MIP Presolve modified 139 coefficients.
Reduced MIP has 5329 rows, 897 columns, and 151650 nonzeros.
Reduced MIP has 889 binaries, 0 generals, 0 SOSs, and 0 indicators.
Presolve time = 0.07 sec. (180.30 ticks)
Probing time = 0.03 sec. (14.19 ticks)
Tried aggregator 1 time.
Detecting symmetries...
Reduced MIP has 5329 rows, 897 columns, and 151650 nonzeros.
Reduced MIP has 889 binaries, 0 generals, 0 SOSs, and 0 indicators.
Presolve time = 0.03 sec. (82.58 ticks)
Probing time = 0.01 sec. (14.09 ticks)
Clique table members: 77387.
MIP emphasis: optimality.
MIP search method: dynamic search.
Parallel mode: deterministic, using up to 20 threads.
Root relaxation solution time = 0.11 sec. (151.19 ticks)

        Nodes                                         Cuts/
   Node  Left     Objective  IInf  Best Integer    Best Bound    ItCnt     Gap

*     0+    0                          138.8526       25.6306            81.54%
*     0+    0                          137.7266       25.6306            81.39%
      0     0       67.9903   115      137.7266       67.9903     1126   50.63%
*     0+    0                           95.9761       67.9903            29.16%
      0     0       68.8109   125       95.9761      Cuts: 82     1319   28.30%
*     0+    0                           73.9497       68.8109             6.95%
      0     0       68.8174   140       73.9497      Cuts: 25     1565    6.94%
      0     0       68.8221   142       73.9497      Cuts: 20     1650    6.93%
*     0+    0                           69.1950       68.8221             0.54%
      0     0  -1.00000e+75     0       69.1950       68.8221     1650    0.54%
Detecting symmetries...

Repeating presolve.
Tried aggregator 4 times.
MIP Presolve eliminated 355 rows and 452 columns.
MIP Presolve modified 3853 coefficients.
Aggregator did 12 substitutions.
Reduced MIP has 4960 rows, 433 columns, and 105876 nonzeros.
Reduced MIP has 425 binaries, 0 generals, 0 SOSs, and 0 indicators.
Presolve time = 0.20 sec. (908.88 ticks)
Probing fixed 25 vars, tightened 0 bounds.
Probing changed sense of 14 constraints.
Probing time = 0.09 sec. (13.98 ticks)
Cover probing fixed 1 vars, tightened 0 bounds.
Tried aggregator 1 time.
MIP Presolve eliminated 101 rows and 40 columns.
MIP Presolve modified 1537 coefficients.
Reduced MIP has 4859 rows, 393 columns, and 103761 nonzeros.
Reduced MIP has 385 binaries, 0 generals, 0 SOSs, and 0 indicators.
Presolve time = 0.06 sec. (258.15 ticks)
Probing fixed 4 vars, tightened 0 bounds.
Probing changed sense of 12 constraints.
Probing time = 0.10 sec. (13.29 ticks)
Tried aggregator 1 time.
MIP Presolve eliminated 42 rows and 35 columns.
MIP Presolve modified 18 coefficients.
Reduced MIP has 4817 rows, 358 columns, and 103554 nonzeros.
Reduced MIP has 350 binaries, 0 generals, 0 SOSs, and 0 indicators.
Presolve time = 0.05 sec. (134.56 ticks)
Probing fixed 6 vars, tightened 0 bounds.
Probing time = 0.01 sec. (11.22 ticks)
Tried aggregator 1 time.
Detecting symmetries...
MIP Presolve eliminated 3 rows and 6 columns.
Reduced MIP has 4814 rows, 352 columns, and 103521 nonzeros.
Reduced MIP has 344 binaries, 0 generals, 0 SOSs, and 0 indicators.
Presolve time = 0.03 sec. (75.46 ticks)
Represolve time = 0.57 sec. (1458.65 ticks)
Probing fixed 2 vars, tightened 0 bounds.
Probing time = 0.01 sec. (10.65 ticks)
Clique table members: 28780.
MIP emphasis: optimality.
MIP search method: dynamic search.
Parallel mode: deterministic, using up to 20 threads.
Root relaxation solution time = 0.06 sec. (74.00 ticks)

        Nodes                                         Cuts/
   Node  Left     Objective  IInf  Best Integer    Best Bound    ItCnt     Gap

*     0+    0                           69.1950       68.8221             0.54%
      0     0       68.8369   118       69.1950       68.8369     2309    0.52%
      0     0        cutoff             69.1950                   2614    0.00%
Elapsed time = 1.57 sec. (3406.18 ticks, tree = 0.01 MB, solutions = 5)

GUB cover cuts applied:  1
Clique cuts applied:  9
Implied bound cuts applied:  2
Mixed integer rounding cuts applied:  3
Zero-half cuts applied:  6
Gomory fractional cuts applied:  2

Root node processing (before b&c):
  Real time             =    1.58 sec. (3406.57 ticks)
Parallel b&c, 20 threads:
  Real time             =    0.00 sec. (0.00 ticks)
  Sync time (average)   =    0.00 sec.
  Wait time (average)   =    0.00 sec.
                          ------------
Total (root+branch&cut) =    1.58 sec. (3406.57 ticks)
Truck arcs:
0 10
1 8
4 7
5 1
6 5
7 6
8 11
10 4
customer 2 is served by drone
start of this sortie: 8
end of this sortie: 11

customer 3 is served by drone
start of this sortie: 10
end of this sortie: 7

customer 9 is served by drone
start of this sortie: 0
end of this sortie: 10

69.195
In write mode
