Instance name: /home/cuong/CLionProjects/uMV-FSTSP/Murray_Chu_2015_test_data/FSTSP/FSTSP_10_customer_problems/20140810T123440v8
Write arg val: 1

drone speed: 0.4 miles/minute
uav non-eligible customer: 4 5 
Printing tau:
0 13.106 12.3922 26.2811 19.5652 18.1619 11.127 18.8128 14.0231 14.8935 20.0525 0 
13.106 0 7.41815 13.1751 7.41924 8.38408 3.41898 9.99874 2.95098 5.14749 6.9465 13.106 
12.3922 7.41815 0 14.3533 14.8374 5.76971 3.99917 6.42059 10.3691 12.5656 10.5246 12.3922 
26.2811 13.1751 14.3533 0 6.71587 15.3192 15.1541 16.9338 12.258 15.4145 6.22861 26.2811 
19.5652 7.41924 14.8374 6.71587 0 15.8033 10.8382 17.418 5.54215 8.69866 4.31275 19.5652 
18.1619 8.38408 5.76971 15.3192 15.8033 0 7.0349 1.61466 11.3351 13.5316 11.4906 18.1619 
11.127 3.41898 3.99917 15.1541 10.8382 7.0349 0 7.68579 6.36995 8.56647 8.92548 11.127 
18.8128 9.99874 6.42059 16.9338 17.418 1.61466 7.68579 0 12.9497 15.1462 13.1052 18.8128 
14.0231 2.95098 10.3691 12.258 5.54215 11.3351 6.36995 12.9497 0 3.15652 6.0294 14.0231 
14.8935 5.14749 12.5656 15.4145 8.69866 13.5316 8.56647 15.1462 3.15652 0 9.18592 14.8935 
20.0525 6.9465 10.5246 6.22861 4.31275 11.4906 8.92548 13.1052 6.0294 9.18592 0 20.0525 
0 0 0 0 0 0 0 0 0 0 0 0 
Printing tau_prime:
0 11.5488 8.91586 22.0108 18.4044 12.8785 9.05098 13.3038 13.3764 13.0364 16.8417 0 
11.5488 0 5.26965 10.528 6.95583 6.92297 2.79336 8.14071 2.1851 3.96936 5.38071 11.5488 
8.91586 5.26965 0 14.123 11.6533 4.13658 2.96598 4.89302 7.42221 8.9505 9.20456 8.91586 
22.0108 10.528 14.123 0 4.76116 12.2597 12.9779 13.0868 9.11406 10.9728 5.16981 22.0108 
18.4044 6.95583 11.6533 4.76116 0 11.2186 9.71264 12.3279 5.03393 6.35719 3.06897 18.4044 
12.8785 6.92297 4.13658 12.2597 11.2186 0 6.0886 1.23101 8.53268 10.8703 8.2343 12.8785 
9.05098 2.79336 2.96598 12.9779 9.71264 6.0886 0 7.15418 4.94791 6.06021 7.81812 9.05098 
13.3038 8.14071 4.89302 13.0868 12.3279 1.23101 7.15418 0 9.7631 12.0944 9.30817 13.3038 
13.3764 2.1851 7.42221 9.11406 5.03393 8.53268 4.94791 9.7631 0 2.71922 4.26485 13.3764 
13.0364 3.96936 8.9505 10.9728 6.35719 10.8703 6.06021 12.0944 2.71922 0 6.65382 13.0364 
16.8417 5.38071 9.20456 5.16981 3.06897 8.2343 7.81812 9.30817 4.26485 6.65382 0 16.8417 
0 0 0 0 0 0 0 0 0 0 0 0 
Printing number of nodes: 11

Version identifier: 22.1.1.0 | 2022-11-28 | 9160aff4d
CPXPARAM_ClockType                               0
CPXPARAM_Emphasis_MIP                            2
CPXPARAM_MIP_Tolerances_Integrality              0
Tried aggregator 2 times.
MIP Presolve eliminated 875 rows and 515 columns.
MIP Presolve modified 2006 coefficients.
Aggregator did 2 substitutions.
Reduced MIP has 5397 rows, 1198 columns, and 153081 nonzeros.
Reduced MIP has 1190 binaries, 0 generals, 0 SOSs, and 0 indicators.
Presolve time = 0.08 sec. (196.56 ticks)
Found incumbent of value 131.973079 after 0.14 sec. (308.52 ticks)
Probing fixed 188 vars, tightened 0 bounds.
Probing changed sense of 32 constraints.
Probing time = 0.16 sec. (50.61 ticks)
Tried aggregator 1 time.
MIP Presolve eliminated 49 rows and 220 columns.
MIP Presolve modified 8 coefficients.
Reduced MIP has 5348 rows, 978 columns, and 152031 nonzeros.
Reduced MIP has 970 binaries, 0 generals, 0 SOSs, and 0 indicators.
Presolve time = 0.07 sec. (174.92 ticks)
Probing time = 0.17 sec. (13.90 ticks)
Tried aggregator 1 time.
Detecting symmetries...
Reduced MIP has 5348 rows, 978 columns, and 152031 nonzeros.
Reduced MIP has 970 binaries, 0 generals, 0 SOSs, and 0 indicators.
Presolve time = 0.04 sec. (82.89 ticks)
Probing time = 0.01 sec. (14.08 ticks)
Clique table members: 77430.
MIP emphasis: optimality.
MIP search method: dynamic search.
Parallel mode: deterministic, using up to 20 threads.
Root relaxation solution time = 0.03 sec. (62.67 ticks)

        Nodes                                         Cuts/
   Node  Left     Objective  IInf  Best Integer    Best Bound    ItCnt     Gap

*     0+    0                          131.9731      -10.0000           107.58%
      0     0       62.0043    58      131.9731       62.0043      436   53.02%
*     0+    0                           77.9480       62.0043            20.45%
*     0+    0                           71.3601       62.0043            13.11%
      0     0       62.0043    61       71.3601      Cuts: 22      733   13.11%
*     0+    0                           63.5761       62.0043             2.47%
*     0+    0                           63.2218       62.0043             1.93%
Detecting symmetries...

Repeating presolve.
Tried aggregator 2 times.
MIP Presolve eliminated 4628 rows and 486 columns.
MIP Presolve modified 2948 coefficients.
Aggregator did 3 substitutions.
Reduced MIP has 717 rows, 489 columns, and 7030 nonzeros.
Reduced MIP has 481 binaries, 0 generals, 0 SOSs, and 0 indicators.
Presolve time = 0.06 sec. (180.06 ticks)
Probing fixed 3 vars, tightened 0 bounds.
Probing changed sense of 16 constraints.
Probing time = 0.01 sec. (18.68 ticks)
Tried aggregator 1 time.
MIP Presolve eliminated 62 rows and 24 columns.
MIP Presolve modified 127 coefficients.
Reduced MIP has 655 rows, 465 columns, and 6386 nonzeros.
Reduced MIP has 457 binaries, 0 generals, 0 SOSs, and 0 indicators.
Presolve time = 0.01 sec. (12.77 ticks)
Probing time = 0.00 sec. (3.40 ticks)
Tried aggregator 1 time.
Detecting symmetries...
Reduced MIP has 655 rows, 465 columns, and 6386 nonzeros.
Reduced MIP has 457 binaries, 0 generals, 0 SOSs, and 0 indicators.
Presolve time = 0.00 sec. (5.50 ticks)
Represolve time = 0.09 sec. (227.90 ticks)
Probing time = 0.00 sec. (3.40 ticks)
Clique table members: 6174.
MIP emphasis: optimality.
MIP search method: dynamic search.
Parallel mode: deterministic, using up to 20 threads.
Root relaxation solution time = 0.01 sec. (10.75 ticks)

        Nodes                                         Cuts/
   Node  Left     Objective  IInf  Best Integer    Best Bound    ItCnt     Gap

*     0+    0                           63.2218       62.0043             1.93%
      0     0       62.0043    61       63.2218       62.0043     1140    1.93%
*     0+    0                           62.6999       62.0043             1.11%
Detecting symmetries...
      0     2       62.0043    19       62.6999       62.0043     1140    1.11%
Elapsed time = 2.34 sec. (1660.84 ticks, tree = 0.02 MB, solutions = 6)

GUB cover cuts applied:  1
Cover cuts applied:  17
Implied bound cuts applied:  4
Zero-half cuts applied:  1

Root node processing (before b&c):
  Real time             =    2.30 sec. (1660.56 ticks)
Parallel b&c, 20 threads:
  Real time             =    0.53 sec. (73.71 ticks)
  Sync time (average)   =    0.46 sec.
  Wait time (average)   =    0.00 sec.
                          ------------
Total (root+branch&cut) =    2.83 sec. (1734.27 ticks)
Truck arcs:
0 6
1 8
2 11
4 10
5 7
6 1
7 2
8 4
10 5
customer 3 is served by drone
start of this sortie: 4
end of this sortie: 7

customer 9 is served by drone
start of this sortie: 0
end of this sortie: 8

62.6999
In write mode
