Instance name: /home/cuong/CLionProjects/uMV-FSTSP/Murray_Chu_2015_test_data/FSTSP/FSTSP_10_customer_problems/20140810T123437v9
Write arg val: 1

drone speed: 0.6 miles/minute
uav non-eligible customer: 10 
Printing tau:
0 9.54081 8.77004 13.4772 4.21868 5.66862 5.19269 4.89079 4.24731 8.15929 7.27469 0 
9.54081 0 18.3108 3.93636 13.7595 7.22991 8.18583 7.04774 13.7881 14.0919 12.0132 9.54081 
8.77004 18.3108 0 22.2472 4.55136 11.0809 10.125 11.2631 5.10923 6.13892 11.4943 8.77004 
13.4772 3.93636 22.2472 0 17.6958 11.1663 12.1222 10.9841 17.7245 18.0283 15.9496 13.4772 
4.21868 13.7595 4.55136 17.6958 0 6.52957 5.57365 6.71174 1.94864 9.26756 8.38296 4.21868 
5.66862 7.22991 11.0809 11.1663 6.52957 0 0.955922 0.777831 6.55821 13.8279 12.9433 5.66862 
5.19269 8.18583 10.125 12.1222 5.57365 0.955922 0 1.13809 5.60229 13.352 12.4674 5.19269 
4.89079 7.04774 11.2631 10.9841 6.71174 0.777831 1.13809 0 6.74038 13.0501 12.1655 4.89079 
4.24731 13.7881 5.10923 17.7245 1.94864 6.55821 5.60229 6.74038 0 11.2162 10.3316 4.24731 
8.15929 14.0919 6.13892 18.0283 9.26756 13.8279 13.352 13.0501 11.2162 0 7.2754 8.15929 
7.27469 12.0132 11.4943 15.9496 8.38296 12.9433 12.4674 12.1655 10.3316 7.2754 0 7.27469 
0 0 0 0 0 0 0 0 0 0 0 0 
Printing tau_prime:
0 5.38044 4.54556 8.09522 2.20305 3.09185 2.71053 2.77264 2.64307 4.71879 3.92347 0 
5.38044 0 9.8583 2.81169 7.1874 3.68175 4.14083 3.56048 7.01565 9.64862 6.97631 5.38044 
4.54556 9.8583 0 12.4676 2.78952 6.81212 6.2789 6.6743 3.43429 3.76225 6.38332 4.54556 
8.09522 2.81169 12.4676 0 9.72054 5.84064 6.37024 5.8678 9.39115 12.4582 9.71551 8.09522 
2.20305 7.1874 2.78952 9.72054 0 4.02264 3.49008 3.89122 0.984316 4.68384 5.49765 2.20305 
3.09185 3.68175 6.81212 5.84064 4.02264 0 0.539342 0.403494 3.56539 7.79682 6.54069 3.09185 
2.71053 4.14083 6.2789 6.37024 3.49008 0.539342 0 0.594704 3.02824 7.37407 6.33485 2.71053 
2.77264 3.56048 6.6743 5.8678 3.89122 0.403494 0.594704 0 3.52816 7.49021 6.1456 2.77264 
2.64307 7.01565 3.43429 9.39115 0.984316 3.56539 3.02824 3.52816 0 5.66711 6.29515 2.64307 
4.71879 9.64862 3.76225 12.4582 4.68384 7.79682 7.37407 7.49021 5.66711 0 3.7017 4.71879 
3.92347 6.97631 6.38332 9.71551 5.49765 6.54069 6.33485 6.1456 6.29515 3.7017 0 3.92347 
0 0 0 0 0 0 0 0 0 0 0 0 
Printing number of nodes: 11

Version identifier: 22.1.1.0 | 2022-11-28 | 9160aff4d
CPXPARAM_ClockType                               0
CPXPARAM_Emphasis_MIP                            2
CPXPARAM_MIP_Tolerances_Integrality              0
Tried aggregator 2 times.
MIP Presolve eliminated 429 rows and 340 columns.
MIP Presolve modified 2349 coefficients.
Aggregator did 2 substitutions.
Reduced MIP has 5699 rows, 1373 columns, and 165439 nonzeros.
Reduced MIP has 1364 binaries, 0 generals, 0 SOSs, and 0 indicators.
Presolve time = 0.07 sec. (208.49 ticks)
Found incumbent of value 108.690313 after 0.13 sec. (326.14 ticks)
Probing fixed 163 vars, tightened 0 bounds.
Probing changed sense of 18 constraints.
Probing time = 0.04 sec. (58.62 ticks)
Tried aggregator 1 time.
MIP Presolve eliminated 31 rows and 181 columns.
MIP Presolve modified 6 coefficients.
Reduced MIP has 5668 rows, 1192 columns, and 164576 nonzeros.
Reduced MIP has 1183 binaries, 0 generals, 0 SOSs, and 0 indicators.
Presolve time = 0.07 sec. (183.03 ticks)
Probing time = 0.01 sec. (15.03 ticks)
Tried aggregator 1 time.
Detecting symmetries...
Reduced MIP has 5668 rows, 1192 columns, and 164576 nonzeros.
Reduced MIP has 1183 binaries, 0 generals, 0 SOSs, and 0 indicators.
Presolve time = 0.04 sec. (89.72 ticks)
Probing time = 0.01 sec. (14.89 ticks)
Clique table members: 81943.
MIP emphasis: optimality.
MIP search method: dynamic search.
Parallel mode: deterministic, using up to 20 threads.
Root relaxation solution time = 0.22 sec. (261.45 ticks)

        Nodes                                         Cuts/
   Node  Left     Objective  IInf  Best Integer    Best Bound    ItCnt     Gap

*     0+    0                          108.6903      -10.0000           109.20%
      0     0       37.9981    80      108.6903       37.9981     1243   65.04%
*     0+    0                           71.0615       37.9981            46.53%
      0     0       38.1336   112       71.0615      Cuts: 19     1679   46.34%
*     0+    0                           59.9816       38.1336            36.42%
*     0+    0                           43.4820       38.1336            12.30%
      0     0       38.1821   135       43.4820      Cuts: 15     1916   12.01%
      0     0       38.1947   136       43.4820   ZeroHalf: 2     1954   12.01%
      0     0       38.1947   136       43.4820   ZeroHalf: 2     1959   12.01%
Detecting symmetries...
      0     2       38.1947   135       43.4820       38.2577     1959   12.01%
Elapsed time = 1.62 sec. (3320.92 ticks, tree = 0.02 MB, solutions = 4)
      6     4        cutoff             43.4820       38.2577     3075   12.01%
     20     6       41.3397   213       43.4820       38.2577     5074   12.01%
     52    16       43.1450    26       43.4820       41.2263    10930    5.19%
    219    16        cutoff             43.4820       41.2263    24534    5.19%
    401    14        cutoff             43.4820       41.6421    37661    4.23%
    561    11        cutoff             43.4820       42.4158    53466    2.45%
    700     9        cutoff             43.4820       42.7418    64834    1.70%
    750     7       43.0251    48       43.4820       43.0251    70216    1.05%

Cover cuts applied:  32
Implied bound cuts applied:  1
Flow cuts applied:  2
Mixed integer rounding cuts applied:  2
Zero-half cuts applied:  9
Gomory fractional cuts applied:  3

Root node processing (before b&c):
  Real time             =    1.59 sec. (3288.57 ticks)
Parallel b&c, 20 threads:
  Real time             =    2.05 sec. (2159.52 ticks)
  Sync time (average)   =    1.39 sec.
  Wait time (average)   =    0.00 sec.
                          ------------
Total (root+branch&cut) =    3.64 sec. (5448.09 ticks)
Truck arcs:
0 10
2 4
4 8
5 7
6 5
7 11
8 6
9 2
10 9
customer 1 is served by drone
start of this sortie: 0
end of this sortie: 9

customer 3 is served by drone
start of this sortie: 9
end of this sortie: 6

43.482
In write mode
