Instance name: /home/cuong/CLionProjects/uMV-FSTSP/Murray_Chu_2015_test_data/FSTSP/FSTSP_10_customer_problems/20140810T123437v7
Write arg val: 1

drone speed: 0.4 miles/minute
uav non-eligible customer: 10 
Printing tau:
0 14.2149 7.45597 18.1512 10.5846 15.145 14.669 14.3671 12.5333 1.31706 6.43835 0 
14.2149 0 18.3108 3.93636 13.7595 7.22991 8.18583 7.04774 13.7881 14.0919 12.0132 14.2149 
7.45597 18.3108 0 22.2472 4.55136 11.0809 10.125 11.2631 5.10923 6.13892 11.4943 7.45597 
18.1512 3.93636 22.2472 0 17.6958 11.1663 12.1222 10.9841 17.7245 18.0283 15.9496 18.1512 
10.5846 13.7595 4.55136 17.6958 0 6.52957 5.57365 6.71174 1.94864 9.26756 8.38296 10.5846 
15.145 7.22991 11.0809 11.1663 6.52957 0 0.955922 0.777831 6.55821 13.8279 12.9433 15.145 
14.669 8.18583 10.125 12.1222 5.57365 0.955922 0 1.13809 5.60229 13.352 12.4674 14.669 
14.3671 7.04774 11.2631 10.9841 6.71174 0.777831 1.13809 0 6.74038 13.0501 12.1655 14.3671 
12.5333 13.7881 5.10923 17.7245 1.94864 6.55821 5.60229 6.74038 0 11.2162 10.3316 12.5333 
1.31706 14.0919 6.13892 18.0283 9.26756 13.8279 13.352 13.0501 11.2162 0 7.2754 1.31706 
6.43835 12.0132 11.4943 15.9496 8.38296 12.9433 12.4674 12.1655 10.3316 7.2754 0 6.43835 
0 0 0 0 0 0 0 0 0 0 0 0 
Printing tau_prime:
0 13.7433 6.37003 17.6777 7.49295 11.5254 10.9744 11.0667 8.87036 1.10347 4.81142 0 
13.7433 0 13.8016 3.93636 10.0624 5.15445 5.79716 4.98467 9.82192 13.5081 9.76684 13.7433 
6.37003 13.8016 0 17.4546 3.90533 9.53697 8.79045 9.34402 4.808 5.26714 8.93665 6.37003 
17.6777 3.93636 17.4546 0 13.6088 8.1769 8.91833 8.21492 13.1476 17.4415 13.6017 17.6777 
7.49295 10.0624 3.90533 13.6088 0 5.6317 4.88611 5.4477 1.37804 6.55737 7.69671 7.49295 
11.5254 5.15445 9.53697 8.1769 5.6317 0 0.755079 0.564892 4.99155 10.9155 9.15697 11.5254 
10.9744 5.79716 8.79045 8.91833 4.88611 0.755079 0 0.832586 4.23953 10.3237 8.86878 10.9744 
11.0667 4.98467 9.34402 8.21492 5.4477 0.564892 0.832586 0 4.93942 10.4863 8.60384 11.0667 
8.87036 9.82192 4.808 13.1476 1.37804 4.99155 4.23953 4.93942 0 7.93396 8.8132 8.87036 
1.10347 13.5081 5.26714 17.4415 6.55737 10.9155 10.3237 10.4863 7.93396 0 5.18237 1.10347 
4.81142 9.76684 8.93665 13.6017 7.69671 9.15697 8.86878 8.60384 8.8132 5.18237 0 4.81142 
0 0 0 0 0 0 0 0 0 0 0 0 
Printing number of nodes: 11

Version identifier: 22.1.1.0 | 2022-11-28 | 9160aff4d
CPXPARAM_ClockType                               0
CPXPARAM_Emphasis_MIP                            2
CPXPARAM_MIP_Tolerances_Integrality              0
Tried aggregator 2 times.
MIP Presolve eliminated 430 rows and 362 columns.
MIP Presolve modified 2282 coefficients.
Aggregator did 2 substitutions.
Reduced MIP has 5698 rows, 1351 columns, and 165326 nonzeros.
Reduced MIP has 1342 binaries, 0 generals, 0 SOSs, and 0 indicators.
Presolve time = 0.11 sec. (349.03 ticks)
Found incumbent of value 98.436576 after 0.17 sec. (472.07 ticks)
Probing fixed 213 vars, tightened 0 bounds.
Probing changed sense of 20 constraints.
Probing time = 0.04 sec. (56.99 ticks)
Tried aggregator 1 time.
MIP Presolve eliminated 36 rows and 232 columns.
MIP Presolve modified 29 coefficients.
Reduced MIP has 5662 rows, 1119 columns, and 164204 nonzeros.
Reduced MIP has 1110 binaries, 0 generals, 0 SOSs, and 0 indicators.
Presolve time = 0.07 sec. (187.00 ticks)
Probing fixed 15 vars, tightened 0 bounds.
Probing changed sense of 2 constraints.
Probing time = 0.03 sec. (51.13 ticks)
Tried aggregator 1 time.
Detecting symmetries...
MIP Presolve eliminated 6 rows and 17 columns.
MIP Presolve modified 27 coefficients.
Reduced MIP has 5656 rows, 1102 columns, and 164112 nonzeros.
Reduced MIP has 1093 binaries, 0 generals, 0 SOSs, and 0 indicators.
Presolve time = 0.08 sec. (199.55 ticks)
Probing time = 0.01 sec. (14.57 ticks)
Clique table members: 85448.
MIP emphasis: optimality.
MIP search method: dynamic search.
Parallel mode: deterministic, using up to 20 threads.
Root relaxation solution time = 0.18 sec. (242.77 ticks)

        Nodes                                         Cuts/
   Node  Left     Objective  IInf  Best Integer    Best Bound    ItCnt     Gap

*     0+    0                           98.4366       -5.3659           105.45%
      0     0       40.7991   131       98.4366       40.7991     1034   58.55%
*     0+    0                           53.0790       40.7991            23.14%
      0     0       41.4501   171       53.0790      Cuts: 54     2046   21.91%
      0     0       41.4563   178       53.0790       Cuts: 4     2153   21.90%
      0     0       41.4969   178       53.0790       Cuts: 9     2310   21.82%
*     0+    0                           52.9176       41.4969            21.58%
      0     0  -1.00000e+75     0       52.9176       41.4969     2310   21.58%
      0     0       41.5114   176       52.9176      Cuts: 11     2365   21.55%
      0     0       41.5125   185       52.9176       Cuts: 5     2388   21.55%
Detecting symmetries...
      0     0       41.5160   198       52.9176    MIRcuts: 1     2421   20.03%
*     0+    0                           52.1017       43.8799            15.78%
      0     0  -1.00000e+75     0       52.1017       43.8799     2421   15.78%
Detecting symmetries...
      0     2       41.5160   183       52.1017       43.8799     2421   15.78%
Elapsed time = 2.29 sec. (5041.03 ticks, tree = 0.02 MB, solutions = 4)
      7     8       44.4726   163       52.1017       43.8799     3403   15.78%
*    33+   14                           51.1007       43.8799            14.13%
*   128+   15                           51.0040       43.8799            13.97%
    135    50        cutoff             51.0040       43.8799     9768   13.97%
*   151    69      integral     0       50.0040       43.8799    15927   12.25%
    251    56       43.6301   101       50.0040       43.8799    24762   12.25%
*   307    58      integral     0       49.5813       43.8799    24240   11.50%
    425    23       47.4981    70       49.5813       43.8799    33960   11.50%
    604    22       41.9105   134       49.5813       43.8799    29697   11.50%
    605     4       47.8519   148       49.5813       43.8799    55706   11.50%
    619     9       43.1054   141       49.5813       43.8799    56814   11.50%
    704    11        cutoff             49.5813       43.8799    62067   11.50%
    813     9       46.8712   146       49.5813       44.6129    75328   10.02%

Cover cuts applied:  40
Implied bound cuts applied:  18
Flow cuts applied:  1
Mixed integer rounding cuts applied:  6
Zero-half cuts applied:  14
Gomory fractional cuts applied:  3

Root node processing (before b&c):
  Real time             =    2.25 sec. (4990.46 ticks)
Parallel b&c, 20 threads:
  Real time             =    2.40 sec. (2874.86 ticks)
  Sync time (average)   =    1.48 sec.
  Wait time (average)   =    0.00 sec.
                          ------------
Total (root+branch&cut) =    4.65 sec. (7865.32 ticks)
Truck arcs:
0 9
1 10
4 8
5 1
6 7
7 5
8 6
9 4
10 11
customer 2 is served by drone
start of this sortie: 0
end of this sortie: 4

customer 3 is served by drone
start of this sortie: 4
end of this sortie: 1

49.5813
In write mode
