Instance name: /home/cuong/CLionProjects/uMV-FSTSP/Murray_Chu_2015_test_data/FSTSP/FSTSP_10_customer_problems/20140810T123440v5
Write arg val: 1

drone speed: 0.4 miles/minute
uav non-eligible customer: 4 5 
Printing tau:
0 1.83841 6.19937 11.3367 8.63802 7.16529 3.81739 8.77996 4.16976 6.36627 5.10809 0 
1.83841 0 7.41815 13.1751 7.41924 8.38408 3.41898 9.99874 2.95098 5.14749 6.9465 1.83841 
6.19937 7.41815 0 14.3533 14.8374 5.76971 3.99917 6.42059 10.3691 12.5656 10.5246 6.19937 
11.3367 13.1751 14.3533 0 6.71587 15.3192 15.1541 16.9338 12.258 15.4145 6.22861 11.3367 
8.63802 7.41924 14.8374 6.71587 0 15.8033 10.8382 17.418 5.54215 8.69866 4.31275 8.63802 
7.16529 8.38408 5.76971 15.3192 15.8033 0 7.0349 1.61466 11.3351 13.5316 11.4906 7.16529 
3.81739 3.41898 3.99917 15.1541 10.8382 7.0349 0 7.68579 6.36995 8.56647 8.92548 3.81739 
8.77996 9.99874 6.42059 16.9338 17.418 1.61466 7.68579 0 12.9497 15.1462 13.1052 8.77996 
4.16976 2.95098 10.3691 12.258 5.54215 11.3351 6.36995 12.9497 0 3.15652 6.0294 4.16976 
6.36627 5.14749 12.5656 15.4145 8.69866 13.5316 8.56647 15.1462 3.15652 0 9.18592 6.36627 
5.10809 6.9465 10.5246 6.22861 4.31275 11.4906 8.92548 13.1052 6.0294 9.18592 0 5.10809 
0 0 0 0 0 0 0 0 0 0 0 0 
Printing tau_prime:
0 1.55968 4.74056 9.87438 6.92703 5.554 3.11555 6.78425 3.01958 5.34594 4.73289 0 
1.55968 0 5.26965 10.528 6.95583 6.92297 2.79336 8.14071 2.1851 3.96936 5.38071 1.55968 
4.74056 5.26965 0 14.123 11.6533 4.13658 2.96598 4.89302 7.42221 8.9505 9.20456 4.74056 
9.87438 10.528 14.123 0 4.76116 12.2597 12.9779 13.0868 9.11406 10.9728 5.16981 9.87438 
6.92703 6.95583 11.6533 4.76116 0 11.2186 9.71264 12.3279 5.03393 6.35719 3.06897 6.92703 
5.554 6.92297 4.13658 12.2597 11.2186 0 6.0886 1.23101 8.53268 10.8703 8.2343 5.554 
3.11555 2.79336 2.96598 12.9779 9.71264 6.0886 0 7.15418 4.94791 6.06021 7.81812 3.11555 
6.78425 8.14071 4.89302 13.0868 12.3279 1.23101 7.15418 0 9.7631 12.0944 9.30817 6.78425 
3.01958 2.1851 7.42221 9.11406 5.03393 8.53268 4.94791 9.7631 0 2.71922 4.26485 3.01958 
5.34594 3.96936 8.9505 10.9728 6.35719 10.8703 6.06021 12.0944 2.71922 0 6.65382 5.34594 
4.73289 5.38071 9.20456 5.16981 3.06897 8.2343 7.81812 9.30817 4.26485 6.65382 0 4.73289 
0 0 0 0 0 0 0 0 0 0 0 0 
Printing number of nodes: 11

Version identifier: 22.1.1.0 | 2022-11-28 | 9160aff4d
CPXPARAM_ClockType                               0
CPXPARAM_Emphasis_MIP                            2
CPXPARAM_MIP_Tolerances_Integrality              0
Tried aggregator 2 times.
MIP Presolve eliminated 867 rows and 452 columns.
MIP Presolve modified 1776 coefficients.
Aggregator did 2 substitutions.
Reduced MIP has 5405 rows, 1261 columns, and 153468 nonzeros.
Reduced MIP has 1253 binaries, 0 generals, 0 SOSs, and 0 indicators.
Presolve time = 0.07 sec. (197.70 ticks)
Found incumbent of value 107.337320 after 0.12 sec. (306.05 ticks)
Probing fixed 167 vars, tightened 0 bounds.
Probing changed sense of 32 constraints.
Probing time = 0.04 sec. (53.83 ticks)
Tried aggregator 1 time.
MIP Presolve eliminated 48 rows and 199 columns.
MIP Presolve modified 4 coefficients.
Reduced MIP has 5357 rows, 1062 columns, and 152499 nonzeros.
Reduced MIP has 1054 binaries, 0 generals, 0 SOSs, and 0 indicators.
Presolve time = 0.06 sec. (172.84 ticks)
Probing time = 0.01 sec. (14.47 ticks)
Tried aggregator 1 time.
Detecting symmetries...
Reduced MIP has 5357 rows, 1062 columns, and 152499 nonzeros.
Reduced MIP has 1054 binaries, 0 generals, 0 SOSs, and 0 indicators.
Presolve time = 0.03 sec. (83.17 ticks)
Probing time = 0.01 sec. (14.31 ticks)
Clique table members: 76437.
MIP emphasis: optimality.
MIP search method: dynamic search.
Parallel mode: deterministic, using up to 20 threads.
Root relaxation solution time = 0.12 sec. (203.56 ticks)

        Nodes                                         Cuts/
   Node  Left     Objective  IInf  Best Integer    Best Bound    ItCnt     Gap

*     0+    0                          107.3373      -10.0000           109.32%
*     0+    0                           98.4036      -10.0000           110.16%
      0     0       42.4292    87       98.4036       42.4292     1695   56.88%
*     0+    0                           76.6272       42.4292            44.63%
      0     0       42.5314    96       76.6272      Cuts: 37     1837   44.50%
*     0+    0                           51.2892       42.5314            17.08%
      0     0       42.6230   108       51.2892      Cuts: 11     2000   16.90%
      0     0       42.6387   105       51.2892       Cuts: 8     2059   16.87%
*     0+    0                           51.1009       42.6387            16.56%
      0     0       42.6390   106       51.1009       Cuts: 9     2081   16.56%
      0     0       42.6402   113       51.1009   ZeroHalf: 4     2110   16.56%
Detecting symmetries...
*     0+    0                           49.9116       42.6402            14.57%
      0     0  -1.00000e+75     0       49.9116       42.6402     2110   14.57%
Detecting symmetries...
      0     2       42.6402   112       49.9116       42.6402     2110   14.57%
Elapsed time = 1.19 sec. (2563.71 ticks, tree = 0.02 MB, solutions = 6)
      9    10       43.4782    93       49.9116       42.6402     3878   14.57%
*    12+    5                           48.3516       42.6447            11.80%
*    15+    6                           46.0447       42.6447             7.38%
    122    47        cutoff             46.0447       42.6557    11667    7.36%
    348    79        cutoff             46.0447       42.7987    21952    7.05%
    607   179       43.5257    63       46.0447       42.7987    46369    7.05%
    776   252        cutoff             46.0447       42.7987    59831    7.05%
*  1041+  304                           45.6579       42.7987             6.26%
   1108   278        cutoff             45.6579       42.7987    85600    6.26%
*  1485   161      integral     0       45.4555       42.7987   103097    5.84%
   1540   163        cutoff             45.4555       42.7987   103079    5.84%
   1654    23        cutoff             45.4555       43.7943   118084    3.65%
   1758    14       45.0937   123       45.4555       44.2527   125404    2.65%

Cover cuts applied:  60
Implied bound cuts applied:  10
Zero-half cuts applied:  16
Lift and project cuts applied:  3
Gomory fractional cuts applied:  8

Root node processing (before b&c):
  Real time             =    1.17 sec. (2541.55 ticks)
Parallel b&c, 20 threads:
  Real time             =    2.96 sec. (2379.35 ticks)
  Sync time (average)   =    1.36 sec.
  Wait time (average)   =    0.00 sec.
                          ------------
Total (root+branch&cut) =    4.13 sec. (4920.90 ticks)
Truck arcs:
0 5
1 8
2 6
4 10
5 7
6 1
7 2
8 4
10 11
customer 3 is served by drone
start of this sortie: 6
end of this sortie: 10

customer 9 is served by drone
start of this sortie: 0
end of this sortie: 2

45.4555
In write mode
