Instance name: /home/cuong/CLionProjects/uMV-FSTSP/Murray_Chu_2015_test_data/FSTSP/FSTSP_10_customer_problems/20140810T123437v2
Write arg val: 1

drone speed: 0.2 miles/minute
uav non-eligible customer: 10 
Printing tau:
0 7.81487 11.456 11.7512 6.90462 8.74496 8.26904 7.96713 6.93325 7.23706 4.19835 0 
7.81487 0 18.3108 3.93636 13.7595 7.22991 8.18583 7.04774 13.7881 14.0919 12.0132 7.81487 
11.456 18.3108 0 22.2472 4.55136 11.0809 10.125 11.2631 5.10923 6.13892 11.4943 11.456 
11.7512 3.93636 22.2472 0 17.6958 11.1663 12.1222 10.9841 17.7245 18.0283 15.9496 11.7512 
6.90462 13.7595 4.55136 17.6958 0 6.52957 5.57365 6.71174 1.94864 9.26756 8.38296 6.90462 
8.74496 7.22991 11.0809 11.1663 6.52957 0 0.955922 0.777831 6.55821 13.8279 12.9433 8.74496 
8.26904 8.18583 10.125 12.1222 5.57365 0.955922 0 1.13809 5.60229 13.352 12.4674 8.26904 
7.96713 7.04774 11.2631 10.9841 6.71174 0.777831 1.13809 0 6.74038 13.0501 12.1655 7.96713 
6.93325 13.7881 5.10923 17.7245 1.94864 6.55821 5.60229 6.74038 0 11.2162 10.3316 6.93325 
7.23706 14.0919 6.13892 18.0283 9.26756 13.8279 13.352 13.0501 11.2162 0 7.2754 7.23706 
4.19835 12.0132 11.4943 15.9496 8.38296 12.9433 12.4674 12.1655 10.3316 7.2754 0 4.19835 
0 0 0 0 0 0 0 0 0 0 0 0 
Printing tau_prime:
0 12.2509 13.5582 18.8024 9.51495 10.3155 9.87058 9.3921 10.9091 10.4224 4.94801 0 
12.2509 0 23.0027 6.5606 16.7706 8.59075 9.66193 8.30778 16.3699 22.5134 16.2781 12.2509 
13.5582 23.0027 0 29.091 6.50889 15.8949 14.6508 15.5734 8.01334 8.77857 14.8944 13.5582 
18.8024 6.5606 29.091 0 22.6813 13.6282 14.8639 13.6915 21.9127 29.0691 22.6695 18.8024 
9.51495 16.7706 6.50889 22.6813 0 9.38617 8.14351 9.0795 2.29674 10.9289 12.8279 9.51495 
10.3155 8.59075 15.8949 13.6282 9.38617 0 1.25846 0.941487 8.31925 18.1926 15.2616 10.3155 
9.87058 9.66193 14.6508 14.8639 8.14351 1.25846 0 1.38764 7.06588 17.2062 14.7813 9.87058 
9.3921 8.30778 15.5734 13.6915 9.0795 0.941487 1.38764 0 8.23237 17.4772 14.3397 9.3921 
10.9091 16.3699 8.01334 21.9127 2.29674 8.31925 7.06588 8.23237 0 13.2233 14.6887 10.9091 
10.4224 22.5134 8.77857 29.0691 10.9289 18.1926 17.2062 17.4772 13.2233 0 8.63729 10.4224 
4.94801 16.2781 14.8944 22.6695 12.8279 15.2616 14.7813 14.3397 14.6887 8.63729 0 4.94801 
0 0 0 0 0 0 0 0 0 0 0 0 
Printing number of nodes: 11

Version identifier: 22.1.1.0 | 2022-11-28 | 9160aff4d
CPXPARAM_ClockType                               0
CPXPARAM_Emphasis_MIP                            2
CPXPARAM_MIP_Tolerances_Integrality              0
Tried aggregator 2 times.
MIP Presolve eliminated 468 rows and 397 columns.
MIP Presolve modified 2438 coefficients.
Aggregator did 3 substitutions.
Reduced MIP has 5659 rows, 1315 columns, and 164981 nonzeros.
Reduced MIP has 1306 binaries, 0 generals, 0 SOSs, and 0 indicators.
Presolve time = 0.12 sec. (336.40 ticks)
Found incumbent of value 94.494651 after 0.18 sec. (470.05 ticks)
Probing fixed 328 vars, tightened 0 bounds.
Probing changed sense of 21 constraints.
Probing time = 0.04 sec. (53.96 ticks)
Tried aggregator 2 times.
MIP Presolve eliminated 328 rows and 359 columns.
MIP Presolve modified 306 coefficients.
Aggregator did 1 substitutions.
Reduced MIP has 5328 rows, 955 columns, and 151720 nonzeros.
Reduced MIP has 946 binaries, 0 generals, 0 SOSs, and 0 indicators.
Presolve time = 0.12 sec. (340.06 ticks)
Probing fixed 25 vars, tightened 0 bounds.
Probing changed sense of 12 constraints.
Probing time = 0.03 sec. (40.10 ticks)
Tried aggregator 1 time.
Detecting symmetries...
MIP Presolve eliminated 41 rows and 38 columns.
MIP Presolve modified 79 coefficients.
Reduced MIP has 5287 rows, 917 columns, and 151490 nonzeros.
Reduced MIP has 908 binaries, 0 generals, 0 SOSs, and 0 indicators.
Presolve time = 0.07 sec. (193.43 ticks)
Probing fixed 15 vars, tightened 0 bounds.
Probing changed sense of 1 constraints.
Probing time = 0.03 sec. (44.39 ticks)
Clique table members: 84178.
MIP emphasis: optimality.
MIP search method: dynamic search.
Parallel mode: deterministic, using up to 20 threads.
Root relaxation solution time = 0.14 sec. (187.51 ticks)

        Nodes                                         Cuts/
   Node  Left     Objective  IInf  Best Integer    Best Bound    ItCnt     Gap

*     0+    0                           94.4947        2.3967            97.46%
      0     0       49.0634   133       94.4947       49.0634      976   48.08%
*     0+    0                           54.1840       49.0634             9.45%
      0     0       51.0591   133       54.1840      Cuts: 77     1249    4.66%
      0     0       51.0878   140       54.1840      Cuts: 23     1294    2.99%
      0     0       51.1142   144       54.1840       Cuts: 8     1349    1.98%
*     0+    0                           53.7933       53.1102             1.27%
      0     0  -1.00000e+75     0       53.7933       53.1102     1349    1.27%
      0     0        cutoff             53.7933       53.7933     1349    0.00%
Elapsed time = 1.50 sec. (3646.79 ticks, tree = 0.01 MB, solutions = 3)

GUB cover cuts applied:  2
Clique cuts applied:  3
Cover cuts applied:  1
Implied bound cuts applied:  2
Flow cuts applied:  2
Mixed integer rounding cuts applied:  8
Zero-half cuts applied:  3
Gomory fractional cuts applied:  3

Root node processing (before b&c):
  Real time             =    1.50 sec. (3647.34 ticks)
Parallel b&c, 20 threads:
  Real time             =    0.00 sec. (0.00 ticks)
  Sync time (average)   =    0.00 sec.
  Wait time (average)   =    0.00 sec.
                          ------------
Total (root+branch&cut) =    1.50 sec. (3647.34 ticks)
Truck arcs:
0 10
1 11
2 8
3 1
5 7
6 5
7 3
8 6
9 2
10 9
customer 4 is served by drone
start of this sortie: 0
end of this sortie: 2

53.7933
In write mode
