Instance name: /home/cuong/CLionProjects/uMV-FSTSP/Murray_Chu_2015_test_data/FSTSP/FSTSP_10_customer_problems/20140810T123440v2
Write arg val: 1

drone speed: 0.2 miles/minute
uav non-eligible customer: 4 5 
Printing tau:
0 3.05404 10.4722 13.4811 6.76521 11.4381 6.47301 13.0528 1.22306 2.41346 7.25246 0 
3.05404 0 7.41815 13.1751 7.41924 8.38408 3.41898 9.99874 2.95098 5.14749 6.9465 3.05404 
10.4722 7.41815 0 14.3533 14.8374 5.76971 3.99917 6.42059 10.3691 12.5656 10.5246 10.4722 
13.4811 13.1751 14.3533 0 6.71587 15.3192 15.1541 16.9338 12.258 15.4145 6.22861 13.4811 
6.76521 7.41924 14.8374 6.71587 0 15.8033 10.8382 17.418 5.54215 8.69866 4.31275 6.76521 
11.4381 8.38408 5.76971 15.3192 15.8033 0 7.0349 1.61466 11.3351 13.5316 11.4906 11.4381 
6.47301 3.41898 3.99917 15.1541 10.8382 7.0349 0 7.68579 6.36995 8.56647 8.92548 6.47301 
13.0528 9.99874 6.42059 16.9338 17.418 1.61466 7.68579 0 12.9497 15.1462 13.1052 13.0528 
1.22306 2.95098 10.3691 12.258 5.54215 11.3351 6.36995 12.9497 0 3.15652 6.0294 1.22306 
2.41346 5.14749 12.5656 15.4145 8.69866 13.5316 8.56647 15.1462 3.15652 0 9.18592 2.41346 
7.25246 6.9465 10.5246 6.22861 4.31275 11.4906 8.92548 13.1052 6.0294 9.18592 0 7.25246 
0 0 0 0 0 0 0 0 0 0 0 0 
Printing tau_prime:
0 3.61723 12.3509 16.5329 9.48852 14.8876 7.8792 16.9365 1.4465 3.35841 8.54733 0 
3.61723 0 8.78275 17.5467 11.593 11.5383 4.65561 13.5679 3.64183 6.6156 8.96786 3.61723 
12.3509 8.78275 0 23.5383 19.4222 6.89429 4.9433 8.15504 12.3704 14.9175 15.3409 12.3509 
16.5329 17.5467 23.5383 0 7.93526 20.4328 21.6299 21.8114 15.1901 18.2879 8.61635 16.5329 
9.48852 11.593 19.4222 7.93526 0 18.6977 16.1877 20.5464 8.38988 10.5953 5.11496 9.48852 
14.8876 11.5383 6.89429 20.4328 18.6977 0 10.1477 2.05169 14.2211 18.1171 13.7238 14.8876 
7.8792 4.65561 4.9433 21.6299 16.1877 10.1477 0 11.9236 8.24651 10.1003 13.0302 7.8792 
16.9365 13.5679 8.15504 21.8114 20.5464 2.05169 11.9236 0 16.2718 20.1574 15.5136 16.9365 
1.4465 3.64183 12.3704 15.1901 8.38988 14.2211 8.24651 16.2718 0 4.53203 7.10808 1.4465 
3.35841 6.6156 14.9175 18.2879 10.5953 18.1171 10.1003 20.1574 4.53203 0 11.0897 3.35841 
8.54733 8.96786 15.3409 8.61635 5.11496 13.7238 13.0302 15.5136 7.10808 11.0897 0 8.54733 
0 0 0 0 0 0 0 0 0 0 0 0 
Printing number of nodes: 11

Version identifier: 22.1.1.0 | 2022-11-28 | 9160aff4d
CPXPARAM_ClockType                               0
CPXPARAM_Emphasis_MIP                            2
CPXPARAM_MIP_Tolerances_Integrality              0
Tried aggregator 2 times.
MIP Presolve eliminated 899 rows and 487 columns.
MIP Presolve modified 2321 coefficients.
Aggregator did 2 substitutions.
Reduced MIP has 5373 rows, 1226 columns, and 153055 nonzeros.
Reduced MIP has 1218 binaries, 0 generals, 0 SOSs, and 0 indicators.
Presolve time = 0.08 sec. (203.15 ticks)
Found incumbent of value 94.243802 after 0.14 sec. (328.15 ticks)
Probing fixed 267 vars, tightened 0 bounds.
Probing changed sense of 25 constraints.
Probing time = 0.12 sec. (49.13 ticks)
Tried aggregator 1 time.
MIP Presolve eliminated 53 rows and 293 columns.
MIP Presolve modified 52 coefficients.
Reduced MIP has 5320 rows, 933 columns, and 151604 nonzeros.
Reduced MIP has 925 binaries, 0 generals, 0 SOSs, and 0 indicators.
Presolve time = 0.05 sec. (126.49 ticks)
Probing fixed 9 vars, tightened 0 bounds.
Probing changed sense of 8 constraints.
Probing time = 0.08 sec. (41.60 ticks)
Tried aggregator 1 time.
Detecting symmetries...
MIP Presolve eliminated 19 rows and 16 columns.
MIP Presolve modified 31 coefficients.
Reduced MIP has 5301 rows, 917 columns, and 151511 nonzeros.
Reduced MIP has 909 binaries, 0 generals, 0 SOSs, and 0 indicators.
Presolve time = 0.06 sec. (138.51 ticks)
Probing fixed 1 vars, tightened 0 bounds.
Probing time = 0.02 sec. (22.77 ticks)
Clique table members: 82612.
MIP emphasis: optimality.
MIP search method: dynamic search.
Parallel mode: deterministic, using up to 20 threads.
Root relaxation solution time = 0.14 sec. (182.03 ticks)

        Nodes                                         Cuts/
   Node  Left     Objective  IInf  Best Integer    Best Bound    ItCnt     Gap

*     0+    0                           94.2438      -10.0000           110.61%
      0     0       43.2891    59       94.2438       43.2891     1159   54.07%
*     0+    0                           76.3699       43.2891            43.32%
      0     0       43.4599    91       76.3699      Cuts: 30     1471   43.09%
*     0+    0                           75.9666       43.4599            42.79%
      0     0       43.6440    89       75.9666       Cuts: 9     1657   42.55%
*     0+    0                           65.1037       43.6440            32.96%
      0     0       43.6707   107       65.1037       Cuts: 8     1689   32.92%
*     0+    0                           63.3006       43.6707            31.01%
      0     0  -1.00000e+75     0       63.3006       43.6707     1689   31.01%
      0     0       43.7023   110       63.3006      Cuts: 15     1748   30.96%
      0     0       43.7551   134       63.3006      Cuts: 11     1835   30.88%
Detecting symmetries...
      0     0       43.8143   114       63.3006       Cuts: 9     1903   30.78%
      0     0       43.8158   124       63.3006       Cuts: 3     1929   30.78%
*     0+    0                           57.9884       43.8158            24.44%
      0     0       43.8256   130       57.9884       Cuts: 9     1949   24.42%
*     0+    0                           56.5077       43.8256            22.44%
      0     0  -1.00000e+75     0       56.5077       43.8256     1949   22.44%
      0     0       43.8268   132       56.5077       Cuts: 4     1965   22.44%
Detecting symmetries...
      0     2       43.8268   131       56.5077       43.8268     1965   22.44%
Elapsed time = 1.48 sec. (2637.72 ticks, tree = 0.02 MB, solutions = 7)
     43    29       52.8824     8       56.5077       43.8269     4531   22.44%
*    80    29      integral     0       55.6401       43.8269     4685   21.23%
*   102    41      integral     0       55.4801       43.8269     5979   21.00%
    251    87        cutoff             55.4801       43.9642    12260   20.76%
*   289    79      integral     0       51.7077       43.9642    14009   14.98%
    507    16        cutoff             51.7077       43.9642    21747   14.98%
    691    16       51.4481    20       51.7077       44.5267    31536   13.89%
    865    63        cutoff             51.7077       44.6071    44311   13.73%
    934    23       48.8931   192       51.7077       44.6071    47741   13.73%
   1165    30        cutoff             51.7077       46.8983    55921    9.30%
   1340    21        cutoff             51.7077       48.2779    72235    6.63%

GUB cover cuts applied:  1
Clique cuts applied:  4
Cover cuts applied:  24
Implied bound cuts applied:  14
Flow cuts applied:  3
Mixed integer rounding cuts applied:  11
Zero-half cuts applied:  6
Lift and project cuts applied:  2
Gomory fractional cuts applied:  3

Root node processing (before b&c):
  Real time             =    1.46 sec. (2609.49 ticks)
Parallel b&c, 20 threads:
  Real time             =    2.36 sec. (2113.91 ticks)
  Sync time (average)   =    1.37 sec.
  Wait time (average)   =    0.00 sec.
                          ------------
Total (root+branch&cut) =    3.82 sec. (4723.40 ticks)
Truck arcs:
0 1
1 6
2 7
3 4
4 8
5 10
6 2
7 5
8 11
10 3
customer 9 is served by drone
start of this sortie: 10
end of this sortie: 8

51.7077
In write mode
