Instance name: /home/cuong/CLionProjects/uMV-FSTSP/Murray_Chu_2015_test_data/FSTSP/FSTSP_10_customer_problems/20140810T123440v7
Write arg val: 1

drone speed: 0.4 miles/minute
uav non-eligible customer: 4 5 
Printing tau:
0 6.70596 5.99218 19.8811 13.1652 11.7619 4.72699 12.4128 7.62306 8.49346 13.6525 0 
6.70596 0 7.41815 13.1751 7.41924 8.38408 3.41898 9.99874 2.95098 5.14749 6.9465 6.70596 
5.99218 7.41815 0 14.3533 14.8374 5.76971 3.99917 6.42059 10.3691 12.5656 10.5246 5.99218 
19.8811 13.1751 14.3533 0 6.71587 15.3192 15.1541 16.9338 12.258 15.4145 6.22861 19.8811 
13.1652 7.41924 14.8374 6.71587 0 15.8033 10.8382 17.418 5.54215 8.69866 4.31275 13.1652 
11.7619 8.38408 5.76971 15.3192 15.8033 0 7.0349 1.61466 11.3351 13.5316 11.4906 11.7619 
4.72699 3.41898 3.99917 15.1541 10.8382 7.0349 0 7.68579 6.36995 8.56647 8.92548 4.72699 
12.4128 9.99874 6.42059 16.9338 17.418 1.61466 7.68579 0 12.9497 15.1462 13.1052 12.4128 
7.62306 2.95098 10.3691 12.258 5.54215 11.3351 6.36995 12.9497 0 3.15652 6.0294 7.62306 
8.49346 5.14749 12.5656 15.4145 8.69866 13.5316 8.56647 15.1462 3.15652 0 9.18592 8.49346 
13.6525 6.9465 10.5246 6.22861 4.31275 11.4906 8.92548 13.1052 6.0294 9.18592 0 13.6525 
0 0 0 0 0 0 0 0 0 0 0 0 
Printing tau_prime:
0 5.29931 5.12294 15.8265 12.0252 9.04778 3.34288 9.95832 6.99151 6.7856 10.6776 0 
5.29931 0 5.26965 10.528 6.95583 6.92297 2.79336 8.14071 2.1851 3.96936 5.38071 5.29931 
5.12294 5.26965 0 14.123 11.6533 4.13658 2.96598 4.89302 7.42221 8.9505 9.20456 5.12294 
15.8265 10.528 14.123 0 4.76116 12.2597 12.9779 13.0868 9.11406 10.9728 5.16981 15.8265 
12.0252 6.95583 11.6533 4.76116 0 11.2186 9.71264 12.3279 5.03393 6.35719 3.06897 12.0252 
9.04778 6.92297 4.13658 12.2597 11.2186 0 6.0886 1.23101 8.53268 10.8703 8.2343 9.04778 
3.34288 2.79336 2.96598 12.9779 9.71264 6.0886 0 7.15418 4.94791 6.06021 7.81812 3.34288 
9.95832 8.14071 4.89302 13.0868 12.3279 1.23101 7.15418 0 9.7631 12.0944 9.30817 9.95832 
6.99151 2.1851 7.42221 9.11406 5.03393 8.53268 4.94791 9.7631 0 2.71922 4.26485 6.99151 
6.7856 3.96936 8.9505 10.9728 6.35719 10.8703 6.06021 12.0944 2.71922 0 6.65382 6.7856 
10.6776 5.38071 9.20456 5.16981 3.06897 8.2343 7.81812 9.30817 4.26485 6.65382 0 10.6776 
0 0 0 0 0 0 0 0 0 0 0 0 
Printing number of nodes: 11

Version identifier: 22.1.1.0 | 2022-11-28 | 9160aff4d
CPXPARAM_ClockType                               0
CPXPARAM_Emphasis_MIP                            2
CPXPARAM_MIP_Tolerances_Integrality              0
Tried aggregator 2 times.
MIP Presolve eliminated 869 rows and 468 columns.
MIP Presolve modified 2175 coefficients.
Aggregator did 2 substitutions.
Reduced MIP has 5403 rows, 1245 columns, and 153288 nonzeros.
Reduced MIP has 1237 binaries, 0 generals, 0 SOSs, and 0 indicators.
Presolve time = 0.07 sec. (196.87 ticks)
Found incumbent of value 95.467598 after 0.13 sec. (309.14 ticks)
Probing fixed 179 vars, tightened 0 bounds.
Probing changed sense of 32 constraints.
Probing time = 0.06 sec. (49.68 ticks)
Tried aggregator 1 time.
MIP Presolve eliminated 49 rows and 211 columns.
MIP Presolve modified 3 coefficients.
Reduced MIP has 5354 rows, 1034 columns, and 152284 nonzeros.
Reduced MIP has 1026 binaries, 0 generals, 0 SOSs, and 0 indicators.
Presolve time = 0.07 sec. (171.91 ticks)
Probing time = 0.03 sec. (14.55 ticks)
Tried aggregator 1 time.
Detecting symmetries...
Reduced MIP has 5354 rows, 1034 columns, and 152284 nonzeros.
Reduced MIP has 1026 binaries, 0 generals, 0 SOSs, and 0 indicators.
Presolve time = 0.03 sec. (83.03 ticks)
Probing time = 0.01 sec. (14.32 ticks)
Clique table members: 76594.
MIP emphasis: optimality.
MIP search method: dynamic search.
Parallel mode: deterministic, using up to 20 threads.
Root relaxation solution time = 0.06 sec. (101.81 ticks)

        Nodes                                         Cuts/
   Node  Left     Objective  IInf  Best Integer    Best Bound    ItCnt     Gap

*     0+    0                           95.4676      -10.0000           110.47%
      0     0       49.2043    66       95.4676       49.2043      872   48.46%
*     0+    0                           75.8169       49.2043            35.10%
*     0+    0                           58.8808       49.2043            16.43%
*     0+    0                           54.1594       49.2043             9.15%
      0     0  -1.00000e+75     0       54.1594       49.2043      872    9.15%
Detecting symmetries...
      0     2       49.2043    64       54.1594       49.2043      872    9.15%
Elapsed time = 0.80 sec. (1297.94 ticks, tree = 0.02 MB, solutions = 4)
*     3+    1                           50.4218       49.2043             2.41%
     19    11        cutoff             50.4218       49.2043     2970    2.41%
*    70    12      integral     0       49.8999       49.2379     8900    1.33%
     71    13       50.1938    67       49.8999       49.2379     8845    1.33%

Cover cuts applied:  7
Zero-half cuts applied:  1

Root node processing (before b&c):
  Real time             =    0.78 sec. (1294.15 ticks)
Parallel b&c, 20 threads:
  Real time             =    0.56 sec. (716.90 ticks)
  Sync time (average)   =    0.41 sec.
  Wait time (average)   =    0.00 sec.
                          ------------
Total (root+branch&cut) =    1.34 sec. (2011.05 ticks)
Truck arcs:
0 6
1 8
2 11
4 10
5 7
6 1
7 2
8 4
10 5
customer 3 is served by drone
start of this sortie: 4
end of this sortie: 7

customer 9 is served by drone
start of this sortie: 0
end of this sortie: 4

49.8999
In write mode
