Instance name: /home/cuong/CLionProjects/uMV-FSTSP/Murray_Chu_2015_test_data/FSTSP/FSTSP_10_customer_problems/20140810T123440v10
Write arg val: 1

drone speed: 0.6 miles/minute
uav non-eligible customer: 4 5 
Printing tau:
0 3.05404 10.4722 13.4811 6.76521 11.4381 6.47301 13.0528 1.22306 2.41346 7.25246 0 
3.05404 0 7.41815 13.1751 7.41924 8.38408 3.41898 9.99874 2.95098 5.14749 6.9465 3.05404 
10.4722 7.41815 0 14.3533 14.8374 5.76971 3.99917 6.42059 10.3691 12.5656 10.5246 10.4722 
13.4811 13.1751 14.3533 0 6.71587 15.3192 15.1541 16.9338 12.258 15.4145 6.22861 13.4811 
6.76521 7.41924 14.8374 6.71587 0 15.8033 10.8382 17.418 5.54215 8.69866 4.31275 6.76521 
11.4381 8.38408 5.76971 15.3192 15.8033 0 7.0349 1.61466 11.3351 13.5316 11.4906 11.4381 
6.47301 3.41898 3.99917 15.1541 10.8382 7.0349 0 7.68579 6.36995 8.56647 8.92548 6.47301 
13.0528 9.99874 6.42059 16.9338 17.418 1.61466 7.68579 0 12.9497 15.1462 13.1052 13.0528 
1.22306 2.95098 10.3691 12.258 5.54215 11.3351 6.36995 12.9497 0 3.15652 6.0294 1.22306 
2.41346 5.14749 12.5656 15.4145 8.69866 13.5316 8.56647 15.1462 3.15652 0 9.18592 2.41346 
7.25246 6.9465 10.5246 6.22861 4.31275 11.4906 8.92548 13.1052 6.0294 9.18592 0 7.25246 
0 0 0 0 0 0 0 0 0 0 0 0 
Printing tau_prime:
0 1.55024 5.29326 7.08552 4.06651 6.38038 3.3768 7.2585 0.619928 1.43932 3.66314 0 
1.55024 0 3.76404 7.52003 4.96845 4.94498 1.99526 5.81479 1.56079 2.83526 3.84337 1.55024 
5.29326 3.76404 0 10.0878 8.32381 2.9547 2.11856 3.49502 5.30158 6.39321 6.57469 5.29326 
7.08552 7.52003 10.0878 0 3.40083 8.7569 9.26995 9.34774 6.51004 7.83769 3.69272 7.08552 
4.06651 4.96845 8.32381 3.40083 0 8.01329 6.9376 8.80561 3.59566 4.54085 2.19212 4.06651 
6.38038 4.94498 2.9547 8.7569 8.01329 0 4.349 0.879294 6.09477 7.76448 5.88165 6.38038 
3.3768 1.99526 2.11856 9.26995 6.9376 4.349 0 5.11013 3.53422 4.32872 5.58437 3.3768 
7.2585 5.81479 3.49502 9.34774 8.80561 0.879294 5.11013 0 6.97365 8.63888 6.64869 7.2585 
0.619928 1.56079 5.30158 6.51004 3.59566 6.09477 3.53422 6.97365 0 1.9423 3.04632 0.619928 
1.43932 2.83526 6.39321 7.83769 4.54085 7.76448 4.32872 8.63888 1.9423 0 4.75273 1.43932 
3.66314 3.84337 6.57469 3.69272 2.19212 5.88165 5.58437 6.64869 3.04632 4.75273 0 3.66314 
0 0 0 0 0 0 0 0 0 0 0 0 
Printing number of nodes: 11

Version identifier: 22.1.1.0 | 2022-11-28 | 9160aff4d
CPXPARAM_ClockType                               0
CPXPARAM_Emphasis_MIP                            2
CPXPARAM_MIP_Tolerances_Integrality              0
Tried aggregator 2 times.
MIP Presolve eliminated 867 rows and 453 columns.
MIP Presolve modified 2154 coefficients.
Aggregator did 2 substitutions.
Reduced MIP has 5405 rows, 1260 columns, and 153369 nonzeros.
Reduced MIP has 1252 binaries, 0 generals, 0 SOSs, and 0 indicators.
Presolve time = 0.07 sec. (197.45 ticks)
Found incumbent of value 96.035415 after 0.12 sec. (306.19 ticks)
Probing fixed 152 vars, tightened 0 bounds.
Probing changed sense of 32 constraints.
Probing time = 0.04 sec. (51.74 ticks)
Tried aggregator 1 time.
MIP Presolve eliminated 48 rows and 184 columns.
Reduced MIP has 5357 rows, 1076 columns, and 152491 nonzeros.
Reduced MIP has 1068 binaries, 0 generals, 0 SOSs, and 0 indicators.
Presolve time = 0.05 sec. (121.20 ticks)
Probing time = 0.02 sec. (14.46 ticks)
Tried aggregator 1 time.
Detecting symmetries...
Reduced MIP has 5357 rows, 1076 columns, and 152491 nonzeros.
Reduced MIP has 1068 binaries, 0 generals, 0 SOSs, and 0 indicators.
Presolve time = 0.03 sec. (83.02 ticks)
Probing time = 0.01 sec. (14.11 ticks)
Clique table members: 75799.
MIP emphasis: optimality.
MIP search method: dynamic search.
Parallel mode: deterministic, using up to 20 threads.
Root relaxation solution time = 0.07 sec. (121.04 ticks)

        Nodes                                         Cuts/
   Node  Left     Objective  IInf  Best Integer    Best Bound    ItCnt     Gap

*     0+    0                           96.0354      -10.0000           110.41%
      0     0       43.0066    82       96.0354       43.0066     1068   55.22%
*     0+    0                           56.1002       43.0066            23.34%
      0     0       43.0066    93       56.1002      Cuts: 35     1580   23.34%
*     0+    0                           50.2640       43.0066            14.44%
      0     0       43.0066    84       50.2640       Cuts: 5     2001   14.44%
      0     0       43.0066    84       50.2640       Cuts: 4     2314   14.44%
*     0+    0                           48.1055       43.0066            10.60%
Detecting symmetries...
      0     2       43.0066    84       48.1055       43.0066     2314   10.60%
Elapsed time = 1.14 sec. (1945.71 ticks, tree = 0.02 MB, solutions = 4)
      4     6       43.0764     9       48.1055       43.0066     3876   10.60%
*     5+    2                           46.8484       43.0066             8.20%
*     6     6      integral     0       43.0764       43.0066     3882    0.16%

Flow cuts applied:  1
Mixed integer rounding cuts applied:  3
Zero-half cuts applied:  8
Lift and project cuts applied:  1
Gomory fractional cuts applied:  1

Root node processing (before b&c):
  Real time             =    0.98 sec. (1890.02 ticks)
Parallel b&c, 20 threads:
  Real time             =    0.41 sec. (486.17 ticks)
  Sync time (average)   =    0.26 sec.
  Wait time (average)   =    0.00 sec.
                          ------------
Total (root+branch&cut) =    1.38 sec. (2376.20 ticks)
Truck arcs:
0 1
1 6
4 8
5 10
6 5
8 11
10 4
customer 2 is served by drone
start of this sortie: 5
end of this sortie: 10

customer 3 is served by drone
start of this sortie: 10
end of this sortie: 11

customer 7 is served by drone
start of this sortie: 6
end of this sortie: 5

customer 9 is served by drone
start of this sortie: 0
end of this sortie: 6

43.0764
In write mode
