Instance name: /home/cuong/CLionProjects/uMV-FSTSP/Murray_Chu_2015_test_data/FSTSP/FSTSP_10_customer_problems/20140810T123443v1
Write arg val: 1

drone speed: 0.2 miles/minute
uav non-eligible customer: 4 8 
Printing tau:
0 4.2001 12.6334 12.5505 10.8096 5.65042 5.64207 5.93982 1.11799 7.36834 3.00628 0 
4.2001 0 8.59672 16.5872 14.8463 1.92825 1.9199 7.49765 3.32128 11.405 7.04299 4.2001 
12.6334 8.59672 0 25.184 23.443 8.42508 9.39342 16.0944 11.7546 20.0018 15.6397 12.6334 
12.5505 16.5872 25.184 0 20.0769 16.7589 15.7905 15.6083 13.4294 5.1822 10.0243 12.5505 
10.8096 14.8463 23.443 20.0769 0 15.0179 14.0496 7.34864 11.6884 17.2947 10.5327 10.8096 
5.65042 1.92825 8.42508 16.7589 15.0179 0 0.968346 7.66929 5.01036 12.5367 7.21463 5.65042 
5.64207 1.9199 9.39342 15.7905 14.0496 0.968346 0 6.70095 5.00201 12.5283 6.24629 5.64207 
5.93982 7.49765 16.0944 15.6083 7.34864 7.66929 6.70095 0 5.29976 12.8261 6.06403 5.93982 
1.11799 3.32128 11.7546 13.4294 11.6884 5.01036 5.00201 5.29976 0 8.24716 3.8851 1.11799 
7.36834 11.405 20.0018 5.1822 17.2947 12.5367 12.5283 12.8261 8.24716 0 6.76206 7.36834 
3.00628 7.04299 15.6397 10.0243 10.5327 7.21463 6.24629 6.06403 3.8851 6.76206 0 3.00628 
0 0 0 0 0 0 0 0 0 0 0 0 
Printing tau_prime:
0 6.47104 14.9466 18.671 17.6849 8.30306 7.66763 8.10175 1.28127 11.8856 3.54596 0 
6.47104 0 10.5868 25.1232 19.1891 2.28145 2.44971 9.21448 5.20038 18.3566 9.45738 6.47104 
14.9466 10.5868 0 32.2862 29.7194 11.276 12.2886 19.8012 13.8643 25.3886 18.4894 14.9466 
18.671 25.1232 32.2862 0 23.7497 26.7584 25.9207 21.2864 19.9518 6.93179 15.9071 18.671 
17.6849 19.1891 29.7194 23.7497 0 18.5658 17.4845 10.136 17.9521 20.7816 15.4483 17.6849 
8.30306 2.28145 11.276 26.7584 18.5658 0 1.14125 9.04478 7.08965 20.1104 10.8907 8.30306 
7.66763 2.44971 12.2886 25.9207 17.4845 1.14125 0 7.90494 6.51871 19.3468 10.0185 7.66763 
8.10175 9.21448 19.8012 21.2864 10.136 9.04478 7.90494 0 8.07267 15.8016 7.16659 8.10175 
1.28127 5.20038 13.8643 19.9518 17.9521 7.08965 6.51871 8.07267 0 13.1583 4.66638 1.28127 
11.8856 18.3566 25.3886 6.93179 20.7816 20.1104 19.3468 15.8016 13.1583 0 9.48339 11.8856 
3.54596 9.45738 18.4894 15.9071 15.4483 10.8907 10.0185 7.16659 4.66638 9.48339 0 3.54596 
0 0 0 0 0 0 0 0 0 0 0 0 
Printing number of nodes: 11

Version identifier: 22.1.1.0 | 2022-11-28 | 9160aff4d
CPXPARAM_ClockType                               0
CPXPARAM_Emphasis_MIP                            2
CPXPARAM_MIP_Tolerances_Integrality              0
Tried aggregator 2 times.
MIP Presolve eliminated 1363 rows and 756 columns.
MIP Presolve modified 1758 coefficients.
Aggregator did 3 substitutions.
Reduced MIP has 4908 rows, 956 columns, and 136645 nonzeros.
Reduced MIP has 949 binaries, 0 generals, 0 SOSs, and 0 indicators.
Presolve time = 0.11 sec. (304.51 ticks)
Probing fixed 261 vars, tightened 0 bounds.
Probing changed sense of 27 constraints.
Probing time = 0.03 sec. (35.56 ticks)
Tried aggregator 2 times.
MIP Presolve eliminated 523 rows and 291 columns.
MIP Presolve modified 155 coefficients.
Aggregator did 2 substitutions.
Reduced MIP has 4381 rows, 663 columns, and 118931 nonzeros.
Reduced MIP has 656 binaries, 0 generals, 0 SOSs, and 0 indicators.
Presolve time = 0.07 sec. (190.60 ticks)
Probing fixed 6 vars, tightened 0 bounds.
Probing changed sense of 3 constraints.
Probing time = 0.02 sec. (25.72 ticks)
Tried aggregator 1 time.
Detecting symmetries...
MIP Presolve eliminated 6 rows and 8 columns.
MIP Presolve modified 8 coefficients.
Reduced MIP has 4375 rows, 655 columns, and 118883 nonzeros.
Reduced MIP has 648 binaries, 0 generals, 0 SOSs, and 0 indicators.
Presolve time = 0.03 sec. (71.92 ticks)
Probing time = 0.01 sec. (11.54 ticks)
Clique table members: 65639.
MIP emphasis: optimality.
MIP search method: dynamic search.
Parallel mode: deterministic, using up to 20 threads.
Root relaxation solution time = 0.02 sec. (26.51 ticks)

        Nodes                                         Cuts/
   Node  Left     Objective  IInf  Best Integer    Best Bound    ItCnt     Gap

*     0+    0                          114.6960      -10.0000           108.72%
*     0     0      integral     0       69.5865       69.5865      138    0.00%
Elapsed time = 0.41 sec. (904.46 ticks, tree = 0.00 MB, solutions = 2)

Root node processing (before b&c):
  Real time             =    0.41 sec. (904.89 ticks)
Parallel b&c, 20 threads:
  Real time             =    0.00 sec. (0.00 ticks)
  Sync time (average)   =    0.00 sec.
  Wait time (average)   =    0.00 sec.
                          ------------
Total (root+branch&cut) =    0.41 sec. (904.89 ticks)
Truck arcs:
0 9
1 8
2 1
3 10
4 7
5 2
6 5
7 6
8 11
9 3
10 4
69.5865
In write mode
