Instance name: /home/cuong/CLionProjects/uMV-FSTSP/Murray_Chu_2015_test_data/FSTSP/FSTSP_10_customer_problems/20140810T123443v4
Write arg val: 1

drone speed: 0.2 miles/minute
uav non-eligible customer: 4 8 
Printing tau:
0 20.1617 17.555 24.7489 26.848 22.0899 22.0816 22.3793 17.0796 19.5667 16.3153 0 
20.1617 0 8.59672 16.5872 14.8463 1.92825 1.9199 7.49765 3.32128 11.405 7.04299 20.1617 
17.555 8.59672 0 25.184 23.443 8.42508 9.39342 16.0944 11.7546 20.0018 15.6397 17.555 
24.7489 16.5872 25.184 0 20.0769 16.7589 15.7905 15.6083 13.4294 5.1822 10.0243 24.7489 
26.848 14.8463 23.443 20.0769 0 15.0179 14.0496 7.34864 11.6884 17.2947 10.5327 26.848 
22.0899 1.92825 8.42508 16.7589 15.0179 0 0.968346 7.66929 5.01036 12.5367 7.21463 22.0899 
22.0816 1.9199 9.39342 15.7905 14.0496 0.968346 0 6.70095 5.00201 12.5283 6.24629 22.0816 
22.3793 7.49765 16.0944 15.6083 7.34864 7.66929 6.70095 0 5.29976 12.8261 6.06403 22.3793 
17.0796 3.32128 11.7546 13.4294 11.6884 5.01036 5.00201 5.29976 0 8.24716 3.8851 17.0796 
19.5667 11.405 20.0018 5.1822 17.2947 12.5367 12.5283 12.8261 8.24716 0 6.76206 19.5667 
16.3153 7.04299 15.6397 10.0243 10.5327 7.21463 6.24629 6.06403 3.8851 6.76206 0 16.3153 
0 0 0 0 0 0 0 0 0 0 0 0 
Printing tau_prime:
0 25.6338 20.6951 30.2388 41.6697 27.6839 28.0835 32.1898 24.1478 25.6613 26.283 0 
25.6338 0 10.5868 25.1232 19.1891 2.28145 2.44971 9.21448 5.20038 18.3566 9.45738 25.6338 
20.6951 10.5868 0 32.2862 29.7194 11.276 12.2886 19.8012 13.8643 25.3886 18.4894 20.6951 
30.2388 25.1232 32.2862 0 23.7497 26.7584 25.9207 21.2864 19.9518 6.93179 15.9071 30.2388 
41.6697 19.1891 29.7194 23.7497 0 18.5658 17.4845 10.136 17.9521 20.7816 15.4483 41.6697 
27.6839 2.28145 11.276 26.7584 18.5658 0 1.14125 9.04478 7.08965 20.1104 10.8907 27.6839 
28.0835 2.44971 12.2886 25.9207 17.4845 1.14125 0 7.90494 6.51871 19.3468 10.0185 28.0835 
32.1898 9.21448 19.8012 21.2864 10.136 9.04478 7.90494 0 8.07267 15.8016 7.16659 32.1898 
24.1478 5.20038 13.8643 19.9518 17.9521 7.08965 6.51871 8.07267 0 13.1583 4.66638 24.1478 
25.6613 18.3566 25.3886 6.93179 20.7816 20.1104 19.3468 15.8016 13.1583 0 9.48339 25.6613 
26.283 9.45738 18.4894 15.9071 15.4483 10.8907 10.0185 7.16659 4.66638 9.48339 0 26.283 
0 0 0 0 0 0 0 0 0 0 0 0 
Printing number of nodes: 11

Version identifier: 22.1.1.0 | 2022-11-28 | 9160aff4d
CPXPARAM_ClockType                               0
CPXPARAM_Emphasis_MIP                            2
CPXPARAM_MIP_Tolerances_Integrality              0
Tried aggregator 2 times.
MIP Presolve eliminated 1425 rows and 906 columns.
MIP Presolve modified 1561 coefficients.
Aggregator did 1 substitutions.
Reduced MIP has 4848 rows, 808 columns, and 135791 nonzeros.
Reduced MIP has 801 binaries, 0 generals, 0 SOSs, and 0 indicators.
Presolve time = 0.11 sec. (362.20 ticks)
Found incumbent of value 135.811038 after 0.17 sec. (466.73 ticks)
Probing fixed 248 vars, tightened 0 bounds.
Probing changed sense of 25 constraints.
Probing time = 0.03 sec. (31.96 ticks)
Cover probing fixed 14 vars, tightened 0 bounds.
Tried aggregator 2 times.
MIP Presolve eliminated 540 rows and 289 columns.
MIP Presolve modified 145 coefficients.
Aggregator did 2 substitutions.
Reduced MIP has 4304 rows, 517 columns, and 118049 nonzeros.
Reduced MIP has 510 binaries, 0 generals, 0 SOSs, and 0 indicators.
Presolve time = 0.11 sec. (307.16 ticks)
Probing fixed 4 vars, tightened 0 bounds.
Probing changed sense of 1 constraints.
Probing time = 0.02 sec. (21.30 ticks)
Tried aggregator 2 times.
Detecting symmetries...
MIP Presolve eliminated 4 rows and 8 columns.
MIP Presolve modified 21 coefficients.
Aggregator did 1 substitutions.
Reduced MIP has 4299 rows, 508 columns, and 118008 nonzeros.
Reduced MIP has 501 binaries, 0 generals, 0 SOSs, and 0 indicators.
Presolve time = 0.09 sec. (231.55 ticks)
Probing time = 0.01 sec. (11.90 ticks)
Clique table members: 66237.
MIP emphasis: optimality.
MIP search method: dynamic search.
Parallel mode: deterministic, using up to 20 threads.
Root relaxation solution time = 0.02 sec. (30.63 ticks)

        Nodes                                         Cuts/
   Node  Left     Objective  IInf  Best Integer    Best Bound    ItCnt     Gap

*     0+    0                          135.8110        0.0000           100.00%
*     0     0      integral     0       90.1439       90.1439      224    0.00%
Elapsed time = 0.47 sec. (1152.47 ticks, tree = 0.00 MB, solutions = 2)

Root node processing (before b&c):
  Real time             =    0.47 sec. (1152.89 ticks)
Parallel b&c, 20 threads:
  Real time             =    0.00 sec. (0.00 ticks)
  Sync time (average)   =    0.00 sec.
  Wait time (average)   =    0.00 sec.
                          ------------
Total (root+branch&cut) =    0.47 sec. (1152.89 ticks)
Truck arcs:
0 2
1 8
2 5
3 9
4 10
6 1
7 4
8 7
9 11
10 3
90.1439
In write mode
