Instance name: /home/cuong/CLionProjects/uMV-FSTSP/Murray_Chu_2015_test_data/FSTSP/FSTSP_10_customer_problems/20140810T123443v11
Write arg val: 1

drone speed: 0.6 miles/minute
uav non-eligible customer: 4 8 
Printing tau:
0 13.7617 11.155 18.3489 20.448 15.6899 15.6816 15.9793 10.6796 13.1667 9.91531 0 
13.7617 0 8.59672 16.5872 14.8463 1.92825 1.9199 7.49765 3.32128 11.405 7.04299 13.7617 
11.155 8.59672 0 25.184 23.443 8.42508 9.39342 16.0944 11.7546 20.0018 15.6397 11.155 
18.3489 16.5872 25.184 0 20.0769 16.7589 15.7905 15.6083 13.4294 5.1822 10.0243 18.3489 
20.448 14.8463 23.443 20.0769 0 15.0179 14.0496 7.34864 11.6884 17.2947 10.5327 20.448 
15.6899 1.92825 8.42508 16.7589 15.0179 0 0.968346 7.66929 5.01036 12.5367 7.21463 15.6899 
15.6816 1.9199 9.39342 15.7905 14.0496 0.968346 0 6.70095 5.00201 12.5283 6.24629 15.6816 
15.9793 7.49765 16.0944 15.6083 7.34864 7.66929 6.70095 0 5.29976 12.8261 6.06403 15.9793 
10.6796 3.32128 11.7546 13.4294 11.6884 5.01036 5.00201 5.29976 0 8.24716 3.8851 10.6796 
13.1667 11.405 20.0018 5.1822 17.2947 12.5367 12.5283 12.8261 8.24716 0 6.76206 13.1667 
9.91531 7.04299 15.6397 10.0243 10.5327 7.21463 6.24629 6.06403 3.8851 6.76206 0 9.91531 
0 0 0 0 0 0 0 0 0 0 0 0 
Printing tau_prime:
0 7.00743 6.60767 9.26951 13.3051 7.96521 8.02512 9.32786 5.9388 6.83826 6.69747 0 
7.00743 0 4.53721 10.7671 8.22389 0.977764 1.04987 3.94906 2.22874 7.86711 4.05316 7.00743 
6.60767 4.53721 0 13.8369 12.7369 4.83259 5.26653 8.48623 5.94183 10.8808 7.92402 6.60767 
9.26951 10.7671 13.8369 0 10.1784 11.4679 11.1089 9.12274 8.55077 2.97077 6.81733 9.26951 
13.3051 8.22389 12.7369 10.1784 0 7.95679 7.49335 4.34398 7.69376 8.9064 6.62071 13.3051 
7.96521 0.977764 4.83259 11.4679 7.95679 0 0.489107 3.87634 3.03842 8.61874 4.66744 7.96521 
8.02512 1.04987 5.26653 11.1089 7.49335 0.489107 0 3.38783 2.79373 8.29151 4.29363 8.02512 
9.32786 3.94906 8.48623 9.12274 4.34398 3.87634 3.38783 0 3.45972 6.7721 3.0714 9.32786 
5.9388 2.22874 5.94183 8.55077 7.69376 3.03842 2.79373 3.45972 0 5.63927 1.99988 5.9388 
6.83826 7.86711 10.8808 2.97077 8.9064 8.61874 8.29151 6.7721 5.63927 0 4.06431 6.83826 
6.69747 4.05316 7.92402 6.81733 6.62071 4.66744 4.29363 3.0714 1.99988 4.06431 0 6.69747 
0 0 0 0 0 0 0 0 0 0 0 0 
Printing number of nodes: 11

Version identifier: 22.1.1.0 | 2022-11-28 | 9160aff4d
CPXPARAM_ClockType                               0
CPXPARAM_Emphasis_MIP                            2
CPXPARAM_MIP_Tolerances_Integrality              0
Tried aggregator 2 times.
MIP Presolve eliminated 877 rows and 539 columns.
MIP Presolve modified 1822 coefficients.
Aggregator did 2 substitutions.
Reduced MIP has 5395 rows, 1174 columns, and 153028 nonzeros.
Reduced MIP has 1166 binaries, 0 generals, 0 SOSs, and 0 indicators.
Presolve time = 0.07 sec. (196.55 ticks)
Found incumbent of value 131.315897 after 0.12 sec. (305.92 ticks)
Probing fixed 156 vars, tightened 0 bounds.
Probing changed sense of 32 constraints.
Probing time = 0.03 sec. (46.84 ticks)
Tried aggregator 1 time.
MIP Presolve eliminated 48 rows and 188 columns.
MIP Presolve modified 90 coefficients.
Reduced MIP has 5347 rows, 986 columns, and 152107 nonzeros.
Reduced MIP has 978 binaries, 0 generals, 0 SOSs, and 0 indicators.
Presolve time = 0.07 sec. (178.04 ticks)
Probing time = 0.01 sec. (14.38 ticks)
Tried aggregator 1 time.
Detecting symmetries...
Reduced MIP has 5347 rows, 986 columns, and 152107 nonzeros.
Reduced MIP has 978 binaries, 0 generals, 0 SOSs, and 0 indicators.
Presolve time = 0.03 sec. (82.92 ticks)
Probing time = 0.01 sec. (13.97 ticks)
Clique table members: 76706.
MIP emphasis: optimality.
MIP search method: dynamic search.
Parallel mode: deterministic, using up to 20 threads.
Root relaxation solution time = 0.13 sec. (166.06 ticks)

        Nodes                                         Cuts/
   Node  Left     Objective  IInf  Best Integer    Best Bound    ItCnt     Gap

*     0+    0                          131.3159       11.8306            90.99%
      0     0       55.3386   104      131.3159       55.3386     1355   57.86%
*     0+    0                           58.2649       55.3386             5.02%
      0     0       56.3950    59       58.2649      Cuts: 60     1793    3.21%
      0     0       56.3950    82       58.2649      Cuts: 13     1801    3.21%
Detecting symmetries...

Repeating presolve.
Tried aggregator 2 times.
MIP Presolve eliminated 995 rows and 380 columns.
MIP Presolve modified 2681 coefficients.
Aggregator did 4 substitutions.
Reduced MIP has 4345 rows, 602 columns, and 78298 nonzeros.
Reduced MIP has 594 binaries, 0 generals, 0 SOSs, and 0 indicators.
Presolve time = 0.17 sec. (730.91 ticks)
Probing fixed 26 vars, tightened 0 bounds.
Probing changed sense of 3 constraints.
Probing time = 0.03 sec. (60.76 ticks)
Tried aggregator 2 times.
MIP Presolve eliminated 562 rows and 42 columns.
MIP Presolve modified 1542 coefficients.
Aggregator did 2 substitutions.
Reduced MIP has 3781 rows, 558 columns, and 66695 nonzeros.
Reduced MIP has 550 binaries, 0 generals, 0 SOSs, and 0 indicators.
Presolve time = 0.07 sec. (279.20 ticks)
Probing changed sense of 2 constraints.
Probing time = 0.02 sec. (42.75 ticks)
Tried aggregator 2 times.
MIP Presolve eliminated 8 rows and 10 columns.
MIP Presolve modified 6 coefficients.
Aggregator did 2 substitutions.
Reduced MIP has 3771 rows, 546 columns, and 66651 nonzeros.
Reduced MIP has 538 binaries, 0 generals, 0 SOSs, and 0 indicators.
Presolve time = 0.04 sec. (97.24 ticks)
Probing time = 0.00 sec. (8.91 ticks)
Tried aggregator 1 time.
Detecting symmetries...
Reduced MIP has 3771 rows, 546 columns, and 66651 nonzeros.
Reduced MIP has 538 binaries, 0 generals, 0 SOSs, and 0 indicators.
Presolve time = 0.02 sec. (42.61 ticks)
Represolve time = 0.37 sec. (1299.09 ticks)
Probing time = 0.01 sec. (8.91 ticks)
Clique table members: 34615.
MIP emphasis: optimality.
MIP search method: dynamic search.
Parallel mode: deterministic, using up to 20 threads.
Root relaxation solution time = 0.05 sec. (68.80 ticks)

        Nodes                                         Cuts/
   Node  Left     Objective  IInf  Best Integer    Best Bound    ItCnt     Gap

*     0+    0                           58.2649       56.3950             3.21%
      0     0       56.3950    56       58.2649       56.3950     2648    3.21%
*     0+    0                           57.3823       56.3950             1.72%
      0     0       56.3950    45       57.3823       Cuts: 8     2699    1.72%
      0     0       56.3950    41       57.3823      Cuts: 10     2759    1.72%
      0     0       56.3950    66       57.3823      Cuts: 15     2801    1.72%
Detecting symmetries...
      0     2       56.3950    25       57.3823       56.3950     2801    1.72%
Elapsed time = 2.09 sec. (3582.20 ticks, tree = 0.02 MB, solutions = 3)
     43    11        cutoff             57.3823       56.3950     6389    1.72%

GUB cover cuts applied:  1
Cover cuts applied:  31
Implied bound cuts applied:  4
Mixed integer rounding cuts applied:  3
Zero-half cuts applied:  4
Lift and project cuts applied:  1
Gomory fractional cuts applied:  4

Root node processing (before b&c):
  Real time             =    2.08 sec. (3579.92 ticks)
Parallel b&c, 20 threads:
  Real time             =    0.66 sec. (409.83 ticks)
  Sync time (average)   =    0.54 sec.
  Wait time (average)   =    0.00 sec.
                          ------------
Total (root+branch&cut) =    2.73 sec. (3989.75 ticks)
Truck arcs:
0 8
1 5
4 10
5 6
6 7
7 4
8 1
10 11
customer 2 is served by drone
start of this sortie: 0
end of this sortie: 1

customer 3 is served by drone
start of this sortie: 7
end of this sortie: 10

customer 9 is served by drone
start of this sortie: 10
end of this sortie: 11

57.3823
In write mode
