Instance name: /home/cuong/CLionProjects/uMV-FSTSP/Murray_Chu_2015_test_data/FSTSP/FSTSP_10_customer_problems/20140810T123437v12
Write arg val: 1

drone speed: 0.6 miles/minute
uav non-eligible customer: 10 
Printing tau:
0 20.6149 13.856 24.5512 16.9846 21.545 21.069 20.7671 18.9333 7.71706 12.8383 0 
20.6149 0 18.3108 3.93636 13.7595 7.22991 8.18583 7.04774 13.7881 14.0919 12.0132 20.6149 
13.856 18.3108 0 22.2472 4.55136 11.0809 10.125 11.2631 5.10923 6.13892 11.4943 13.856 
24.5512 3.93636 22.2472 0 17.6958 11.1663 12.1222 10.9841 17.7245 18.0283 15.9496 24.5512 
16.9846 13.7595 4.55136 17.6958 0 6.52957 5.57365 6.71174 1.94864 9.26756 8.38296 16.9846 
21.545 7.22991 11.0809 11.1663 6.52957 0 0.955922 0.777831 6.55821 13.8279 12.9433 21.545 
21.069 8.18583 10.125 12.1222 5.57365 0.955922 0 1.13809 5.60229 13.352 12.4674 21.069 
20.7671 7.04774 11.2631 10.9841 6.71174 0.777831 1.13809 0 6.74038 13.0501 12.1655 20.7671 
18.9333 13.7881 5.10923 17.7245 1.94864 6.55821 5.60229 6.74038 0 11.2162 10.3316 18.9333 
7.71706 14.0919 6.13892 18.0283 9.26756 13.8279 13.352 13.0501 11.2162 0 7.2754 7.71706 
12.8383 12.0132 11.4943 15.9496 8.38296 12.9433 12.4674 12.1655 10.3316 7.2754 0 12.8383 
0 0 0 0 0 0 0 0 0 0 0 0 
Printing tau_prime:
0 14.3861 7.03117 17.1972 9.0806 12.5617 12.116 12.2705 10.0113 4.80485 7.80521 0 
14.3861 0 9.8583 2.81169 7.1874 3.68175 4.14083 3.56048 7.01565 9.64862 6.97631 14.3861 
7.03117 9.8583 0 12.4676 2.78952 6.81212 6.2789 6.6743 3.43429 3.76225 6.38332 7.03117 
17.1972 2.81169 12.4676 0 9.72054 5.84064 6.37024 5.8678 9.39115 12.4582 9.71551 17.1972 
9.0806 7.1874 2.78952 9.72054 0 4.02264 3.49008 3.89122 0.984316 4.68384 5.49765 9.0806 
12.5617 3.68175 6.81212 5.84064 4.02264 0 0.539342 0.403494 3.56539 7.79682 6.54069 12.5617 
12.116 4.14083 6.2789 6.37024 3.49008 0.539342 0 0.594704 3.02824 7.37407 6.33485 12.116 
12.2705 3.56048 6.6743 5.8678 3.89122 0.403494 0.594704 0 3.52816 7.49021 6.1456 12.2705 
10.0113 7.01565 3.43429 9.39115 0.984316 3.56539 3.02824 3.52816 0 5.66711 6.29515 10.0113 
4.80485 9.64862 3.76225 12.4582 4.68384 7.79682 7.37407 7.49021 5.66711 0 3.7017 4.80485 
7.80521 6.97631 6.38332 9.71551 5.49765 6.54069 6.33485 6.1456 6.29515 3.7017 0 7.80521 
0 0 0 0 0 0 0 0 0 0 0 0 
Printing number of nodes: 11

Version identifier: 22.1.1.0 | 2022-11-28 | 9160aff4d
CPXPARAM_ClockType                               0
CPXPARAM_Emphasis_MIP                            2
CPXPARAM_MIP_Tolerances_Integrality              0
Tried aggregator 2 times.
MIP Presolve eliminated 439 rows and 431 columns.
MIP Presolve modified 2177 coefficients.
Aggregator did 2 substitutions.
Reduced MIP has 5689 rows, 1282 columns, and 164951 nonzeros.
Reduced MIP has 1273 binaries, 0 generals, 0 SOSs, and 0 indicators.
Presolve time = 0.08 sec. (270.68 ticks)
Found incumbent of value 159.475486 after 0.14 sec. (392.39 ticks)
Probing fixed 168 vars, tightened 0 bounds.
Probing changed sense of 18 constraints.
Probing time = 0.04 sec. (54.77 ticks)
Tried aggregator 1 time.
MIP Presolve eliminated 32 rows and 186 columns.
MIP Presolve modified 8 coefficients.
Reduced MIP has 5657 rows, 1096 columns, and 164068 nonzeros.
Reduced MIP has 1087 binaries, 0 generals, 0 SOSs, and 0 indicators.
Presolve time = 0.09 sec. (183.60 ticks)
Probing time = 0.17 sec. (14.62 ticks)
Tried aggregator 1 time.
Detecting symmetries...
Reduced MIP has 5657 rows, 1096 columns, and 164068 nonzeros.
Reduced MIP has 1087 binaries, 0 generals, 0 SOSs, and 0 indicators.
Presolve time = 0.04 sec. (89.60 ticks)
Probing time = 0.01 sec. (14.57 ticks)
Clique table members: 82934.
MIP emphasis: optimality.
MIP search method: dynamic search.
Parallel mode: deterministic, using up to 20 threads.
Root relaxation solution time = 0.18 sec. (242.36 ticks)

        Nodes                                         Cuts/
   Node  Left     Objective  IInf  Best Integer    Best Bound    ItCnt     Gap

*     0+    0                          159.4755        7.4341            95.34%
      0     0       51.0407   153      159.4755       51.0407     1844   67.99%
      0     0       51.5559   172      159.4755     Cuts: 105     2178   67.67%
      0     0       51.9149   175      159.4755      Cuts: 43     2373   67.45%
      0     0       51.9493   179      159.4755      Cuts: 17     2446   67.42%
*     0+    0                           62.4181       51.9493            16.77%
      0     0  -1.00000e+75     0       62.4181       51.9493     2446   16.77%
*     0+    0                           62.1053       51.9493            16.35%
      0     0       52.0277   199       62.1053      Cuts: 11     2520   16.23%
      0     0       52.0486   196       62.1053      Cuts: 13     2571   16.19%
Detecting symmetries...
      0     0       52.0572   197       62.1053       Cuts: 6     2601   16.18%
      0     0       52.0659   206       62.1053       Cuts: 3     2630   16.17%
      0     0       52.0719   205       62.1053       Cuts: 2     2652   16.16%
*     0+    0                           61.0145       52.0719            14.66%
      0     0  -1.00000e+75     0       61.0145       52.0719     2652   14.66%
      0     0       52.0719   208       61.0145       Cuts: 3     2656   14.66%
*     0+    0                           60.2656       52.0719            13.60%
      0     0       52.1061   207       60.2656       Cuts: 5     2705   13.54%
      0     0       52.1231   231       60.2656   ZeroHalf: 2     2748   13.51%
      0     0       52.1293   227       60.2656       Cuts: 6     2774   13.50%
*     0+    0                           59.3087       52.1293            12.11%
*     0+    0                           57.2830       52.1293             9.00%
Detecting symmetries...
      0     2       52.1293   227       57.2830       55.0834     2774    3.84%
Elapsed time = 2.29 sec. (4206.88 ticks, tree = 0.02 MB, solutions = 7)
      4     4       55.9756   150       57.2830       55.0834     3933    3.84%
     29    11       56.9288   159       57.2830       55.6981     7836    2.77%
*    99    19      integral     0       57.0011       55.7306    12420    2.23%
*   141    11      integral     0       56.8493       56.2731    20207    1.01%
    145    18       56.7026    67       56.8493       56.2731    16306    1.01%
    195     3        cutoff             56.8493       56.2928    24520    0.98%

Clique cuts applied:  28
Cover cuts applied:  22
Implied bound cuts applied:  16
Mixed integer rounding cuts applied:  4
Zero-half cuts applied:  25
Lift and project cuts applied:  1
Gomory fractional cuts applied:  4

Root node processing (before b&c):
  Real time             =    2.19 sec. (4166.02 ticks)
Parallel b&c, 20 threads:
  Real time             =    1.03 sec. (1268.02 ticks)
  Sync time (average)   =    0.74 sec.
  Wait time (average)   =    0.00 sec.
                          ------------
Total (root+branch&cut) =    3.22 sec. (5434.04 ticks)
Truck arcs:
0 10
4 8
5 7
6 5
7 9
8 6
9 11
10 4
customer 1 is served by drone
start of this sortie: 5
end of this sortie: 9

customer 2 is served by drone
start of this sortie: 0
end of this sortie: 10

customer 3 is served by drone
start of this sortie: 10
end of this sortie: 5

56.8493
In write mode
