Instance name: /home/cuong/CLionProjects/uMV-FSTSP/Murray_Chu_2015_test_data/FSTSP/FSTSP_10_customer_problems/20140810T123443v5
Write arg val: 1

drone speed: 0.4 miles/minute
uav non-eligible customer: 4 8 
Printing tau:
0 4.2001 12.6334 12.5505 10.8096 5.65042 5.64207 5.93982 1.11799 7.36834 3.00628 0 
4.2001 0 8.59672 16.5872 14.8463 1.92825 1.9199 7.49765 3.32128 11.405 7.04299 4.2001 
12.6334 8.59672 0 25.184 23.443 8.42508 9.39342 16.0944 11.7546 20.0018 15.6397 12.6334 
12.5505 16.5872 25.184 0 20.0769 16.7589 15.7905 15.6083 13.4294 5.1822 10.0243 12.5505 
10.8096 14.8463 23.443 20.0769 0 15.0179 14.0496 7.34864 11.6884 17.2947 10.5327 10.8096 
5.65042 1.92825 8.42508 16.7589 15.0179 0 0.968346 7.66929 5.01036 12.5367 7.21463 5.65042 
5.64207 1.9199 9.39342 15.7905 14.0496 0.968346 0 6.70095 5.00201 12.5283 6.24629 5.64207 
5.93982 7.49765 16.0944 15.6083 7.34864 7.66929 6.70095 0 5.29976 12.8261 6.06403 5.93982 
1.11799 3.32128 11.7546 13.4294 11.6884 5.01036 5.00201 5.29976 0 8.24716 3.8851 1.11799 
7.36834 11.405 20.0018 5.1822 17.2947 12.5367 12.5283 12.8261 8.24716 0 6.76206 7.36834 
3.00628 7.04299 15.6397 10.0243 10.5327 7.21463 6.24629 6.06403 3.8851 6.76206 0 3.00628 
0 0 0 0 0 0 0 0 0 0 0 0 
Printing tau_prime:
0 3.88262 8.96794 11.2026 10.6109 4.98184 4.60058 4.86105 0.768762 7.13138 2.12758 0 
3.88262 0 6.3521 15.0739 11.5134 1.36887 1.46982 5.52869 3.12023 11.0139 5.67443 3.88262 
8.96794 6.3521 0 19.3717 17.8316 6.76563 7.37314 11.8807 8.31856 15.2332 11.0936 8.96794 
11.2026 15.0739 19.3717 0 14.2498 16.055 15.5524 12.7718 11.9711 4.15908 9.54426 11.2026 
10.6109 11.5134 17.8316 14.2498 0 11.1395 10.4907 6.08158 10.7713 12.469 9.269 10.6109 
4.98184 1.36887 6.76563 16.055 11.1395 0 0.684749 5.42687 4.25379 12.0662 6.53442 4.98184 
4.60058 1.46982 7.37314 15.5524 10.4907 0.684749 0 4.74296 3.91122 11.6081 6.01108 4.60058 
4.86105 5.52869 11.8807 12.7718 6.08158 5.42687 4.74296 0 4.8436 9.48094 4.29995 4.86105 
0.768762 3.12023 8.31856 11.9711 10.7713 4.25379 3.91122 4.8436 0 7.89497 2.79983 0.768762 
7.13138 11.0139 15.2332 4.15908 12.469 12.0662 11.6081 9.48094 7.89497 0 5.69004 7.13138 
2.12758 5.67443 11.0936 9.54426 9.269 6.53442 6.01108 4.29995 2.79983 5.69004 0 2.12758 
0 0 0 0 0 0 0 0 0 0 0 0 
Printing number of nodes: 11

Version identifier: 22.1.1.0 | 2022-11-28 | 9160aff4d
CPXPARAM_ClockType                               0
CPXPARAM_Emphasis_MIP                            2
CPXPARAM_MIP_Tolerances_Integrality              0
Tried aggregator 2 times.
MIP Presolve eliminated 880 rows and 534 columns.
MIP Presolve modified 1629 coefficients.
Aggregator did 2 substitutions.
Reduced MIP has 5392 rows, 1179 columns, and 153042 nonzeros.
Reduced MIP has 1171 binaries, 0 generals, 0 SOSs, and 0 indicators.
Presolve time = 0.07 sec. (195.19 ticks)
Found incumbent of value 104.934850 after 0.13 sec. (313.39 ticks)
Probing fixed 193 vars, tightened 0 bounds.
Probing changed sense of 32 constraints.
Probing time = 0.03 sec. (49.38 ticks)
Tried aggregator 1 time.
MIP Presolve eliminated 50 rows and 226 columns.
MIP Presolve modified 54 coefficients.
Reduced MIP has 5342 rows, 953 columns, and 151924 nonzeros.
Reduced MIP has 945 binaries, 0 generals, 0 SOSs, and 0 indicators.
Presolve time = 0.07 sec. (173.61 ticks)
Probing fixed 7 vars, tightened 0 bounds.
Probing changed sense of 2 constraints.
Probing time = 0.03 sec. (38.05 ticks)
Tried aggregator 2 times.
Detecting symmetries...
MIP Presolve eliminated 10 rows and 13 columns.
MIP Presolve modified 26 coefficients.
Aggregator did 1 substitutions.
Reduced MIP has 5331 rows, 939 columns, and 151857 nonzeros.
Reduced MIP has 931 binaries, 0 generals, 0 SOSs, and 0 indicators.
Presolve time = 0.12 sec. (306.14 ticks)
Probing fixed 1 vars, tightened 0 bounds.
Probing time = 0.01 sec. (17.85 ticks)
Clique table members: 79304.
MIP emphasis: optimality.
MIP search method: dynamic search.
Parallel mode: deterministic, using up to 20 threads.
Root relaxation solution time = 0.15 sec. (213.64 ticks)

        Nodes                                         Cuts/
   Node  Left     Objective  IInf  Best Integer    Best Bound    ItCnt     Gap

*     0+    0                          104.9349      -10.0000           109.53%
      0     0       42.8310    78      104.9349       42.8310      862   59.18%
*     0+    0                           67.6824       42.8310            36.72%
      0     0       44.6208   122       67.6824      Cuts: 29     1351   34.07%
      0     0       47.3419   127       67.6824      Cuts: 22     1515   30.05%
      0     0       47.6683   115       67.6824      Cuts: 17     1710   29.57%
*     0+    0                           64.8590       47.6683            26.50%
      0     0  -1.00000e+75     0       64.8590       47.6683     1710   26.50%
      0     0       47.7442   126       64.8590      Cuts: 16     2005   26.39%
      0     0       48.0482   147       64.8590      Cuts: 16     2107   25.92%
Detecting symmetries...
      0     0       48.1306   145       64.8590      Cuts: 12     2160   25.79%
      0     0       48.1393   163       64.8590       Cuts: 4     2180   25.78%
      0     0       48.1908   166       64.8590       Cuts: 9     2246   25.70%
      0     0       48.1946   179       64.8590       Cuts: 3     2261   25.69%
*     0+    0                           63.5668       48.1946            24.18%
      0     0       48.2021   174       63.5668       Cuts: 3     2291   24.17%
      0     0       48.2225   182       63.5668       Cuts: 6     2349   24.14%
      0     0       48.2335   172       63.5668      Cuts: 12     2391   24.12%
      0     0       48.2481   153       63.5668       Cuts: 2     2417   24.10%
      0     0       48.2569   163       63.5668       Cuts: 7     2439   24.08%
      0     0       48.2578   174       63.5668      Cuts: 10     2462   24.08%
*     0+    0                           59.6388       48.2578            19.08%
Detecting symmetries...
      0     2       48.2578   174       59.6388       48.2578     2462   19.08%
Elapsed time = 1.78 sec. (3774.82 ticks, tree = 0.02 MB, solutions = 5)
*     3+    1                           59.1679       48.2650            18.43%
     19    13       52.5319    47       59.1679       49.1761     4599   16.89%
    371   128        cutoff             59.1679       50.1027    18718   15.32%
    652   143        cutoff             59.1679       50.1551    28319   15.23%
   1053   202       58.7121   161       59.1679       51.4947    46129   12.97%
*  1072   199      integral     0       58.7121       51.4947    46132   12.29%

GUB cover cuts applied:  4
Clique cuts applied:  3
Cover cuts applied:  42
Implied bound cuts applied:  22
Flow cuts applied:  3
Mixed integer rounding cuts applied:  5
Zero-half cuts applied:  32
Lift and project cuts applied:  3
Gomory fractional cuts applied:  4

Root node processing (before b&c):
  Real time             =    1.75 sec. (3733.59 ticks)
Parallel b&c, 20 threads:
  Real time             =    2.12 sec. (1235.74 ticks)
  Sync time (average)   =    1.00 sec.
  Wait time (average)   =    0.00 sec.
                          ------------
Total (root+branch&cut) =    3.86 sec. (4969.33 ticks)
Truck arcs:
0 5
1 8
4 10
5 6
6 1
7 4
8 7
9 11
10 9
customer 2 is served by drone
start of this sortie: 0
end of this sortie: 8

customer 3 is served by drone
start of this sortie: 4
end of this sortie: 9

58.7121
In write mode
