Instance name: /home/cuong/CLionProjects/uMV-FSTSP/Murray_Chu_2015_test_data/FSTSP/FSTSP_10_customer_problems/20140810T123437v1
Write arg val: 1

drone speed: 0.2 miles/minute
uav non-eligible customer: 10 
Printing tau:
0 8.5294 9.78144 12.4658 5.23008 4.08098 3.60506 3.30315 5.25872 9.74692 8.86232 0 
8.5294 0 18.3108 3.93636 13.7595 7.22991 8.18583 7.04774 13.7881 14.0919 12.0132 8.5294 
9.78144 18.3108 0 22.2472 4.55136 11.0809 10.125 11.2631 5.10923 6.13892 11.4943 9.78144 
12.4658 3.93636 22.2472 0 17.6958 11.1663 12.1222 10.9841 17.7245 18.0283 15.9496 12.4658 
5.23008 13.7595 4.55136 17.6958 0 6.52957 5.57365 6.71174 1.94864 9.26756 8.38296 5.23008 
4.08098 7.22991 11.0809 11.1663 6.52957 0 0.955922 0.777831 6.55821 13.8279 12.9433 4.08098 
3.60506 8.18583 10.125 12.1222 5.57365 0.955922 0 1.13809 5.60229 13.352 12.4674 3.60506 
3.30315 7.04774 11.2631 10.9841 6.71174 0.777831 1.13809 0 6.74038 13.0501 12.1655 3.30315 
5.25872 13.7881 5.10923 17.7245 1.94864 6.55821 5.60229 6.74038 0 11.2162 10.3316 5.25872 
9.74692 14.0919 6.13892 18.0283 9.26756 13.8279 13.352 13.0501 11.2162 0 7.2754 9.74692 
8.86232 12.0132 11.4943 15.9496 8.38296 12.9433 12.4674 12.1655 10.3316 7.2754 0 8.86232 
0 0 0 0 0 0 0 0 0 0 0 0 
Printing tau_prime:
0 10.716 12.2868 16.8994 6.18955 5.04743 4.26785 4.26649 6.43481 13.2258 10.6376 0 
10.716 0 23.0027 6.5606 16.7706 8.59075 9.66193 8.30778 16.3699 22.5134 16.2781 10.716 
12.2868 23.0027 0 29.091 6.50889 15.8949 14.6508 15.5734 8.01334 8.77857 14.8944 12.2868 
16.8994 6.5606 29.091 0 22.6813 13.6282 14.8639 13.6915 21.9127 29.0691 22.6695 16.8994 
6.18955 16.7706 6.50889 22.6813 0 9.38617 8.14351 9.0795 2.29674 10.9289 12.8279 6.18955 
5.04743 8.59075 15.8949 13.6282 9.38617 0 1.25846 0.941487 8.31925 18.1926 15.2616 5.04743 
4.26785 9.66193 14.6508 14.8639 8.14351 1.25846 0 1.38764 7.06588 17.2062 14.7813 4.26785 
4.26649 8.30778 15.5734 13.6915 9.0795 0.941487 1.38764 0 8.23237 17.4772 14.3397 4.26649 
6.43481 16.3699 8.01334 21.9127 2.29674 8.31925 7.06588 8.23237 0 13.2233 14.6887 6.43481 
13.2258 22.5134 8.77857 29.0691 10.9289 18.1926 17.2062 17.4772 13.2233 0 8.63729 13.2258 
10.6376 16.2781 14.8944 22.6695 12.8279 15.2616 14.7813 14.3397 14.6887 8.63729 0 10.6376 
0 0 0 0 0 0 0 0 0 0 0 0 
Printing number of nodes: 11

Version identifier: 22.1.1.0 | 2022-11-28 | 9160aff4d
CPXPARAM_ClockType                               0
CPXPARAM_Emphasis_MIP                            2
CPXPARAM_MIP_Tolerances_Integrality              0
Tried aggregator 2 times.
MIP Presolve eliminated 468 rows and 397 columns.
MIP Presolve modified 2248 coefficients.
Aggregator did 3 substitutions.
Reduced MIP has 5659 rows, 1315 columns, and 165046 nonzeros.
Reduced MIP has 1306 binaries, 0 generals, 0 SOSs, and 0 indicators.
Presolve time = 0.11 sec. (336.38 ticks)
Found incumbent of value 107.972797 after 0.18 sec. (470.03 ticks)
Probing fixed 332 vars, tightened 0 bounds.
Probing changed sense of 21 constraints.
Probing time = 0.04 sec. (52.75 ticks)
Tried aggregator 2 times.
MIP Presolve eliminated 327 rows and 359 columns.
MIP Presolve modified 259 coefficients.
Aggregator did 2 substitutions.
Reduced MIP has 5328 rows, 954 columns, and 151767 nonzeros.
Reduced MIP has 945 binaries, 0 generals, 0 SOSs, and 0 indicators.
Presolve time = 0.10 sec. (279.53 ticks)
Probing fixed 44 vars, tightened 0 bounds.
Probing changed sense of 12 constraints.
Probing time = 0.03 sec. (41.39 ticks)
Tried aggregator 2 times.
Detecting symmetries...
MIP Presolve eliminated 32 rows and 55 columns.
MIP Presolve modified 73 coefficients.
Aggregator did 1 substitutions.
Reduced MIP has 5295 rows, 898 columns, and 151468 nonzeros.
Reduced MIP has 889 binaries, 0 generals, 0 SOSs, and 0 indicators.
Presolve time = 0.09 sec. (237.57 ticks)
Probing fixed 7 vars, tightened 0 bounds.
Probing time = 0.02 sec. (37.63 ticks)
Clique table members: 85072.
MIP emphasis: optimality.
MIP search method: dynamic search.
Parallel mode: deterministic, using up to 20 threads.
Root relaxation solution time = 0.14 sec. (159.90 ticks)

        Nodes                                         Cuts/
   Node  Left     Objective  IInf  Best Integer    Best Bound    ItCnt     Gap

*     0+    0                          107.9728      -10.0000           109.26%
      0     0       52.1201    90      107.9728       52.1201      931   51.73%
*     0+    0                           57.4455       52.1201             9.27%
      0     0       53.9441    96       57.4455      Cuts: 31     1232    4.88%
      0     0       53.9769    95       57.4455      Cuts: 11     1297    4.88%
      0     0       54.0242    99       57.4455      Cuts: 11     1352    4.88%
Detecting symmetries...
      0     2       54.0242    99       57.4455       57.2696     1352    0.31%
Elapsed time = 1.53 sec. (3532.40 ticks, tree = 0.02 MB, solutions = 2)
     28     3       54.3566    83       57.4455       57.2696     1598    0.31%
     85     4       57.1014   100       57.4455       57.2696     5576    0.31%

GUB cover cuts applied:  1
Clique cuts applied:  4
Cover cuts applied:  7
Implied bound cuts applied:  5
Mixed integer rounding cuts applied:  6
Zero-half cuts applied:  4
Gomory fractional cuts applied:  2

Root node processing (before b&c):
  Real time             =    1.51 sec. (3511.44 ticks)
Parallel b&c, 20 threads:
  Real time             =    0.47 sec. (786.78 ticks)
  Sync time (average)   =    0.37 sec.
  Wait time (average)   =    0.00 sec.
                          ------------
Total (root+branch&cut) =    1.97 sec. (4298.22 ticks)
Truck arcs:
0 6
1 3
2 4
3 10
4 8
5 7
6 5
7 1
8 11
9 2
10 9
57.4455
In write mode
