Instance name: /home/cuong/CLionProjects/uMV-FSTSP/Murray_Chu_2015_test_data/FSTSP/FSTSP_10_customer_problems/20140810T123437v3
Write arg val: 1

drone speed: 0.2 miles/minute
uav non-eligible customer: 10 
Printing tau:
0 14.2149 7.45597 18.1512 10.5846 15.145 14.669 14.3671 12.5333 1.31706 6.43835 0 
14.2149 0 18.3108 3.93636 13.7595 7.22991 8.18583 7.04774 13.7881 14.0919 12.0132 14.2149 
7.45597 18.3108 0 22.2472 4.55136 11.0809 10.125 11.2631 5.10923 6.13892 11.4943 7.45597 
18.1512 3.93636 22.2472 0 17.6958 11.1663 12.1222 10.9841 17.7245 18.0283 15.9496 18.1512 
10.5846 13.7595 4.55136 17.6958 0 6.52957 5.57365 6.71174 1.94864 9.26756 8.38296 10.5846 
15.145 7.22991 11.0809 11.1663 6.52957 0 0.955922 0.777831 6.55821 13.8279 12.9433 15.145 
14.669 8.18583 10.125 12.1222 5.57365 0.955922 0 1.13809 5.60229 13.352 12.4674 14.669 
14.3671 7.04774 11.2631 10.9841 6.71174 0.777831 1.13809 0 6.74038 13.0501 12.1655 14.3671 
12.5333 13.7881 5.10923 17.7245 1.94864 6.55821 5.60229 6.74038 0 11.2162 10.3316 12.5333 
1.31706 14.0919 6.13892 18.0283 9.26756 13.8279 13.352 13.0501 11.2162 0 7.2754 1.31706 
6.43835 12.0132 11.4943 15.9496 8.38296 12.9433 12.4674 12.1655 10.3316 7.2754 0 6.43835 
0 0 0 0 0 0 0 0 0 0 0 0 
Printing tau_prime:
0 22.9054 10.6167 29.4629 12.4883 19.209 18.2907 18.4445 14.7839 1.83912 8.01904 0 
22.9054 0 23.0027 6.5606 16.7706 8.59075 9.66193 8.30778 16.3699 22.5134 16.2781 22.9054 
10.6167 23.0027 0 29.091 6.50889 15.8949 14.6508 15.5734 8.01334 8.77857 14.8944 10.6167 
29.4629 6.5606 29.091 0 22.6813 13.6282 14.8639 13.6915 21.9127 29.0691 22.6695 29.4629 
12.4883 16.7706 6.50889 22.6813 0 9.38617 8.14351 9.0795 2.29674 10.9289 12.8279 12.4883 
19.209 8.59075 15.8949 13.6282 9.38617 0 1.25846 0.941487 8.31925 18.1926 15.2616 19.209 
18.2907 9.66193 14.6508 14.8639 8.14351 1.25846 0 1.38764 7.06588 17.2062 14.7813 18.2907 
18.4445 8.30778 15.5734 13.6915 9.0795 0.941487 1.38764 0 8.23237 17.4772 14.3397 18.4445 
14.7839 16.3699 8.01334 21.9127 2.29674 8.31925 7.06588 8.23237 0 13.2233 14.6887 14.7839 
1.83912 22.5134 8.77857 29.0691 10.9289 18.1926 17.2062 17.4772 13.2233 0 8.63729 1.83912 
8.01904 16.2781 14.8944 22.6695 12.8279 15.2616 14.7813 14.3397 14.6887 8.63729 0 8.01904 
0 0 0 0 0 0 0 0 0 0 0 0 
Printing number of nodes: 11

Version identifier: 22.1.1.0 | 2022-11-28 | 9160aff4d
CPXPARAM_ClockType                               0
CPXPARAM_Emphasis_MIP                            2
CPXPARAM_MIP_Tolerances_Integrality              0
Tried aggregator 2 times.
MIP Presolve eliminated 478 rows and 492 columns.
MIP Presolve modified 2328 coefficients.
Aggregator did 3 substitutions.
Reduced MIP has 5649 rows, 1220 columns, and 164482 nonzeros.
Reduced MIP has 1211 binaries, 0 generals, 0 SOSs, and 0 indicators.
Presolve time = 0.17 sec. (566.20 ticks)
Probing fixed 320 vars, tightened 0 bounds.
Probing changed sense of 26 constraints.
Probing time = 0.05 sec. (50.75 ticks)
Tried aggregator 2 times.
MIP Presolve eliminated 343 rows and 347 columns.
MIP Presolve modified 278 coefficients.
Aggregator did 2 substitutions.
Reduced MIP has 5302 rows, 871 columns, and 151272 nonzeros.
Reduced MIP has 862 binaries, 0 generals, 0 SOSs, and 0 indicators.
Presolve time = 0.09 sec. (228.10 ticks)
Probing fixed 16 vars, tightened 0 bounds.
Probing changed sense of 5 constraints.
Probing time = 0.19 sec. (36.10 ticks)
Tried aggregator 1 time.
Detecting symmetries...
MIP Presolve eliminated 18 rows and 21 columns.
MIP Presolve modified 46 coefficients.
Reduced MIP has 5284 rows, 850 columns, and 151146 nonzeros.
Reduced MIP has 841 binaries, 0 generals, 0 SOSs, and 0 indicators.
Presolve time = 0.05 sec. (137.68 ticks)
Probing time = 0.01 sec. (13.15 ticks)
Clique table members: 85349.
MIP emphasis: optimality.
MIP search method: dynamic search.
Parallel mode: deterministic, using up to 20 threads.
Root relaxation solution time = 0.10 sec. (135.64 ticks)

        Nodes                                         Cuts/
   Node  Left     Objective  IInf  Best Integer    Best Bound    ItCnt     Gap

*     0+    0                          121.2075       -1.3659           101.13%
      0     0       53.5247   122      121.2075       53.5247      927   55.84%
*     0+    0                           76.5624       53.5247            30.09%
*     0+    0                           54.6640       53.5247             2.08%
      0     0        cutoff             54.6640       54.6640     1114    0.00%
Elapsed time = 1.27 sec. (2674.17 ticks, tree = 0.01 MB, solutions = 3)

GUB cover cuts applied:  2
Clique cuts applied:  10
Flow cuts applied:  3
Mixed integer rounding cuts applied:  4
Zero-half cuts applied:  6
Gomory fractional cuts applied:  35

Root node processing (before b&c):
  Real time             =    1.27 sec. (2674.76 ticks)
Parallel b&c, 20 threads:
  Real time             =    0.00 sec. (0.00 ticks)
  Sync time (average)   =    0.00 sec.
  Wait time (average)   =    0.00 sec.
                          ------------
Total (root+branch&cut) =    1.27 sec. (2674.76 ticks)
Truck arcs:
0 9
1 3
2 4
3 10
4 8
5 7
6 5
7 1
8 6
9 2
10 11
54.664
In write mode
