Instance name: /home/cuong/CLionProjects/uMV-FSTSP/Murray_Chu_2015_test_data/FSTSP/FSTSP_10_customer_problems/20140810T123443v9
Write arg val: 1

drone speed: 0.6 miles/minute
uav non-eligible customer: 4 8 
Printing tau:
0 4.2001 12.6334 12.5505 10.8096 5.65042 5.64207 5.93982 1.11799 7.36834 3.00628 0 
4.2001 0 8.59672 16.5872 14.8463 1.92825 1.9199 7.49765 3.32128 11.405 7.04299 4.2001 
12.6334 8.59672 0 25.184 23.443 8.42508 9.39342 16.0944 11.7546 20.0018 15.6397 12.6334 
12.5505 16.5872 25.184 0 20.0769 16.7589 15.7905 15.6083 13.4294 5.1822 10.0243 12.5505 
10.8096 14.8463 23.443 20.0769 0 15.0179 14.0496 7.34864 11.6884 17.2947 10.5327 10.8096 
5.65042 1.92825 8.42508 16.7589 15.0179 0 0.968346 7.66929 5.01036 12.5367 7.21463 5.65042 
5.64207 1.9199 9.39342 15.7905 14.0496 0.968346 0 6.70095 5.00201 12.5283 6.24629 5.64207 
5.93982 7.49765 16.0944 15.6083 7.34864 7.66929 6.70095 0 5.29976 12.8261 6.06403 5.93982 
1.11799 3.32128 11.7546 13.4294 11.6884 5.01036 5.00201 5.29976 0 8.24716 3.8851 1.11799 
7.36834 11.405 20.0018 5.1822 17.2947 12.5367 12.5283 12.8261 8.24716 0 6.76206 7.36834 
3.00628 7.04299 15.6397 10.0243 10.5327 7.21463 6.24629 6.06403 3.8851 6.76206 0 3.00628 
0 0 0 0 0 0 0 0 0 0 0 0 
Printing tau_prime:
0 2.7733 6.40567 8.00184 7.57922 3.55846 3.28613 3.47218 0.549116 5.09384 1.5197 0 
2.7733 0 4.53721 10.7671 8.22389 0.977764 1.04987 3.94906 2.22874 7.86711 4.05316 2.7733 
6.40567 4.53721 0 13.8369 12.7369 4.83259 5.26653 8.48623 5.94183 10.8808 7.92402 6.40567 
8.00184 10.7671 13.8369 0 10.1784 11.4679 11.1089 9.12274 8.55077 2.97077 6.81733 8.00184 
7.57922 8.22389 12.7369 10.1784 0 7.95679 7.49335 4.34398 7.69376 8.9064 6.62071 7.57922 
3.55846 0.977764 4.83259 11.4679 7.95679 0 0.489107 3.87634 3.03842 8.61874 4.66744 3.55846 
3.28613 1.04987 5.26653 11.1089 7.49335 0.489107 0 3.38783 2.79373 8.29151 4.29363 3.28613 
3.47218 3.94906 8.48623 9.12274 4.34398 3.87634 3.38783 0 3.45972 6.7721 3.0714 3.47218 
0.549116 2.22874 5.94183 8.55077 7.69376 3.03842 2.79373 3.45972 0 5.63927 1.99988 0.549116 
5.09384 7.86711 10.8808 2.97077 8.9064 8.61874 8.29151 6.7721 5.63927 0 4.06431 5.09384 
1.5197 4.05316 7.92402 6.81733 6.62071 4.66744 4.29363 3.0714 1.99988 4.06431 0 1.5197 
0 0 0 0 0 0 0 0 0 0 0 0 
Printing number of nodes: 11

Version identifier: 22.1.1.0 | 2022-11-28 | 9160aff4d
CPXPARAM_ClockType                               0
CPXPARAM_Emphasis_MIP                            2
CPXPARAM_MIP_Tolerances_Integrality              0
Tried aggregator 2 times.
MIP Presolve eliminated 875 rows and 520 columns.
MIP Presolve modified 1652 coefficients.
Aggregator did 2 substitutions.
Reduced MIP has 5397 rows, 1193 columns, and 153134 nonzeros.
Reduced MIP has 1185 binaries, 0 generals, 0 SOSs, and 0 indicators.
Presolve time = 0.07 sec. (196.38 ticks)
Found incumbent of value 117.428254 after 0.12 sec. (306.06 ticks)
Probing fixed 149 vars, tightened 0 bounds.
Probing changed sense of 32 constraints.
Probing time = 0.04 sec. (49.99 ticks)
Tried aggregator 1 time.
MIP Presolve eliminated 48 rows and 181 columns.
MIP Presolve modified 51 coefficients.
Reduced MIP has 5349 rows, 1012 columns, and 152249 nonzeros.
Reduced MIP has 1004 binaries, 0 generals, 0 SOSs, and 0 indicators.
Presolve time = 0.06 sec. (171.49 ticks)
Probing time = 0.01 sec. (14.53 ticks)
Tried aggregator 1 time.
Detecting symmetries...
Reduced MIP has 5349 rows, 1012 columns, and 152249 nonzeros.
Reduced MIP has 1004 binaries, 0 generals, 0 SOSs, and 0 indicators.
Presolve time = 0.03 sec. (82.94 ticks)
Probing time = 0.01 sec. (14.33 ticks)
Clique table members: 76736.
MIP emphasis: optimality.
MIP search method: dynamic search.
Parallel mode: deterministic, using up to 20 threads.
Root relaxation solution time = 0.13 sec. (210.85 ticks)

        Nodes                                         Cuts/
   Node  Left     Objective  IInf  Best Integer    Best Bound    ItCnt     Gap

*     0+    0                          117.4283      -10.0000           108.52%
      0     0       39.7322    90      117.4283       39.7322     1786   66.16%
*     0+    0                           63.1589       39.7322            37.09%
      0     0       39.7974   109       63.1589      Cuts: 15     1890   36.99%
*     0+    0                           60.7338       39.7974            34.47%
      0     0       39.8889   112       60.7338      Cuts: 11     1977   34.32%
      0     0       39.8889   113       60.7338       Cuts: 4     1990   34.32%
*     0+    0                           54.2775       39.8889            26.51%
*     0+    0                           53.4153       39.8889            25.32%
*     0+    0                           49.1640       39.8889            18.87%
Detecting symmetries...
      0     2       39.8889   110       49.1640       39.8889     1990   18.87%
Elapsed time = 1.10 sec. (2067.96 ticks, tree = 0.02 MB, solutions = 6)
*     5+    2                           48.5855       39.8889            17.90%
     10     8       40.5658   165       48.5855       39.9406     3650   17.79%
*    63+   10                           46.9314       39.9406            14.90%
    124    28       41.6134   223       46.9314       40.1779     8657   14.39%
    397    99       43.3843   139       46.9314       40.8238    27594   13.01%
    597   194       42.0882   223       46.9314       41.1096    41069   12.40%
    777   315       46.6050    98       46.9314       41.3044    56904   11.99%
   1118   482       43.9232    49       46.9314       41.5137    77708   11.54%
   1489   600       45.2818    79       46.9314       42.1196    95235   10.25%
   1905   725        cutoff             46.9314       42.5784   115002    9.28%
   2276   986       43.9440   100       46.9314       43.3078   149966    7.72%
   3801  1113       45.5895    66       46.9314       45.2061   234906    3.68%
Elapsed time = 5.76 sec. (5177.11 ticks, tree = 1.10 MB, solutions = 8)
   5561   181        cutoff             46.9314       46.4859   310967    0.95%

Cover cuts applied:  53
Implied bound cuts applied:  25
Flow cuts applied:  3
Zero-half cuts applied:  10
Lift and project cuts applied:  1
Gomory fractional cuts applied:  2

Root node processing (before b&c):
  Real time             =    0.98 sec. (2049.53 ticks)
Parallel b&c, 20 threads:
  Real time             =    6.33 sec. (4397.70 ticks)
  Sync time (average)   =    2.61 sec.
  Wait time (average)   =    0.00 sec.
                          ------------
Total (root+branch&cut) =    7.31 sec. (6447.24 ticks)
Truck arcs:
0 8
1 5
4 10
5 6
6 7
7 4
8 1
10 11
customer 2 is served by drone
start of this sortie: 0
end of this sortie: 7

customer 3 is served by drone
start of this sortie: 7
end of this sortie: 10

customer 9 is served by drone
start of this sortie: 10
end of this sortie: 11

46.9314
In write mode
