Instance name: /home/orlab/CLionProjects/RV-FSTSP/Murray_instances/FSTSP/FSTSP_10_customer_problems/20140810T123440v10
Write arg val: 1
Input is specified as type M: Murray instance.-.-.-.-.-.-.-.-.-.-.-.-.-.-.-.-.-.-.-.-

drone speed: 0.6 miles/minute
uav non-eligible customer: 4 5 
Printing tau:
0 3.05404 10.4722 13.4811 6.76521 11.4381 6.47301 13.0528 1.22306 2.41346 7.25246 0 
3.05404 0 7.41815 13.1751 7.41924 8.38408 3.41898 9.99874 2.95098 5.14749 6.9465 3.05404 
10.4722 7.41815 0 14.3533 14.8374 5.76971 3.99917 6.42059 10.3691 12.5656 10.5246 10.4722 
13.4811 13.1751 14.3533 0 6.71587 15.3192 15.1541 16.9338 12.258 15.4145 6.22861 13.4811 
6.76521 7.41924 14.8374 6.71587 0 15.8033 10.8382 17.418 5.54215 8.69866 4.31275 6.76521 
11.4381 8.38408 5.76971 15.3192 15.8033 0 7.0349 1.61466 11.3351 13.5316 11.4906 11.4381 
6.47301 3.41898 3.99917 15.1541 10.8382 7.0349 0 7.68579 6.36995 8.56647 8.92548 6.47301 
13.0528 9.99874 6.42059 16.9338 17.418 1.61466 7.68579 0 12.9497 15.1462 13.1052 13.0528 
1.22306 2.95098 10.3691 12.258 5.54215 11.3351 6.36995 12.9497 0 3.15652 6.0294 1.22306 
2.41346 5.14749 12.5656 15.4145 8.69866 13.5316 8.56647 15.1462 3.15652 0 9.18592 2.41346 
7.25246 6.9465 10.5246 6.22861 4.31275 11.4906 8.92548 13.1052 6.0294 9.18592 0 7.25246 
0 0 0 0 0 0 0 0 0 0 0 0 
Printing tau_prime:
0 1.55024 5.29326 7.08552 4.06651 6.38038 3.3768 7.2585 0.619928 1.43932 3.66314 0 
1.55024 0 3.76404 7.52003 4.96845 4.94498 1.99526 5.81479 1.56079 2.83526 3.84337 1.55024 
5.29326 3.76404 0 10.0878 8.32381 2.9547 2.11856 3.49502 5.30158 6.39321 6.57469 5.29326 
7.08552 7.52003 10.0878 0 3.40083 8.7569 9.26995 9.34774 6.51004 7.83769 3.69272 7.08552 
4.06651 4.96845 8.32381 3.40083 0 8.01329 6.9376 8.80561 3.59566 4.54085 2.19212 4.06651 
6.38038 4.94498 2.9547 8.7569 8.01329 0 4.349 0.879294 6.09477 7.76448 5.88165 6.38038 
3.3768 1.99526 2.11856 9.26995 6.9376 4.349 0 5.11013 3.53422 4.32872 5.58437 3.3768 
7.2585 5.81479 3.49502 9.34774 8.80561 0.879294 5.11013 0 6.97365 8.63888 6.64869 7.2585 
0.619928 1.56079 5.30158 6.51004 3.59566 6.09477 3.53422 6.97365 0 1.9423 3.04632 0.619928 
1.43932 2.83526 6.39321 7.83769 4.54085 7.76448 4.32872 8.63888 1.9423 0 4.75273 1.43932 
3.66314 3.84337 6.57469 3.69272 2.19212 5.88165 5.58437 6.64869 3.04632 4.75273 0 3.66314 
0 0 0 0 0 0 0 0 0 0 0 0 
---------------------------------------------------------------
Current config:
- Number of threads = 1
- Drone endurance = 20
- SL = 1
- SR = 1
- L = 1
- Allow loop = 1
- Allow revisit = 1
- Allow multi-visit drone = 0
- Use TSP optimal solution as warmstart: = 0
- Use cutting plane method: = 0
- Use CPLEX conflict refiner: = 0
---------------------------------------------------------------
---------------------------------------------
Calculate max stage gap for sortie.... 
Stage gap calculation consumes too much memory. No constraint was added.
---------------------------------------------
Warning:  Output names have been modified due to duplicate names or characters invalid in LP format.
Version identifier: 22.1.1.0 | 2022-11-28 | 9160aff4d
CPXPARAM_Threads                                 1
CPXPARAM_TimeLimit                               3600
CPXPARAM_WorkMem                                 24576
Tried aggregator 3 times.
MIP Presolve eliminated 973 rows and 1649 columns.
MIP Presolve modified 2569 coefficients.
Aggregator did 25 substitutions.
Reduced MIP has 881 rows, 3494 columns, and 76754 nonzeros.
Reduced MIP has 3428 binaries, 0 generals, 0 SOSs, and 0 indicators.
Presolve time = 0.08 sec. (134.79 ticks)
Found incumbent of value 143.105632 after 0.10 sec. (177.85 ticks)
Probing time = 0.00 sec. (9.04 ticks)
Tried aggregator 2 times.
Detecting symmetries...
MIP Presolve eliminated 9 rows and 0 columns.
Aggregator did 9 substitutions.
Reduced MIP has 863 rows, 3485 columns, and 76472 nonzeros.
Reduced MIP has 3419 binaries, 0 generals, 0 SOSs, and 0 indicators.
Presolve time = 0.04 sec. (48.80 ticks)
Probing time = 0.00 sec. (10.47 ticks)
Clique table members: 39402.
MIP emphasis: balance optimality and feasibility.
MIP search method: dynamic search.
Parallel mode: none, using 1 thread.
Root relaxation solution time = 0.03 sec. (75.38 ticks)

        Nodes                                         Cuts/
   Node  Left     Objective  IInf  Best Integer    Best Bound    ItCnt     Gap

*     0+    0                          143.1056      -11.0000           107.69%
      0     0       12.7239   221      143.1056       12.7239     1214   91.11%
      0     0       26.8692   141      143.1056      Cuts: 32     2396   81.22%
      0     0       30.0890   184      143.1056      Cuts: 21     3906   78.97%
      0     0       30.2323   256      143.1056      Cuts: 20     5395   78.87%
*     0+    0                          141.1056       30.2323            78.57%
*     0+    0                          121.1819       30.2323            75.05%
*     0+    0                          118.5148       30.2323            74.49%
*     0+    0                          104.6669       30.2323            71.12%
*     0+    0                           89.0544       30.2323            66.05%
      0     0  -1.00000e+75     0       89.0544       30.2323     5395   66.05%
      0     0       30.6110   206       89.0544       Cuts: 8     5819   65.63%
      0     0       30.8273   201       89.0544      Cuts: 31     6102   65.38%
Detecting symmetries...
      0     0       30.8273   187       89.0544      Cuts: 12     6242   65.38%
      0     0       31.3443   179       89.0544      Cuts: 10     6474   64.80%
      0     0       31.7329   179       89.0544      Cuts: 17     6801   64.37%
      0     0       31.7674   227       89.0544      Cuts: 10     6976   64.33%
      0     0       31.9662   175       89.0544      Cuts: 10     7214   64.10%
      0     0       31.9765   231       89.0544      Cuts: 15     7725   64.09%
      0     0       31.9947   269       89.0544       Cuts: 5     8010   64.07%
      0     0       32.0943   213       89.0544       Cuts: 3     8112   63.96%
      0     0       32.1222   238       89.0544       Cuts: 9     8876   63.93%
      0     0       32.1356   239       89.0544       Cuts: 4     9268   63.91%
      0     0       32.2389   221       89.0544   ZeroHalf: 8     9570   63.80%
      0     0       32.2389   249       89.0544   ZeroHalf: 4     9725   63.80%
*     0+    0                           76.5509       32.2389            57.89%
      0     0       32.3427   207       76.5509   ZeroHalf: 4     9958   57.75%
      0     0       32.4105   227       76.5509   ZeroHalf: 7    10289   57.66%
      0     0       32.4105   233       76.5509   ZeroHalf: 4    10466   57.66%
Detecting symmetries...
      0     2       32.4105   194       76.5509       32.4443    10466   57.62%
Elapsed time = 1.98 sec. (4106.96 ticks, tree = 0.01 MB, solutions = 7)
      5     7       42.2903   154       76.5509       32.5614    15133   57.46%
      8    10       55.9690   103       76.5509       32.5614    18018   57.46%
*    13    13      integral     0       66.9377       32.5614    19204   51.36%
*    26    10      integral     0       66.5898       32.5614    19416   51.10%
     30    14       36.9981   166       66.5898       32.6126    21715   51.02%
     38    22       41.9654   103       66.5898       32.6126    24283   51.02%
     42    26       42.9340    83       66.5898       32.6126    25516   51.02%
     52    36       44.1317    65       66.5898       32.6126    28309   51.02%
*    60+   40                           65.4481       32.6126            50.17%
*    80+   58                           60.7005       32.6126            46.27%
*    87    61      integral     0       57.9105       32.6126    29857   43.68%
     93    63       39.7924   138       57.9105       32.8555    31021   43.27%
     98    68       40.5707   151       57.9105       32.8555    33269   43.27%
    120    90       44.6747   166       57.9105       32.8555    44438   43.27%
Elapsed time = 3.26 sec. (7699.27 ticks, tree = 0.22 MB, solutions = 12)
    142   112       46.8844   173       57.9105       32.8555    54011   43.27%
    167   133       34.6569   151       57.9105       33.0255    64261   42.97%
    185   149        cutoff             57.9105       33.0255    73208   42.97%
*   187+  140                           56.9105       33.0255            41.97%
    208   160       34.7846   172       56.9105       33.4034    84390   41.31%
    269   221       47.8678    60       56.9105       33.4034    95577   41.31%
*   320+  247                           56.3100       33.5666            40.39%
*   334   112      integral     0       43.0764       33.5666   104783   22.08%
    365   139       40.9355   126       43.0764       34.0660   114499   20.92%
    394   163        cutoff             43.0764       34.2795   122741   20.42%
    422   176       37.7534   153       43.0764       34.5280   132432   19.84%
    470   203       36.7845   128       43.0764       34.7727   142806   19.28%
Elapsed time = 6.93 sec. (17616.56 ticks, tree = 0.84 MB, solutions = 15)
    513   233       37.3467   124       43.0764       34.8347   154139   19.13%
    561   265       41.9822    97       43.0764       34.9112   163837   18.96%
    614   301       38.1117   139       43.0764       35.2622   174306   18.14%
    642   313       37.9502   160       43.0764       35.3893   184673   17.85%
    706   369       42.3181    72       43.0764       35.5989   195428   17.36%
    743   377       42.5251    91       43.0764       36.1332   206689   16.12%
    812   421       37.6750   160       43.0764       36.4707   218657   15.34%
    879   437        cutoff             43.0764       36.7845   229710   14.61%
    887   433        cutoff             43.0764       36.8543   232392   14.44%
    892   433       39.5542   154       43.0764       36.8630   234830   14.42%
Elapsed time = 10.64 sec. (27512.00 ticks, tree = 1.82 MB, solutions = 15)
    916   449       39.4810   174       43.0764       37.0016   240623   14.10%
    960   489       38.5846   152       43.0764       37.0033   249129   14.10%

Performing restart 1

Repeating presolve.
Tried aggregator 2 times.
MIP Presolve eliminated 4 rows and 294 columns.
MIP Presolve modified 54 coefficients.
Aggregator did 3 substitutions.
Reduced MIP has 856 rows, 3188 columns, and 63265 nonzeros.
Reduced MIP has 3122 binaries, 0 generals, 0 SOSs, and 0 indicators.
Presolve time = 0.04 sec. (64.67 ticks)
Tried aggregator 1 time.
MIP Presolve eliminated 2 rows and 21 columns.
MIP Presolve modified 230 coefficients.
Reduced MIP has 854 rows, 3167 columns, and 62808 nonzeros.
Reduced MIP has 3101 binaries, 0 generals, 0 SOSs, and 0 indicators.
Presolve time = 0.03 sec. (50.02 ticks)
Represolve time = 0.30 sec. (925.32 ticks)
    984     0       32.4955   271       43.0764      Cuts: 11   256889   14.10%
    984     0       32.5873   254       43.0764       Cuts: 7   257414   14.10%
    984     0       33.8980   216       43.0764      Cuts: 31   258113   14.10%
    984     0       34.4474   223       43.0764      Cuts: 26   259285   14.10%
    984     0       34.6915   284       43.0764      Cuts: 20   260099   14.10%
    984     0       34.8189   187       43.0764       Cuts: 2   260422   14.10%
    984     0       35.0847   223       43.0764      Cuts: 25   260638   14.10%
    984     0       35.0854   267       43.0764      Cuts: 21   260841   14.10%
    984     0       35.0854   226       43.0764   ZeroHalf: 2   260865   14.10%
    984     0       35.0854   276       43.0764      Cuts: 34   261040   14.10%
    984     2       35.0854   260       43.0764       37.0033   261354   14.10%
    985     2       35.1127   225       43.0764       37.0033   261885   14.10%
    988     3       47.1902    92       43.0764       37.0033   263140   14.10%
    990     5       35.4218   218       43.0764       37.0033   263949   14.10%
    992     5       35.4543   222       43.0764       37.0033   266442   14.10%
    996     7       35.5772   206       43.0764       37.0033   267869   14.10%
    997     7       41.9656   125       43.0764       37.0033   269483   14.10%
   1000     8       42.0297    69       43.0764       37.0033   269946   14.10%
Elapsed time = 18.85 sec. (49008.67 ticks, tree = 0.04 MB, solutions = 15)
   1004    11       43.0066    45       43.0764       37.0033   272008   14.10%
   1014    18       43.0722   114       43.0764       37.0033   274655   14.10%
   1017    16       36.1632   227       43.0764       37.0033   276343   14.10%
   1019    16       36.2773   210       43.0764       37.0033   277318   14.10%
   1022    17       37.2182   208       43.0764       37.0033   278372   14.10%
   1024    17       37.6341   219       43.0764       37.0033   279527   14.10%
   1026    17       37.6549   177       43.0764       37.0033   279972   14.10%
   1029    18       38.1435   199       43.0764       37.0033   281319   14.10%
   1030    18       38.3063   194       43.0764       37.0033   282702   14.10%
   1034    19       38.4235   191       43.0764       37.0033   283902   14.10%
Elapsed time = 24.23 sec. (63316.61 ticks, tree = 0.05 MB, solutions = 15)
   1039    23       39.7933   166       43.0764       37.0033   284891   14.10%
   1041    23       40.9495   176       43.0764       37.0033   286672   14.10%
   1043    23       41.7533   156       43.0764       37.0033   287670   14.10%
   1045    23       42.6213   191       43.0764       37.0033   289076   14.10%
   1048    25       43.0066   150       43.0764       37.0033   291884   14.10%
   1065    40        cutoff             43.0764       37.0033   295993   14.10%
   1092    53       42.8541   169       43.0764       39.1789   300067    9.05%
   1129    84       43.0066    40       43.0764       39.4317   303491    8.46%
   1145    88       43.0066   111       43.0764       39.7314   307082    7.77%
   1170   100       41.0478   147       43.0764       41.0478   312878    4.71%
Elapsed time = 28.64 sec. (74939.82 ticks, tree = 0.39 MB, solutions = 15)
   1173   100       41.4525   148       43.0764       41.4525   313587    3.77%
   1209   122       42.9046   109       43.0764       42.0177   316968    2.46%
   1294   135    infeasible             43.0764       43.0066   324455    0.16%
   1499   142       43.0383    37       43.0764       43.0066   333402    0.16%
   1880   150       43.0514    65       43.0764       43.0066   342157    0.16%
   1991   109       43.0066    20       43.0764       43.0066   348311    0.16%
   2061    73       43.0066    20       43.0764       43.0066   353436    0.16%
   2110    66       43.0066    12       43.0764       43.0066   358377    0.16%
   2229    74        cutoff             43.0764       43.0066   361325    0.16%
   2254    82        cutoff             43.0764       43.0066   363395    0.16%
Elapsed time = 32.39 sec. (84770.49 ticks, tree = 0.34 MB, solutions = 15)
   2320    65       43.0066    38       43.0764       43.0066   368808    0.16%
   2380    50        cutoff             43.0764       43.0066   373669    0.16%
   2402    55        cutoff             43.0764       43.0066   375719    0.16%
   2438    48       43.0066    52       43.0764       43.0066   379382    0.16%
   2503    42       51.7304    98       43.0764       43.0066   382906    0.16%
   2541    50       43.0066    21       43.0764       43.0066   385222    0.16%
   2595    58       43.0066    33       43.0764       43.0066   387279    0.16%
   2662    68       43.0066    42       43.0764       43.0066   390841    0.16%
   2760    54       43.0066    21       43.0764       43.0066   394025    0.16%
   2860    39        cutoff             43.0764       43.0066   398281    0.16%
Elapsed time = 36.12 sec. (94419.27 ticks, tree = 0.21 MB, solutions = 15)
   2936    40       43.0066    51       43.0764       43.0066   402675    0.16%
   3006    30       43.0066    76       43.0764       43.0066   406787    0.16%
   3059    29       43.0066    31       43.0764       43.0066   411055    0.16%
   3157    42       43.0242    57       43.0764       43.0066   413961    0.16%
   3296    38       43.0066    43       43.0764       43.0066   418515    0.16%
   3399    32        cutoff             43.0764       43.0066   423217    0.16%
   3504    36       43.0107    66       43.0764       43.0066   428263    0.16%
   3669    31       43.0066    42       43.0764       43.0066   434418    0.16%
   3789    33       43.0066    26       43.0764       43.0066   439834    0.16%
   3948    27       43.0224    85       43.0764       43.0066   445556    0.16%
Elapsed time = 39.90 sec. (104108.84 ticks, tree = 0.18 MB, solutions = 15)
   4022    48        cutoff             43.0764       43.0066   450960    0.16%
   4147    27       43.0171    75       43.0764       43.0066   456330    0.16%
   4211    34       43.0066    26       43.0764       43.0066   461809    0.16%
   4322    30        cutoff             43.0764       43.0066   468319    0.16%

Implied bound cuts applied:  2
Zero-half cuts applied:  17
Lift and project cuts applied:  1
Gomory fractional cuts applied:  11

Root node processing (before b&c):
  Real time             =    1.93 sec. (4050.85 ticks)
Sequential b&c:
  Real time             =   39.56 sec. (104254.43 ticks)
                          ------------
Total (root+branch&cut) =   41.49 sec. (108305.28 ticks)
Feasible solution found!
Truck nodes:
Stage 1 at customer 0 with arrival time is: 
Stage 2 at customer 8 with arrival time is: 
Stage 3 at customer 4 with arrival time is: 
Stage 4 at customer 10 with arrival time is: 
Stage 5 at customer 5 with arrival time is: 
Stage 6 at customer 6 with arrival time is: 
Stage 7 at customer 1 with arrival time is: 
Stage 8 at customer 11 with arrival time is: 
Truck arcs:
Arc 1 connecting 0 and 8 with cost 1.22306 
Arc 2 connecting 8 and 4 with cost 5.54215 
Arc 3 connecting 4 and 10 with cost 4.31275 
Arc 4 connecting 10 and 5 with cost 11.4906 
Arc 5 connecting 5 and 6 with cost 7.0349 
Arc 6 connecting 6 and 1 with cost 3.41898 
Arc 7 connecting 1 and 11 with cost 3.05404 
Customer 2 served by drone.
Drone fly from 10 at stage 4 to serve 2 and then fly back to 5 at stage 5. 
Truck arcs during this sortie: 10--->5
Truck travel time from stage 4 to 5 is: 11.4906
Total drone travel time: 9.52939
Customer 3 served by drone.
Drone fly from 0 at stage 1 to serve 3 and then fly back to 10 at stage 4. 
Truck arcs during this sortie: 0--->8--->4--->10
Truck travel time from stage 1 to 4 is: 11.078
Total drone travel time: 10.7782
Customer 7 served by drone.
Drone fly from 5 at stage 5 to serve 7 and then fly back to 6 at stage 6. 
Truck arcs during this sortie: 5--->6
Truck travel time from stage 5 to 6 is: 7.0349
Total drone travel time: 5.98942
Customer 9 served by drone.
Drone fly from 6 at stage 6 to serve 9 and then fly back to 11 at stage 8. 
Truck arcs during this sortie: 6--->1--->0
Truck travel time from stage 6 to 8 is: 6.47301
Total drone travel time: 5.76804
Customer 2 served, start stage = 4, end stage = 5
Wait time for this sortie: 0
Customer 3 served, start stage = 1, end stage = 4
Wait time for this sortie: 0
Customer 7 served, start stage = 5, end stage = 6
Wait time for this sortie: 0
Customer 9 served, start stage = 6, end stage = 8
Wait time for this sortie: 0
Printing Y(k,i,h):
Y[1][0][3] == 1
Y[4][10][2] == 1
Y[5][5][7] == 1
Y[6][6][9] == 1
Done!
-------------------------Re-calculated objective-----------------------
43.0764
------------------------------------------------------------------------
Solve time: 41.493
OBJECTIVE VALUE: 43.0764, NUMBER OF SORTIES: 0.
Number of loop(s):0
Number of revisit: 0
In write mode
