Instance name: /home/orlab/CLionProjects/RV-FSTSP/Murray_instances/FSTSP/FSTSP_10_customer_problems/20140810T123440v11
Write arg val: 1
Input is specified as type M: Murray instance.-.-.-.-.-.-.-.-.-.-.-.-.-.-.-.-.-.-.-.-

drone speed: 0.6 miles/minute
uav non-eligible customer: 4 5 
Printing tau:
0 6.70596 5.99218 19.8811 13.1652 11.7619 4.72699 12.4128 7.62306 8.49346 13.6525 0 
6.70596 0 7.41815 13.1751 7.41924 8.38408 3.41898 9.99874 2.95098 5.14749 6.9465 6.70596 
5.99218 7.41815 0 14.3533 14.8374 5.76971 3.99917 6.42059 10.3691 12.5656 10.5246 5.99218 
19.8811 13.1751 14.3533 0 6.71587 15.3192 15.1541 16.9338 12.258 15.4145 6.22861 19.8811 
13.1652 7.41924 14.8374 6.71587 0 15.8033 10.8382 17.418 5.54215 8.69866 4.31275 13.1652 
11.7619 8.38408 5.76971 15.3192 15.8033 0 7.0349 1.61466 11.3351 13.5316 11.4906 11.7619 
4.72699 3.41898 3.99917 15.1541 10.8382 7.0349 0 7.68579 6.36995 8.56647 8.92548 4.72699 
12.4128 9.99874 6.42059 16.9338 17.418 1.61466 7.68579 0 12.9497 15.1462 13.1052 12.4128 
7.62306 2.95098 10.3691 12.258 5.54215 11.3351 6.36995 12.9497 0 3.15652 6.0294 7.62306 
8.49346 5.14749 12.5656 15.4145 8.69866 13.5316 8.56647 15.1462 3.15652 0 9.18592 8.49346 
13.6525 6.9465 10.5246 6.22861 4.31275 11.4906 8.92548 13.1052 6.0294 9.18592 0 13.6525 
0 0 0 0 0 0 0 0 0 0 0 0 
Printing tau_prime:
0 3.78522 3.65924 11.3047 8.58945 6.4627 2.38777 7.11309 4.99394 4.84686 7.62689 0 
3.78522 0 3.76404 7.52003 4.96845 4.94498 1.99526 5.81479 1.56079 2.83526 3.84337 3.78522 
3.65924 3.76404 0 10.0878 8.32381 2.9547 2.11856 3.49502 5.30158 6.39321 6.57469 3.65924 
11.3047 7.52003 10.0878 0 3.40083 8.7569 9.26995 9.34774 6.51004 7.83769 3.69272 11.3047 
8.58945 4.96845 8.32381 3.40083 0 8.01329 6.9376 8.80561 3.59566 4.54085 2.19212 8.58945 
6.4627 4.94498 2.9547 8.7569 8.01329 0 4.349 0.879294 6.09477 7.76448 5.88165 6.4627 
2.38777 1.99526 2.11856 9.26995 6.9376 4.349 0 5.11013 3.53422 4.32872 5.58437 2.38777 
7.11309 5.81479 3.49502 9.34774 8.80561 0.879294 5.11013 0 6.97365 8.63888 6.64869 7.11309 
4.99394 1.56079 5.30158 6.51004 3.59566 6.09477 3.53422 6.97365 0 1.9423 3.04632 4.99394 
4.84686 2.83526 6.39321 7.83769 4.54085 7.76448 4.32872 8.63888 1.9423 0 4.75273 4.84686 
7.62689 3.84337 6.57469 3.69272 2.19212 5.88165 5.58437 6.64869 3.04632 4.75273 0 7.62689 
0 0 0 0 0 0 0 0 0 0 0 0 
---------------------------------------------------------------
Current config:
- Number of threads = 1
- Drone endurance = 20
- SL = 1
- SR = 1
- L = 1
- Allow loop = 1
- Allow revisit = 1
- Allow multi-visit drone = 0
- Use TSP optimal solution as warmstart: = 0
- Use cutting plane method: = 0
- Use CPLEX conflict refiner: = 0
---------------------------------------------------------------
---------------------------------------------
Calculate max stage gap for sortie.... 
Stage gap calculation consumes too much memory. No constraint was added.
---------------------------------------------
Warning:  Output names have been modified due to duplicate names or characters invalid in LP format.
Version identifier: 22.1.1.0 | 2022-11-28 | 9160aff4d
CPXPARAM_Threads                                 1
CPXPARAM_TimeLimit                               3600
CPXPARAM_WorkMem                                 24576
Tried aggregator 3 times.
MIP Presolve eliminated 972 rows and 1649 columns.
MIP Presolve modified 2601 coefficients.
Aggregator did 25 substitutions.
Reduced MIP has 882 rows, 3494 columns, and 76756 nonzeros.
Reduced MIP has 3428 binaries, 0 generals, 0 SOSs, and 0 indicators.
Presolve time = 0.08 sec. (146.63 ticks)
Found incumbent of value 131.284087 after 0.11 sec. (189.83 ticks)
Probing fixed 9 vars, tightened 0 bounds.
Probing time = 0.03 sec. (124.24 ticks)
Tried aggregator 2 times.
Detecting symmetries...
MIP Presolve eliminated 10 rows and 9 columns.
MIP Presolve modified 6 coefficients.
Aggregator did 9 substitutions.
Reduced MIP has 863 rows, 3476 columns, and 76339 nonzeros.
Reduced MIP has 3410 binaries, 0 generals, 0 SOSs, and 0 indicators.
Presolve time = 0.05 sec. (63.44 ticks)
Probing time = 0.00 sec. (9.77 ticks)
Clique table members: 38931.
MIP emphasis: balance optimality and feasibility.
MIP search method: dynamic search.
Parallel mode: none, using 1 thread.
Root relaxation solution time = 0.03 sec. (80.00 ticks)

        Nodes                                         Cuts/
   Node  Left     Objective  IInf  Best Integer    Best Bound    ItCnt     Gap

*     0+    0                          131.2841      -11.0000           108.38%
      0     0       16.6937   223      131.2841       16.6937     1352   87.28%
      0     0       27.6690   189      131.2841      Cuts: 29     2439   78.92%
      0     0       29.9200   176      131.2841      Cuts: 25     3488   77.21%
      0     0       30.6388   208      131.2841      Cuts: 18     3809   76.66%
*     0+    0                          129.2841       30.6388            76.30%
*     0+    0                          114.2374       30.6388            73.18%
*     0+    0                           95.0335       30.6388            67.76%
*     0+    0                           73.5863       30.6388            58.36%
      0     0  -1.00000e+75     0       73.5863       30.6388     3809   58.36%
      0     0       31.0648   178       73.5863      Cuts: 10     3907   57.78%
      0     0       33.0840   232       73.5863      Cuts: 13     4616   55.04%
Detecting symmetries...
      0     0       33.2822   261       73.5863      Cuts: 12     5985   54.77%
      0     0       33.2879   247       73.5863       Cuts: 3     6082   54.76%
      0     0       33.5041   209       73.5863   ZeroHalf: 8     6416   54.47%
      0     0       33.5373   217       73.5863      Cuts: 11     6924   54.42%
      0     0       33.5847   191       73.5863       Cuts: 8     7493   54.36%
      0     0       33.7038   259       73.5863      Cuts: 28     8314   54.20%
      0     0       34.0962   255       73.5863      Cuts: 11     9070   53.67%
      0     0       34.2130   249       73.5863   ZeroHalf: 5     9311   53.51%
      0     0       34.8309   227       73.5863      Cuts: 10    10025   52.67%
      0     0       34.8381   229       73.5863   ZeroHalf: 8    10236   52.66%
      0     0       34.8381   219       73.5863   ZeroHalf: 3    10414   52.66%
      0     0       34.8381   204       73.5863   ZeroHalf: 4    10573   52.66%
Detecting symmetries...
      0     2       34.8381   204       73.5863       34.9995    10573   52.44%
Elapsed time = 2.01 sec. (4395.46 ticks, tree = 0.01 MB, solutions = 5)
      4     6       42.5625   154       73.5863       35.0943    14052   52.31%
      7     9       50.3353    86       73.5863       35.0943    17664   52.31%
     15    17       56.7467    22       73.5863       35.0943    19815   52.31%
*    20+   20                           62.1054       35.0943            43.49%
*    44    28      integral     0       61.3726       35.0943    21810   42.82%
     45    27       35.1385   202       61.3726       35.1102    22763   42.79%
     49    31       41.0322   145       61.3726       35.1102    25618   42.79%
     55    37       42.7366    96       61.3726       35.1102    28661   42.79%
     61    43       49.7304    20       61.3726       35.1102    30926   42.79%
     72    52       49.7304    28       61.3726       35.1102    32339   42.79%
*    88    57      integral     0       58.6662       35.1102    34195   40.15%
    115    82       56.3310    53       58.6662       35.1718    41632   40.05%
Elapsed time = 3.23 sec. (7703.19 ticks, tree = 0.30 MB, solutions = 8)
    159   120       51.9953    79       58.6662       35.2812    50953   39.86%
    178   135       37.3151   202       58.6662       35.4243    56820   39.62%
    205   162       52.6938    55       58.6662       35.4243    66466   39.62%
    241   191       43.7371    85       58.6662       37.0857    78780   36.79%
    256   206       39.2925   140       58.6662       37.0857    86958   36.79%
    304   233       43.0632   122       58.6662       37.2161    97023   36.56%
    346   272       44.2680   164       58.6662       37.2679   110540   36.47%
    390   308       43.7651    75       58.6662       37.3187   122493   36.39%
    425   338       37.9909   182       58.6662       37.5463   132748   36.00%
    446   359       48.8973    72       58.6662       37.5463   145068   36.00%
Elapsed time = 6.78 sec. (17717.10 ticks, tree = 1.21 MB, solutions = 8)

Performing restart 1

Repeating presolve.
Tried aggregator 1 time.
MIP Presolve eliminated 2 rows and 35 columns.
MIP Presolve modified 4 coefficients.
Reduced MIP has 861 rows, 3441 columns, and 75465 nonzeros.
Reduced MIP has 3375 binaries, 0 generals, 0 SOSs, and 0 indicators.
Presolve time = 0.03 sec. (45.56 ticks)
Tried aggregator 1 time.
Reduced MIP has 861 rows, 3441 columns, and 75465 nonzeros.
Reduced MIP has 3375 binaries, 0 generals, 0 SOSs, and 0 indicators.
Presolve time = 0.03 sec. (42.28 ticks)
Represolve time = 0.10 sec. (229.72 ticks)
    483     0       33.2239   250       58.6662      Cuts: 12   158213   34.87%
    483     0       34.4171   188       58.6662      Cuts: 22   159175   34.87%
    483     0       35.2508   213       58.6662      Cuts: 26   160675   34.87%
    483     0       35.5095   248       58.6662      Cuts: 52   161710   34.87%
    483     0       35.6251   285       58.6662      Cuts: 10   162305   34.87%
    483     0       35.6756   279       58.6662      Cuts: 10   162946   34.87%
    483     0       36.3234   256       58.6662      Cuts: 27   165221   34.87%
    483     0       36.5126   276       58.6662      Cuts: 18   166173   34.87%
    483     0       36.8872   252       58.6662      Cuts: 16   167169   34.87%
    483     0       36.9114   256       58.6662      Cuts: 28   167693   34.87%
    483     0       36.9114   217       58.6662   ZeroHalf: 4   167778   34.87%
    483     0       36.9114   237       58.6662   ZeroHalf: 4   167967   34.87%
    483     2       36.9114   224       58.6662       38.2103   167967   34.87%
    484     3       37.0370   256       58.6662       38.2103   169084   34.87%
    485     4       37.0959   272       58.6662       38.2103   170095   34.87%
    486     5       42.3146   163       58.6662       38.2103   171518   34.87%
    487     6       37.2640   244       58.6662       38.2103   172383   34.87%
    488     7       37.3430   258       58.6662       38.2103   173750   34.87%
    489     8       37.7748   266       58.6662       38.2103   178133   34.87%
    490     9       37.8321   241       58.6662       38.2103   180266   34.87%
    491    10       45.4733   169       58.6662       38.2103   181684   34.87%
    492    11       37.8511   248       58.6662       38.2103   182296   34.87%
Elapsed time = 16.98 sec. (46183.93 ticks, tree = 0.05 MB, solutions = 8)
    493    11       44.4576   135       58.6662       38.2103   184717   34.87%
    496    14       44.6036   136       58.6662       38.2103   185886   34.87%
    498    16       44.7815   140       58.6662       38.2103   187463   34.87%
    501    19       44.9660   145       58.6662       38.2103   188749   34.87%
    504    22       45.1083   136       58.6662       38.2103   190164   34.87%
    508    25       46.6024   117       58.6662       38.2103   191347   34.87%
    517    32       50.4038    53       58.6662       38.2103   192881   34.87%
    541    55       51.0698    41       58.6662       38.2103   194722   34.87%
    566    77       51.1005    62       58.6662       38.2103   195972   34.87%
    586    88       45.6852   133       58.6662       38.2103   197900   34.87%
Elapsed time = 21.84 sec. (59652.88 ticks, tree = 0.63 MB, solutions = 8)
    589    91       46.0862   127       58.6662       38.2103   198953   34.87%
    595    97       46.7684   132       58.6662       38.2103   200945   34.87%
    602   104       47.3444   102       58.6662       38.2103   202864   34.87%
    609   111       48.5746   107       58.6662       38.2103   204591   34.87%
    617   119       48.9110   109       58.6662       38.2103   206524   34.87%
    651   137       44.2010   154       58.6662       38.2103   210845   34.87%
    654   140       45.0219   155       58.6662       38.2103   211326   34.87%
    659   145       46.2364   111       58.6662       38.2103   212564   34.87%
    663   149       46.6372   129       58.6662       38.2103   213927   34.87%
    669   155       47.2696   116       58.6662       38.2103   215361   34.87%
Elapsed time = 26.14 sec. (71498.90 ticks, tree = 1.14 MB, solutions = 8)
    680   166       49.3019   140       58.6662       38.2103   216440   34.87%
    696   180       51.7329    47       58.6662       38.2103   218073   34.87%
    730   212       52.0251   111       58.6662       38.2103   221671   34.87%
    762   240       53.9705    80       58.6662       38.2103   225357   34.87%
    782   249       45.0095   189       58.6662       38.2103   228244   34.87%
    791   258       46.2280   103       58.6662       38.2103   229827   34.87%
    807   274       48.8953   111       58.6662       38.2103   232048   34.87%
    850   313       50.0840   122       58.6662       38.2103   234574   34.87%
    884   339       38.7742   271       58.6662       38.2103   237716   34.87%
    888   343       39.0861   217       58.6662       38.2103   239465   34.87%
Elapsed time = 30.50 sec. (83557.17 ticks, tree = 2.77 MB, solutions = 8)
    892   347       39.2663   228       58.6662       38.2103   240511   34.87%
    898   353       41.8673   223       58.6662       38.2103   243583   34.87%
    902   357       42.6499   151       58.6662       38.2103   246484   34.87%
    910   365       43.2118   200       58.6662       38.2103   249131   34.87%
    915   370       44.9388   213       58.6662       38.2103   253847   34.87%
    924   379       45.7179   145       58.6662       38.2103   256268   34.87%
    938   392       51.2326   139       58.6662       38.2103   259892   34.87%
    945   396       56.0100    97       58.6662       38.2103   263566   34.87%
    993   442       56.1613    93       58.6662       38.2103   266227   34.87%
   1033   473       50.0658    33       58.6662       38.7742   270353   33.91%
Elapsed time = 34.51 sec. (94683.86 ticks, tree = 3.90 MB, solutions = 8)
   1102   532       43.9286   200       58.6662       38.8396   273560   33.80%
   1104   534       45.1165   230       58.6662       38.8396   275211   33.80%
   1117   547       48.2703   136       58.6662       38.8396   278997   33.80%
   1125   551       51.3747   140       58.6662       38.8396   281836   33.80%
   1139   560       56.7864   153       58.6662       38.8396   285663   33.80%
   1143   563       58.4363    87       58.6662       38.8396   287392   33.80%
   1146   564       44.3231   131       58.6662       38.9806   289244   33.56%
   1149   567       44.6967   145       58.6662       38.9806   289763   33.56%
   1168   586       48.2569   102       58.6662       38.9806   292866   33.56%
   1221   637       54.4649    91       58.6662       38.9806   297837   33.56%
Elapsed time = 38.16 sec. (105163.00 ticks, tree = 5.36 MB, solutions = 8)
   1250   654       43.5507   177       58.6662       39.0955   300882   33.36%
   1271   675       49.7671   145       58.6662       39.0955   306372   33.36%
   1308   705       47.7337    69       58.6662       39.1976   311449   33.19%
*  1353+  747                           58.6369       39.1976            33.15%
*  1373+  756                           57.0966       39.1976            31.35%
   1383   767       56.4260    35       57.0966       39.1976   317335   31.35%
   1397   775       51.9480   111       57.0966       39.2875   321351   31.19%
   1408   780       46.1737    72       57.0966       39.4738   326193   30.86%
   1490   856       43.2474   213       57.0966       39.5469   333515   30.74%
   1503   867       53.7887   117       57.0966       39.5469   338409   30.74%
   1515   872       45.6582   189       57.0966       39.5853   341797   30.67%
   1529   885       47.9706   163       57.0966       39.5853   344429   30.67%
Elapsed time = 41.92 sec. (115414.14 ticks, tree = 7.53 MB, solutions = 10)
   1546   899       50.5903   156       57.0966       39.5853   347321   30.67%
   1569   921       53.2043    28       57.0966       39.5853   351774   30.67%
   1623   964       44.8433   185       57.0966       40.1518   356158   29.68%
   1678  1008        cutoff             57.0966       40.1518   359142   29.68%
   1722  1041       49.7335    80       57.0966       41.2800   364889   27.70%
   1806  1113       49.2043    80       57.0966       41.5227   369168   27.28%
   1874  1173       43.9975   159       57.0966       41.9628   374245   26.51%
*  1960  1106      integral     0       56.0060       41.9720   379936   25.06%
   2014  1158       50.7587    57       56.0060       41.9815   385197   25.04%
   2230  1344       46.8293   137       56.0060       42.6613   401430   23.83%
Elapsed time = 46.55 sec. (128286.28 ticks, tree = 9.48 MB, solutions = 11)
*  2302   327      integral     0       49.2043       42.6912   406196   13.24%
   2349   346       48.4585   148       49.2043       43.0155   418765   12.58%
   2395   358        cutoff             49.2043       43.5012   436292   11.59%
   2458   392       48.2686    62       49.2043       43.7342   452902   11.12%
   2552   439       47.8346    84       49.2043       44.0593   473097   10.46%
   2646   483       46.0513   152       49.2043       44.2962   494046    9.97%
   2740   519       48.9477   112       49.2043       44.5136   516474    9.53%
   2837   559       49.0094    71       49.2043       44.7909   538782    8.97%
   2954   605       46.3768    79       49.2043       45.1121   563030    8.32%
   3056   607       47.1252   112       49.2043       45.4332   585907    7.66%
   3150   648       47.5444   169       49.2043       45.4986   609666    7.53%
Elapsed time = 60.60 sec. (167257.42 ticks, tree = 4.68 MB, solutions = 12)
   3268   680       47.4769   124       49.2043       45.7463   631942    7.03%
   3348   668       46.9972    99       49.2043       45.9528   648752    6.61%
   3477   685       47.9348    67       49.2043       46.1255   673785    6.26%
   3593   680       47.3816   144       49.2043       46.4418   697892    5.61%
   3732   671       47.1514   145       49.2043       46.6807   724423    5.13%
   3859   617       47.9348    76       49.2043       46.9675   747948    4.55%
   3957   602       48.2764   100       49.2043       47.1549   762717    4.17%
   4129   513       47.9348    81       49.2043       47.5394   784758    3.38%
   4289   448        cutoff             49.2043       47.7520   805309    2.95%
   4424   369       48.7640    89       49.2043       47.9762   822296    2.50%
Elapsed time = 75.19 sec. (206611.91 ticks, tree = 2.50 MB, solutions = 12)
   4790    65        cutoff             49.2043       48.9291   841845    0.56%

GUB cover cuts applied:  1
Clique cuts applied:  2
Implied bound cuts applied:  25
Zero-half cuts applied:  49
Lift and project cuts applied:  2
Gomory fractional cuts applied:  15

Root node processing (before b&c):
  Real time             =    1.96 sec. (4341.11 ticks)
Sequential b&c:
  Real time             =   74.80 sec. (206292.34 ticks)
                          ------------
Total (root+branch&cut) =   76.77 sec. (210633.45 ticks)
Feasible solution found!
Truck nodes:
Stage 1 at customer 0 with arrival time is: 
Stage 2 at customer 6 with arrival time is: 
Stage 3 at customer 1 with arrival time is: 
Stage 4 at customer 1 with arrival time is: 
Stage 5 at customer 8 with arrival time is: 
Stage 6 at customer 4 with arrival time is: 
Stage 7 at customer 10 with arrival time is: 
Stage 8 at customer 10 with arrival time is: 
Stage 9 at customer 5 with arrival time is: 
Stage 10 at customer 2 with arrival time is: 
Stage 11 at customer 11 with arrival time is: 
Truck arcs:
Arc 1 connecting 0 and 6 with cost 4.72699 
Arc 2 connecting 6 and 1 with cost 3.41898 
Arc 3 connecting 1 and 1 with cost 0 
Arc 4 connecting 1 and 8 with cost 2.95098 
Arc 5 connecting 8 and 4 with cost 5.54215 
Arc 6 connecting 4 and 10 with cost 4.31275 
Arc 7 connecting 10 and 10 with cost 0 
Arc 8 connecting 10 and 5 with cost 11.4906 
Arc 9 connecting 5 and 2 with cost 5.76971 
Arc 10 connecting 2 and 11 with cost 5.99218 
Customer 3 served by drone.
Drone fly from 1 at stage 3 to serve 3 and then fly back to 10 at stage 7. 
Truck arcs during this sortie: 1--->1--->8--->4--->10
Truck travel time from stage 3 to 7 is: 12.8059
Total drone travel time: 11.2128
Customer 7 served by drone.
Drone fly from 10 at stage 7 to serve 7 and then fly back to 5 at stage 9. 
Truck arcs during this sortie: 10--->10--->5
Truck travel time from stage 7 to 9 is: 11.4906
Total drone travel time: 7.52799
Customer 9 served by drone.
Drone fly from 0 at stage 1 to serve 9 and then fly back to 1 at stage 3. 
Truck arcs during this sortie: 0--->6--->1
Truck travel time from stage 1 to 3 is: 8.14596
Total drone travel time: 7.68212
Customer 3 served, start stage = 3, end stage = 7
Wait time for this sortie: 0
Customer 7 served, start stage = 7, end stage = 9
Wait time for this sortie: 0
Customer 9 served, start stage = 1, end stage = 3
Wait time for this sortie: 0
Printing Y(k,i,h):
Y[1][0][9] == 1
Y[3][1][3] == 1
Y[7][10][7] == 1
Done!
-------------------------Re-calculated objective-----------------------
49.2043
------------------------------------------------------------------------
Solve time: 76.767
Node 1 was revisited 1 times!
Node 10 was revisited 1 times!
OBJECTIVE VALUE: 49.2043, NUMBER OF SORTIES: 0.
Number of loop(s):0
Number of revisit: 2
In write mode
