Instance name: /home/orlab/CLionProjects/RV-FSTSP/Murray_instances/FSTSP/FSTSP_10_customer_problems/20140810T123443v4
Write arg val: 1
Input is specified as type M: Murray instance.-.-.-.-.-.-.-.-.-.-.-.-.-.-.-.-.-.-.-.-

drone speed: 0.2 miles/minute
uav non-eligible customer: 4 8 
Printing tau:
0 20.1617 17.555 24.7489 26.848 22.0899 22.0816 22.3793 17.0796 19.5667 16.3153 0 
20.1617 0 8.59672 16.5872 14.8463 1.92825 1.9199 7.49765 3.32128 11.405 7.04299 20.1617 
17.555 8.59672 0 25.184 23.443 8.42508 9.39342 16.0944 11.7546 20.0018 15.6397 17.555 
24.7489 16.5872 25.184 0 20.0769 16.7589 15.7905 15.6083 13.4294 5.1822 10.0243 24.7489 
26.848 14.8463 23.443 20.0769 0 15.0179 14.0496 7.34864 11.6884 17.2947 10.5327 26.848 
22.0899 1.92825 8.42508 16.7589 15.0179 0 0.968346 7.66929 5.01036 12.5367 7.21463 22.0899 
22.0816 1.9199 9.39342 15.7905 14.0496 0.968346 0 6.70095 5.00201 12.5283 6.24629 22.0816 
22.3793 7.49765 16.0944 15.6083 7.34864 7.66929 6.70095 0 5.29976 12.8261 6.06403 22.3793 
17.0796 3.32128 11.7546 13.4294 11.6884 5.01036 5.00201 5.29976 0 8.24716 3.8851 17.0796 
19.5667 11.405 20.0018 5.1822 17.2947 12.5367 12.5283 12.8261 8.24716 0 6.76206 19.5667 
16.3153 7.04299 15.6397 10.0243 10.5327 7.21463 6.24629 6.06403 3.8851 6.76206 0 16.3153 
0 0 0 0 0 0 0 0 0 0 0 0 
Printing tau_prime:
0 25.6338 20.6951 30.2388 41.6697 27.6839 28.0835 32.1898 24.1478 25.6613 26.283 0 
25.6338 0 10.5868 25.1232 19.1891 2.28145 2.44971 9.21448 5.20038 18.3566 9.45738 25.6338 
20.6951 10.5868 0 32.2862 29.7194 11.276 12.2886 19.8012 13.8643 25.3886 18.4894 20.6951 
30.2388 25.1232 32.2862 0 23.7497 26.7584 25.9207 21.2864 19.9518 6.93179 15.9071 30.2388 
41.6697 19.1891 29.7194 23.7497 0 18.5658 17.4845 10.136 17.9521 20.7816 15.4483 41.6697 
27.6839 2.28145 11.276 26.7584 18.5658 0 1.14125 9.04478 7.08965 20.1104 10.8907 27.6839 
28.0835 2.44971 12.2886 25.9207 17.4845 1.14125 0 7.90494 6.51871 19.3468 10.0185 28.0835 
32.1898 9.21448 19.8012 21.2864 10.136 9.04478 7.90494 0 8.07267 15.8016 7.16659 32.1898 
24.1478 5.20038 13.8643 19.9518 17.9521 7.08965 6.51871 8.07267 0 13.1583 4.66638 24.1478 
25.6613 18.3566 25.3886 6.93179 20.7816 20.1104 19.3468 15.8016 13.1583 0 9.48339 25.6613 
26.283 9.45738 18.4894 15.9071 15.4483 10.8907 10.0185 7.16659 4.66638 9.48339 0 26.283 
0 0 0 0 0 0 0 0 0 0 0 0 
---------------------------------------------------------------
Current config:
- Number of threads = 1
- Drone endurance = 20
- SL = 1
- SR = 1
- L = 1
- Allow loop = 1
- Allow revisit = 1
- Allow multi-visit drone = 0
- Use TSP optimal solution as warmstart: = 0
- Use cutting plane method: = 0
- Use CPLEX conflict refiner: = 0
---------------------------------------------------------------
---------------------------------------------
Calculate max stage gap for sortie.... 
Stage gap calculation consumes too much memory. No constraint was added.
---------------------------------------------
Warning:  Output names have been modified due to duplicate names or characters invalid in LP format.
Version identifier: 22.1.1.0 | 2022-11-28 | 9160aff4d
CPXPARAM_Threads                                 1
CPXPARAM_TimeLimit                               3600
CPXPARAM_WorkMem                                 24576
Tried aggregator 2 times.
MIP Presolve eliminated 2094 rows and 2654 columns.
MIP Presolve modified 1561 coefficients.
Aggregator did 46 substitutions.
Reduced MIP has 771 rows, 2468 columns, and 57875 nonzeros.
Reduced MIP has 2413 binaries, 0 generals, 0 SOSs, and 0 indicators.
Presolve time = 0.06 sec. (109.77 ticks)
Found incumbent of value 166.700970 after 0.09 sec. (156.65 ticks)
Probing time = 0.00 sec. (8.04 ticks)
Cover probing fixed 1 vars, tightened 55 bounds.
Tried aggregator 2 times.
Detecting symmetries...
MIP Presolve eliminated 8 rows and 1 columns.
Aggregator did 8 substitutions.
Reduced MIP has 755 rows, 2459 columns, and 57653 nonzeros.
Reduced MIP has 2404 binaries, 0 generals, 0 SOSs, and 0 indicators.
Presolve time = 0.03 sec. (34.01 ticks)
Probing time = 0.00 sec. (7.69 ticks)
Clique table members: 28436.
MIP emphasis: balance optimality and feasibility.
MIP search method: dynamic search.
Parallel mode: none, using 1 thread.
Root relaxation solution time = 0.06 sec. (140.04 ticks)

        Nodes                                         Cuts/
   Node  Left     Objective  IInf  Best Integer    Best Bound    ItCnt     Gap

*     0+    0                          166.7010        0.0000           100.00%
      0     0       30.1958   322      166.7010       30.1958     2062   81.89%
      0     0       64.8048   200      166.7010      Cuts: 40     3078   61.13%
      0     0       68.0651   207      166.7010      Cuts: 25     3729   59.17%
      0     0       68.7587   272      166.7010       Cuts: 9     4112   58.75%
*     0+    0                          160.2891       68.7587            57.10%
      0     0       69.2590   275      160.2891       Cuts: 7     4415   56.79%
      0     0       69.4648   287      160.2891      Cuts: 13     4781   56.66%
Detecting symmetries...
      0     0       69.6255   310      160.2891       Cuts: 8     5129   56.56%
      0     0       70.3262   231      160.2891      Cuts: 13     5829   56.13%
      0     0       72.1041   252      160.2891      Cuts: 22     6472   55.02%
      0     0       72.6593   235      160.2891       Cuts: 7     7152   54.67%
      0     0       72.8852   232      160.2891       Cuts: 8     7372   54.53%
      0     0       73.0403   261      160.2891      Cuts: 17     7871   54.43%
      0     0       73.2560   272      160.2891      Cuts: 11     8193   54.30%
      0     0       73.3232   294      160.2891       Cuts: 9     8660   54.26%
      0     0       73.6005   280      160.2891      Cuts: 11     9084   54.08%
      0     0       73.7078   285      160.2891       Cuts: 6     9571   54.02%
      0     0       73.8632   268      160.2891       Cuts: 8    10214   53.92%
      0     0       73.9229   281      160.2891       Cuts: 7    10703   53.88%
      0     0       74.0982   338      160.2891      Cuts: 11    11427   53.77%
      0     0       74.7284   313      160.2891       Cuts: 5    12372   53.38%
      0     0       74.7701   311      160.2891       Cuts: 3    12815   53.35%
      0     0       75.0942   295      160.2891       Cuts: 5    13204   53.15%
      0     0       75.2657   300      160.2891       Cuts: 5    13869   53.04%
      0     0       75.5068   313      160.2891      Cuts: 11    14462   52.89%
      0     0       75.5459   307      160.2891      Cuts: 10    15144   52.87%
      0     0       75.5543   311      160.2891       Cuts: 6    15376   52.86%
*     0+    0                          131.1316       75.5543            42.38%
*     0+    0                          103.0446       75.5543            26.68%
*     0+    0                          102.9533       75.5543            26.61%
      0     0  -1.00000e+75     0      102.9533       75.5543    15376   26.61%
Detecting symmetries...
      0     2       75.5543   308      102.9533       75.5545    15376   26.61%
Elapsed time = 1.66 sec. (3766.16 ticks, tree = 0.01 MB, solutions = 5)
      4     6       75.6508   311      102.9533       75.5689    18935   26.60%
      6     8       83.9367   138      102.9533       75.5689    24050   26.60%
     17    19       85.6662    77      102.9533       75.5689    26652   26.60%
     34    32       91.9985   120      102.9533       75.5689    30422   26.60%
*    40+   24                           96.1886       75.5689            21.44%
     43    29       83.6787   134       96.1886       75.6532    33248   21.35%
     69    48       95.7217    38       96.1886       75.6532    37396   21.35%
     75    50       75.9764   282       96.1886       75.6550    40048   21.35%
     78    53       76.2942   280       96.1886       75.6550    42549   21.35%
     80    55       76.5477   274       96.1886       75.6550    44395   21.35%
    100    75       79.2685   245       96.1886       75.6550    54680   21.35%
Elapsed time = 3.02 sec. (7637.73 ticks, tree = 0.25 MB, solutions = 6)
    137   112       88.4873   133       96.1886       75.6550    65158   21.35%
    178   149       80.9183   225       96.1886       75.8297    79890   21.17%
    215   186       94.0579   151       96.1886       75.8297    95053   21.17%
    244   211       82.3530   169       96.1886       75.8570   109281   21.14%
    273   240       91.1038   106       96.1886       75.8570   121432   21.14%
    303   266       83.8487   166       96.1886       75.9841   134444   21.01%
    337   296       84.4210   133       96.1886       76.0935   148144   20.89%
    393   346       77.7599   232       96.1886       76.1919   162389   20.79%
    426   379       92.1110   204       96.1886       76.1919   174691   20.79%
    444   393       84.1020   185       96.1886       76.3132   184041   20.66%
Elapsed time = 6.64 sec. (17461.57 ticks, tree = 1.03 MB, solutions = 6)
    500   445       90.6526   167       96.1886       76.4111   202483   20.56%

Performing restart 1

Repeating presolve.
Tried aggregator 1 time.
MIP Presolve eliminated 2 rows and 128 columns.
MIP Presolve modified 1536 coefficients.
Reduced MIP has 753 rows, 2331 columns, and 55487 nonzeros.
Reduced MIP has 2276 binaries, 0 generals, 0 SOSs, and 0 indicators.
Presolve time = 0.03 sec. (53.92 ticks)
Tried aggregator 1 time.
MIP Presolve eliminated 0 rows and 8 columns.
MIP Presolve modified 3 coefficients.
Reduced MIP has 753 rows, 2323 columns, and 55234 nonzeros.
Reduced MIP has 2268 binaries, 0 generals, 0 SOSs, and 0 indicators.
Presolve time = 0.03 sec. (39.92 ticks)
Represolve time = 0.21 sec. (647.19 ticks)
    523     0       75.6532   334       96.1886      Cuts: 25   217208   20.41%
    523     0       76.2562   311       96.1886      Cuts: 23   218221   20.41%
    523     0       76.2931   316       96.1886      Cuts: 24   218869   20.41%
    523     0       76.4417   306       96.1886      Cuts: 23   219773   20.41%
    523     0       76.6019   298       96.1886      Cuts: 22   220321   20.36%
    523     0       76.6437   287       96.1886      Cuts: 14   220845   20.32%
    523     0       76.6661   299       96.1886      Cuts: 20   221239   20.30%
    523     0       76.6737   333       96.1886      Cuts: 18   221490   20.29%
    523     0       76.6847   348       96.1886      Cuts: 19   221702   20.28%
    523     0       76.6899   340       96.1886      Cuts: 24   221877   20.27%
    523     0       76.6901   344       96.1886       Cuts: 2   221907   20.27%
    523     0       76.6945   339       96.1886       Cuts: 2   222058   20.27%
    523     0       76.7107   334       96.1886   ZeroHalf: 2   222240   20.25%
    523     2       76.7107   334       96.1886       76.7107   222240   20.25%
    524     3       77.1882   253       96.1886       77.1916   223466   19.75%
    525     4       83.3067    98       96.1886       77.1916   225159   19.75%
    526     5       78.1258   271       96.1886       77.2000   226690   19.74%
    527     6       78.2162   270       96.1886       77.2000   227065   19.74%
    528     7       78.2367   266       96.1886       77.2000   227510   19.74%
    529     8       78.3679   265       96.1886       77.2000   229293   19.74%
    530     9       89.1643    95       96.1886       77.2000   231233   19.74%
    531    10       78.4921   243       96.1886       77.2000   231841   19.74%
Elapsed time = 16.94 sec. (47763.13 ticks, tree = 0.04 MB, solutions = 6)
    532    11       78.8126   251       96.1886       77.2000   232997   19.74%
    533    12       79.2323   229       96.1886       77.2000   235622   19.74%
    534    12       84.0251   184       96.1886       77.2000   237443   19.74%
    537    15       84.5822   183       96.1886       77.2000   238588   19.74%
    538    15       87.0021   137       96.1886       77.2000   240312   19.74%
    547    18       88.2678   114       96.1886       77.2000   242046   19.74%
    558    23       91.2516   104       96.1886       77.2000   244152   19.74%
*   559    22      integral     0       95.4239       77.2000   244314   19.10%
    573    25       95.1310   107       95.4239       77.2000   245280   19.10%
    577    25       90.0377   108       95.4239       78.1287   247872   18.12%
Elapsed time = 20.99 sec. (59337.19 ticks, tree = 0.12 MB, solutions = 7)
    584    28       90.9981   152       95.4239       78.1287   248970   18.12%
    590    27      108.4598   136       95.4239       78.2256   252021   18.02%
    591    27       84.8887   156       95.4239       78.5096   254130   17.73%
    594    29       91.7085   181       95.4239       78.5096   256179   17.73%
    598    30       92.3935   194       95.4239       78.5096   257008   17.73%
    611    36       93.6502   149       95.4239       78.5096   258789   17.73%
    622    40       94.2902   172       95.4239       78.5096   261019   17.73%
    633    42       88.6935   153       95.4239       79.2327   264297   16.97%
    642    46       92.4189   174       95.4239       79.2327   266789   16.97%
*   646    47      integral     0       95.0945       79.2327   267268   16.68%
    683    67       79.5297   258       95.0945       79.3270   271537   16.58%
Elapsed time = 25.58 sec. (72026.93 ticks, tree = 0.27 MB, solutions = 8)
    687    70       81.0748   235       95.0945       79.3270   274633   16.58%
    698    76       93.2378   127       95.0945       79.3270   278442   16.58%
    709    80       88.0805   125       95.0945       79.5714   281882   16.32%
    721    85        cutoff             95.0945       79.5714   285965   16.32%
    728    88       87.7382   167       95.0945       79.7351   290115   16.15%
    739    93       82.8780   128       95.0945       80.7244   294829   15.11%
    763   114       87.6443   135       95.0945       80.7244   299288   15.11%
    783   124       90.9963   110       95.0945       80.7704   303103   15.06%
    810   134       82.8406   189       95.0945       81.8820   309339   13.89%
    845   160       88.5871    92       95.0945       82.4259   314916   13.32%
Elapsed time = 29.29 sec. (82383.66 ticks, tree = 0.39 MB, solutions = 8)
    862   171       90.6869    86       95.0945       82.8423   319324   12.88%
    898   177       92.6441   143       95.0945       83.3304   327270   12.37%
    915   184       87.3518   158       95.0945       83.3650   331705   12.33%
    950   194       93.5194   151       95.0945       84.0685   339732   11.59%
    994   214       89.2247   235       95.0945       84.3557   349041   11.29%
   1025   232       97.3692   136       95.0945       84.5225   357717   11.12%
   1048   242       91.8217   194       95.0945       84.8924   365451   10.73%
   1059   242       91.1794    83       95.0945       84.9499   371161   10.67%
   1068   240       91.7309   147       95.0945       85.4434   374060   10.15%
   1077   237       92.1753    81       95.0945       85.5698   376989   10.02%
Elapsed time = 32.89 sec. (92440.60 ticks, tree = 0.49 MB, solutions = 8)
   1091   237        cutoff             95.0945       85.8665   380271    9.70%
   1100   236       94.1443   113       95.0945       86.0648   386086    9.50%
   1111   234       90.9292   139       95.0945       86.2310   389508    9.32%
   1118   241       92.4752    76       95.0945       86.2310   391337    9.32%
   1137   236        cutoff             95.0945       86.7495   395974    8.78%
   1157   247       87.6781   131       95.0945       86.8156   398523    8.71%
   1165   250       91.6603   123       95.0945       87.1110   400522    8.40%
   1177   249       92.5598    92       95.0945       87.2631   404865    8.24%
   1203   251       89.4954   105       95.0945       87.7357   407870    7.74%
   1209   257       90.9511    96       95.0945       87.7357   409527    7.74%
Elapsed time = 36.37 sec. (102813.99 ticks, tree = 0.53 MB, solutions = 8)
   1255   273       92.0502    76       95.0945       88.5556   417154    6.88%
*  1287    35      integral     0       90.1439       89.1643   421363    1.09%

GUB cover cuts applied:  7
Clique cuts applied:  2
Implied bound cuts applied:  12
Mixed integer rounding cuts applied:  1
Zero-half cuts applied:  39
Lift and project cuts applied:  22
Gomory fractional cuts applied:  5

Root node processing (before b&c):
  Real time             =    1.64 sec. (3689.44 ticks)
Sequential b&c:
  Real time             =   35.40 sec. (100993.25 ticks)
                          ------------
Total (root+branch&cut) =   37.04 sec. (104682.69 ticks)
Feasible solution found!
Truck nodes:
Stage 1 at customer 0 with arrival time is: 
Stage 2 at customer 2 with arrival time is: 
Stage 3 at customer 5 with arrival time is: 
Stage 4 at customer 6 with arrival time is: 
Stage 5 at customer 1 with arrival time is: 
Stage 6 at customer 8 with arrival time is: 
Stage 7 at customer 7 with arrival time is: 
Stage 8 at customer 4 with arrival time is: 
Stage 9 at customer 10 with arrival time is: 
Stage 10 at customer 3 with arrival time is: 
Stage 11 at customer 9 with arrival time is: 
Stage 12 at customer 11 with arrival time is: 
Truck arcs:
Arc 1 connecting 0 and 2 with cost 17.555 
Arc 2 connecting 2 and 5 with cost 8.42508 
Arc 3 connecting 5 and 6 with cost 0.968346 
Arc 4 connecting 6 and 1 with cost 1.9199 
Arc 5 connecting 1 and 8 with cost 3.32128 
Arc 6 connecting 8 and 7 with cost 5.29976 
Arc 7 connecting 7 and 4 with cost 7.34864 
Arc 8 connecting 4 and 10 with cost 10.5327 
Arc 9 connecting 10 and 3 with cost 10.0243 
Arc 10 connecting 3 and 9 with cost 5.1822 
Arc 11 connecting 9 and 11 with cost 19.5667 
Printing Y(k,i,h):
Done!
-------------------------Re-calculated objective-----------------------
90.1439
------------------------------------------------------------------------
Solve time: 37.039
OBJECTIVE VALUE: 90.1439, NUMBER OF SORTIES: 0.
Number of loop(s):0
Number of revisit: 0
In write mode
