Instance name: /home/orlab/CLionProjects/RV-FSTSP/Murray_instances/FSTSP/FSTSP_10_customer_problems/20140810T123443v7
Write arg val: 1
Input is specified as type M: Murray instance.-.-.-.-.-.-.-.-.-.-.-.-.-.-.-.-.-.-.-.-

drone speed: 0.4 miles/minute
uav non-eligible customer: 4 8 
Printing tau:
0 13.7617 11.155 18.3489 20.448 15.6899 15.6816 15.9793 10.6796 13.1667 9.91531 0 
13.7617 0 8.59672 16.5872 14.8463 1.92825 1.9199 7.49765 3.32128 11.405 7.04299 13.7617 
11.155 8.59672 0 25.184 23.443 8.42508 9.39342 16.0944 11.7546 20.0018 15.6397 11.155 
18.3489 16.5872 25.184 0 20.0769 16.7589 15.7905 15.6083 13.4294 5.1822 10.0243 18.3489 
20.448 14.8463 23.443 20.0769 0 15.0179 14.0496 7.34864 11.6884 17.2947 10.5327 20.448 
15.6899 1.92825 8.42508 16.7589 15.0179 0 0.968346 7.66929 5.01036 12.5367 7.21463 15.6899 
15.6816 1.9199 9.39342 15.7905 14.0496 0.968346 0 6.70095 5.00201 12.5283 6.24629 15.6816 
15.9793 7.49765 16.0944 15.6083 7.34864 7.66929 6.70095 0 5.29976 12.8261 6.06403 15.9793 
10.6796 3.32128 11.7546 13.4294 11.6884 5.01036 5.00201 5.29976 0 8.24716 3.8851 10.6796 
13.1667 11.405 20.0018 5.1822 17.2947 12.5367 12.5283 12.8261 8.24716 0 6.76206 13.1667 
9.91531 7.04299 15.6397 10.0243 10.5327 7.21463 6.24629 6.06403 3.8851 6.76206 0 9.91531 
0 0 0 0 0 0 0 0 0 0 0 0 
Printing tau_prime:
0 9.8104 9.25073 12.9773 18.6272 11.1513 11.2352 13.059 8.31432 9.57356 9.37646 0 
9.8104 0 6.3521 15.0739 11.5134 1.36887 1.46982 5.52869 3.12023 11.0139 5.67443 9.8104 
9.25073 6.3521 0 19.3717 17.8316 6.76563 7.37314 11.8807 8.31856 15.2332 11.0936 9.25073 
12.9773 15.0739 19.3717 0 14.2498 16.055 15.5524 12.7718 11.9711 4.15908 9.54426 12.9773 
18.6272 11.5134 17.8316 14.2498 0 11.1395 10.4907 6.08158 10.7713 12.469 9.269 18.6272 
11.1513 1.36887 6.76563 16.055 11.1395 0 0.684749 5.42687 4.25379 12.0662 6.53442 11.1513 
11.2352 1.46982 7.37314 15.5524 10.4907 0.684749 0 4.74296 3.91122 11.6081 6.01108 11.2352 
13.059 5.52869 11.8807 12.7718 6.08158 5.42687 4.74296 0 4.8436 9.48094 4.29995 13.059 
8.31432 3.12023 8.31856 11.9711 10.7713 4.25379 3.91122 4.8436 0 7.89497 2.79983 8.31432 
9.57356 11.0139 15.2332 4.15908 12.469 12.0662 11.6081 9.48094 7.89497 0 5.69004 9.57356 
9.37646 5.67443 11.0936 9.54426 9.269 6.53442 6.01108 4.29995 2.79983 5.69004 0 9.37646 
0 0 0 0 0 0 0 0 0 0 0 0 
---------------------------------------------------------------
Current config:
- Number of threads = 1
- Drone endurance = 20
- SL = 1
- SR = 1
- L = 1
- Allow loop = 1
- Allow revisit = 1
- Allow multi-visit drone = 0
- Use TSP optimal solution as warmstart: = 0
- Use cutting plane method: = 0
- Use CPLEX conflict refiner: = 0
---------------------------------------------------------------
---------------------------------------------
Calculate max stage gap for sortie.... 
Stage gap calculation consumes too much memory. No constraint was added.
---------------------------------------------
Warning:  Output names have been modified due to duplicate names or characters invalid in LP format.
Version identifier: 22.1.1.0 | 2022-11-28 | 9160aff4d
CPXPARAM_Threads                                 1
CPXPARAM_TimeLimit                               3600
CPXPARAM_WorkMem                                 24576
Tried aggregator 3 times.
MIP Presolve eliminated 1014 rows and 1782 columns.
MIP Presolve modified 2140 coefficients.
Aggregator did 32 substitutions.
Reduced MIP has 881 rows, 3354 columns, and 76441 nonzeros.
Reduced MIP has 3288 binaries, 0 generals, 0 SOSs, and 0 indicators.
Presolve time = 0.08 sec. (147.21 ticks)
Found incumbent of value 127.102298 after 0.11 sec. (188.13 ticks)
Probing time = 0.01 sec. (10.35 ticks)
Cover probing fixed 4 vars, tightened 66 bounds.
Tried aggregator 2 times.
Detecting symmetries...
MIP Presolve eliminated 10 rows and 4 columns.
Aggregator did 9 substitutions.
Reduced MIP has 862 rows, 3341 columns, and 76131 nonzeros.
Reduced MIP has 3275 binaries, 0 generals, 0 SOSs, and 0 indicators.
Presolve time = 0.04 sec. (46.19 ticks)
Probing time = 0.00 sec. (10.92 ticks)
Clique table members: 38608.
MIP emphasis: balance optimality and feasibility.
MIP search method: dynamic search.
Parallel mode: none, using 1 thread.
Root relaxation solution time = 0.13 sec. (335.11 ticks)

        Nodes                                         Cuts/
   Node  Left     Objective  IInf  Best Integer    Best Bound    ItCnt     Gap

*     0+    0                          127.1023      -11.0000           108.65%
      0     0       21.7991   312      127.1023       21.7991     4027   82.85%
      0     0       43.5895   170      127.1023      Cuts: 37     5392   65.71%
      0     0       51.1426   269      127.1023      Cuts: 29     6951   59.76%
      0     0       51.3114   265      127.1023      Cuts: 18     7535   59.63%
*     0+    0                           86.8586       51.3114            40.93%
      0     0       51.9812   264       86.8586      Cuts: 16     9895   40.15%
      0     0       52.0722   263       86.8586      Cuts: 11    10094   40.05%
Detecting symmetries...
      0     0       52.1532   249       86.8586       Cuts: 6    10624   39.96%
      0     0       52.3399   276       86.8586      Cuts: 14    11184   39.74%
      0     0       52.3562   348       86.8586      Cuts: 22    12257   39.72%
      0     0       52.4688   279       86.8586       Cuts: 9    12616   39.59%
      0     0       52.4688   289       86.8586       Cuts: 6    12901   39.59%
      0     0       52.5089   279       86.8586       Cuts: 5    13245   39.55%
      0     0       52.5507   265       86.8586      Cuts: 16    13766   39.50%
      0     0       52.5728   259       86.8586   ZeroHalf: 7    13930   39.47%
      0     0       52.6224   290       86.8586   ZeroHalf: 6    14229   39.42%
      0     0       52.6247   291       86.8586   ZeroHalf: 4    14482   39.41%
*     0+    0                           84.2094       52.6247            37.51%
      0     0  -1.00000e+75     0       84.2094       52.6247    14482   37.51%
Detecting symmetries...
      0     2       52.6247   284       84.2094       52.6247    14484   37.51%
Elapsed time = 1.83 sec. (4047.97 ticks, tree = 0.01 MB, solutions = 3)
      2     4       53.6253   212       84.2094       52.6340    17471   37.50%
      4     6       54.5460   218       84.2094       52.9145    20243   37.16%
      7     9       54.7527   204       84.2094       52.9145    23625   37.16%
     10    12       55.7673   169       84.2094       52.9145    25438   37.16%
     16    18       61.3935   114       84.2094       52.9145    29071   37.16%
     35    37       67.4453    62       84.2094       52.9145    32855   37.16%
     75    59       53.0028   319       84.2094       53.0028    37977   37.06%
     77    61       53.5642   246       84.2094       53.3434    40401   36.65%
     82    66       54.1963   168       84.2094       53.3434    43608   36.65%
    132   109       58.3347   190       84.2094       53.6253    56470   36.32%
Elapsed time = 3.15 sec. (7784.29 ticks, tree = 0.29 MB, solutions = 3)
    174   146       53.6253   206       84.2094       53.6253    69057   36.32%
    200   172       61.4675   152       84.2094       53.6253    80821   36.32%
    217   189       67.4241   149       84.2094       53.6253    92730   36.32%
    242   210       58.3022   134       84.2094       53.6253   105342   36.32%
    284   248       57.3237   184       84.2094       53.6253   117618   36.32%
    304   268       63.0322   114       84.2094       53.6253   127082   36.32%
    343   303       60.9760   201       84.2094       53.6691   140541   36.27%
    366   322       56.3235   207       84.2094       53.6737   152723   36.26%
    381   337       61.3009   225       84.2094       53.6737   160263   36.26%
    397   353       71.6256   152       84.2094       53.6737   172862   36.26%
Elapsed time = 6.67 sec. (17860.28 ticks, tree = 0.76 MB, solutions = 3)
    426   382       81.4845   161       84.2094       53.6737   186827   36.26%
    478   420       59.5715   103       84.2094       53.7265   200374   36.20%
    504   440       53.7335   213       84.2094       53.7425   213745   36.18%
    517   453       56.1035   178       84.2094       53.7425   227432   36.18%
    525   461       62.9312   110       84.2094       53.7425   234110   36.18%
    552   474       57.8562   208       84.2094       53.7625   246993   36.16%
    564   486       61.9425   145       84.2094       53.7625   256331   36.16%
    584   504        cutoff             84.2094       53.7625   269550   36.16%
    603   520       59.5113   164       84.2094       53.8071   277927   36.10%
    637   548       61.8822   123       84.2094       53.9186   289921   35.97%
Elapsed time = 10.14 sec. (27828.94 ticks, tree = 1.13 MB, solutions = 3)
    689   596       57.9189   124       84.2094       53.9883   304331   35.89%
    713   620       72.9109    71       84.2094       53.9883   316867   35.89%
    749   644       60.5453   133       84.2094       54.1963   326630   35.64%
    832   699       56.1172   179       84.2094       54.4513   338756   35.34%
    876   737       62.5851   153       84.2094       54.4902   352126   35.29%
    964   818       56.9019   212       84.2094       54.5521   364103   35.22%
*   980+  831                           84.1057       54.5521            35.14%
    988   841       68.1280    80       84.1057       54.5521   376525   35.14%
*  1000+  772                           81.2502       54.5521            32.86%
   1013   783       64.8566   124       81.2502       54.5521   382638   32.86%
   1043   810       55.4175   218       81.2502       54.5584   389512   32.85%
   1060   827       64.8384   131       81.2502       54.5584   401421   32.85%
Elapsed time = 13.55 sec. (37616.68 ticks, tree = 1.63 MB, solutions = 5)
   1087   854       79.1805    60       81.2502       54.5584   416146   32.85%
*  1100+  600                           72.4124       54.5584            24.66%
   1110   610       70.7627   111       72.4124       54.5584   427455   24.66%
   1153   643       58.2287   143       72.4124       54.5959   439522   24.60%

Performing restart 1

Repeating presolve.
Tried aggregator 1 time.
MIP Presolve eliminated 4 rows and 132 columns.
MIP Presolve modified 676 coefficients.
Reduced MIP has 858 rows, 3209 columns, and 72533 nonzeros.
Reduced MIP has 3143 binaries, 0 generals, 0 SOSs, and 0 indicators.
Presolve time = 0.05 sec. (88.23 ticks)
Tried aggregator 1 time.
MIP Presolve modified 40 coefficients.
Reduced MIP has 858 rows, 3209 columns, and 72533 nonzeros.
Reduced MIP has 3143 binaries, 0 generals, 0 SOSs, and 0 indicators.
Presolve time = 0.03 sec. (45.74 ticks)
Represolve time = 0.16 sec. (272.66 ticks)
   1210     0       51.9357   284       72.4124      Cuts: 24   456420   24.43%
   1210     0       52.0110   264       72.4124      Cuts: 24   456915   24.43%
   1210     0       52.0585   312       72.4124      Cuts: 21   457656   24.43%
*  1210+    0                           67.1246       54.7251            18.47%
*  1210+    0                           65.5227       54.7251            16.48%
   1210     0       52.1156   272       65.5227      Cuts: 11   458152   16.48%
   1210     0       52.1630   296       65.5227      Cuts: 19   459401   16.48%
   1210     0       52.2403   295       65.5227      Cuts: 23   460822   16.48%
   1210     0       52.3766   253       65.5227      Cuts: 19   461148   16.48%
   1210     0       52.4284   273       65.5227      Cuts: 29   461757   16.48%
   1210     2       52.4284   264       65.5227       54.7251   461757   16.48%
   1211     3       52.6013   266       65.5227       54.7251   463100   16.48%
   1212     3       53.0407   314       65.5227       54.7251   463726   16.48%
   1213     4       53.0410   265       65.5227       54.7251   464501   16.48%
   1214     4       53.8186   265       65.5227       54.7251   464855   16.48%
   1215     5       53.8632   253       65.5227       54.7251   466131   16.48%
   1216     5       54.5199   274       65.5227       54.7251   467653   16.48%
Elapsed time = 24.33 sec. (67983.96 ticks, tree = 0.02 MB, solutions = 8)
   1217     6       54.5199   258       65.5227       54.7251   468789   16.48%
   1218     7       55.2102   280       65.5227       54.7251   469682   16.48%
   1220     8       64.5190   158       65.5227       54.7251   471896   16.48%
   1222     9       65.4351   164       65.5227       54.7251   473911   16.48%
   1223     9       65.5050   209       65.5227       54.7251   475428   16.48%
   1224     9       65.5163   118       65.5227       54.7251   475827   16.48%
   1225     8       69.3401   166       65.5227       54.7251   476550   16.48%
   1226     9       61.7350   150       65.5227       54.7251   479779   16.48%
   1229    11       62.8035   108       65.5227       54.7251   481436   16.48%
   1232    12       64.3720   106       65.5227       54.7251   481978   16.48%
Elapsed time = 30.67 sec. (85297.80 ticks, tree = 0.06 MB, solutions = 8)
   1237    13       64.8791   122       65.5227       54.7251   483799   16.48%
   1248    14       61.7350   140       65.5227       54.7251   487409   16.48%
   1254    16       61.7377   131       65.5227       54.7251   488099   16.48%
   1258    19       62.2971   109       65.5227       54.7251   489626   16.48%
   1263    23       63.5103    90       65.5227       54.7251   492021   16.48%
   1269    27       63.8674    97       65.5227       54.7251   493669   16.48%
   1276    29       55.0387   225       65.5227       54.7251   497061   16.48%
   1278    30       56.2358   192       65.5227       54.7251   499361   16.48%
   1280    31       56.6362   224       65.5227       54.7251   500640   16.48%
   1284    35       58.7820   217       65.5227       54.7251   503970   16.48%
Elapsed time = 35.92 sec. (99741.69 ticks, tree = 0.11 MB, solutions = 8)
   1289    38       61.2901   201       65.5227       54.7251   507093   16.48%
   1296    40       59.1171   211       65.5227       55.0758   510415   15.94%
   1299    42       62.0004   166       65.5227       55.0758   514912   15.94%
   1307    48       63.4856    86       65.5227       55.0758   517717   15.94%
   1319    53       64.8372   140       65.5227       55.0758   522025   15.94%
   1330    58       63.3114   126       65.5227       55.3902   525960   15.46%
   1357    66       56.1949   291       65.5227       55.6805   530072   15.02%
   1359    67       58.7118   273       65.5227       55.6805   533319   15.02%
   1362    69       58.9877   252       65.5227       55.6805   534923   15.02%
   1368    71       59.9204   198       65.5227       55.6805   537399   15.02%
Elapsed time = 40.73 sec. (112831.04 ticks, tree = 0.20 MB, solutions = 8)
   1374    74       64.2497   122       65.5227       55.6805   540673   15.02%
   1389    80       63.2792   105       65.5227       55.9964   545794   14.54%
   1399    81       60.6224   203       65.5227       56.1949   549649   14.24%
   1408    84       61.6949   154       65.5227       56.1949   552566   14.24%
   1423    94       62.7337   141       65.5227       56.1949   554526   14.24%
   1432    97       56.4568   270       65.5227       56.3294   558098   14.03%
   1443   104       63.8225   154       65.5227       56.3294   562004   14.03%
   1459   111       64.7501    98       65.5227       56.3294   565745   14.03%
   1484   121       56.7940   254       65.5227       56.4953   571640   13.78%
   1492   126       59.3338   237       65.5227       56.4953   575538   13.78%
Elapsed time = 45.15 sec. (124940.08 ticks, tree = 0.28 MB, solutions = 8)
   1498   130       60.1752   181       65.5227       56.4953   578209   13.78%
   1502   128       63.2421   207       65.5227       56.6596   581826   13.53%
   1506   132       63.8811   115       65.5227       56.6596   583371   13.53%
   1513   136       61.4007   152       65.5227       57.1990   586663   12.70%
   1517   139       62.3779   159       65.5227       57.1990   587837   12.70%
   1526   143       63.9243   142       65.5227       57.2390   591094   12.64%
   1532   144       64.5407   132       65.5227       57.2390   592499   12.64%
   1560   158       61.4572   174       65.5227       58.1671   599223   11.23%
   1585   172       64.8706    82       65.5227       58.1671   604579   11.23%
   1637   187       59.2122   170       65.5227       59.1587   619568    9.71%
Elapsed time = 49.99 sec. (138282.56 ticks, tree = 0.38 MB, solutions = 8)
   1668   198       64.4289   140       65.5227       59.7214   635757    8.85%
   1732   226       61.2494   167       65.5227       59.8592   657206    8.64%
   1819   265       64.0275   147       65.5227       60.6224   683503    7.48%
   1918   327       63.8265    75       65.5227       61.2601   707183    6.51%
   2016   367       61.4847   179       65.5227       61.4236   727822    6.26%
   2120   418       64.6144   104       65.5227       61.6450   756827    5.92%
   2201   452       63.4486   155       65.5227       61.7020   779994    5.83%
   2279   484       63.5103    53       65.5227       61.7350   805038    5.78%
   2402   540       63.5837    86       65.5227       61.7931   829412    5.69%
   2576   644       65.4402    58       65.5227       61.8166   858001    5.66%
Elapsed time = 64.34 sec. (176973.80 ticks, tree = 1.21 MB, solutions = 8)
   2640   670       64.2909   105       65.5227       61.8413   879105    5.62%
   2736   688       63.9051    83       65.5227       61.9990   903634    5.38%
   2868   742       63.5103    63       65.5227       62.0893   933128    5.24%
   3034   783       63.2639    82       65.5227       62.2138   966097    5.05%
   3185   841       62.7902   171       65.5227       62.3180   992867    4.89%
   3287   854       64.8428    93       65.5227       62.4533  1020201    4.68%
   3431   894       62.6705    90       65.5227       62.5753  1047605    4.50%
   3583   946       63.5545   115       65.5227       62.6378  1076483    4.40%
   3747   999       63.5234   111       65.5227       62.7367  1105657    4.25%
   3977  1082        cutoff             65.5227       62.8166  1129826    4.13%
Elapsed time = 78.96 sec. (215476.97 ticks, tree = 2.11 MB, solutions = 8)
   4186  1096       63.0158   148       65.5227       62.8723  1153553    4.05%
   4300  1106       65.3703    71       65.5227       62.9067  1178860    3.99%
   4459  1103       64.4222   126       65.5227       63.0045  1205544    3.84%
   4611  1133        cutoff             65.5227       63.0909  1235960    3.71%
   4727  1117        cutoff             65.5227       63.1951  1261866    3.55%
   4902  1121       64.8037    45       65.5227       63.3195  1290626    3.36%
   5020  1122       63.6842   116       65.5227       63.3891  1313768    3.26%
   5129  1093       64.4303    64       65.5227       63.4783  1338909    3.12%
   5246  1080       64.4863    78       65.5227       63.5135  1363496    3.07%
   5357  1044       63.8400    88       65.5227       63.5924  1385016    2.95%
Elapsed time = 93.89 sec. (254204.43 ticks, tree = 2.07 MB, solutions = 8)
   5501  1021       65.4318    32       65.5227       63.6841  1407813    2.81%
   5700   967       64.9627    75       65.5227       63.7895  1433603    2.65%
   5889   905       64.2579   133       65.5227       63.8819  1461370    2.50%
   6077   875       65.3157   146       65.5227       63.9583  1487017    2.39%
   6259   798       64.3241   142       65.5227       64.0988  1511980    2.17%
   6465   700        cutoff             65.5227       64.2920  1539820    1.88%
   6635   606        cutoff             65.5227       64.4467  1565079    1.64%
   6755   568       64.7023    90       65.5227       64.5303  1590230    1.51%
   7067   339       64.8425    68       65.5227       64.8295  1616796    1.06%

GUB cover cuts applied:  7
Clique cuts applied:  2
Cover cuts applied:  18
Implied bound cuts applied:  32
Mixed integer rounding cuts applied:  8
Zero-half cuts applied:  37
Lift and project cuts applied:  4
Gomory fractional cuts applied:  15

Root node processing (before b&c):
  Real time             =    1.81 sec. (3968.00 ticks)
Sequential b&c:
  Real time             =  106.47 sec. (287241.11 ticks)
                          ------------
Total (root+branch&cut) =  108.28 sec. (291209.12 ticks)
Feasible solution found!
Truck nodes:
Stage 1 at customer 0 with arrival time is: 
Stage 2 at customer 8 with arrival time is: 
Stage 3 at customer 1 with arrival time is: 
Stage 4 at customer 5 with arrival time is: 
Stage 5 at customer 6 with arrival time is: 
Stage 6 at customer 7 with arrival time is: 
Stage 7 at customer 4 with arrival time is: 
Stage 8 at customer 10 with arrival time is: 
Stage 9 at customer 9 with arrival time is: 
Stage 10 at customer 11 with arrival time is: 
Truck arcs:
Arc 1 connecting 0 and 8 with cost 10.6796 
Arc 2 connecting 8 and 1 with cost 3.32128 
Arc 3 connecting 1 and 5 with cost 1.92825 
Arc 4 connecting 5 and 6 with cost 0.968346 
Arc 5 connecting 6 and 7 with cost 6.70095 
Arc 6 connecting 7 and 4 with cost 7.34864 
Arc 7 connecting 4 and 10 with cost 10.5327 
Arc 8 connecting 10 and 9 with cost 6.76206 
Arc 9 connecting 9 and 11 with cost 13.1667 
Customer 2 served by drone.
Drone fly from 0 at stage 1 to serve 2 and then fly back to 6 at stage 5. 
Truck arcs during this sortie: 0--->8--->1--->5--->6
Truck travel time from stage 1 to 5 is: 16.8975
Total drone travel time: 16.6239
Customer 3 served by drone.
Drone fly from 4 at stage 7 to serve 3 and then fly back to 9 at stage 9. 
Truck arcs during this sortie: 4--->10--->9
Truck travel time from stage 7 to 9 is: 17.2947
Total drone travel time: 18.4089
Customer 2 served, start stage = 1, end stage = 5
Wait time for this sortie: 0
Customer 3 served, start stage = 7, end stage = 9
Wait time for this sortie: 1.11415
Printing Y(k,i,h):
Y[1][0][2] == 1
Y[7][4][3] == 1
Done!
-------------------------Re-calculated objective-----------------------
65.5227
------------------------------------------------------------------------
Solve time: 108.28
OBJECTIVE VALUE: 65.5227, NUMBER OF SORTIES: 0.
Number of loop(s):0
Number of revisit: 0
In write mode
