Instance name: /home/orlab/CLionProjects/RV-FSTSP/Murray_instances/FSTSP/FSTSP_10_customer_problems/20140810T123443v1
Write arg val: 1
Input is specified as type M: Murray instance.-.-.-.-.-.-.-.-.-.-.-.-.-.-.-.-.-.-.-.-

drone speed: 0.2 miles/minute
uav non-eligible customer: 4 8 
Printing tau:
0 4.2001 12.6334 12.5505 10.8096 5.65042 5.64207 5.93982 1.11799 7.36834 3.00628 0 
4.2001 0 8.59672 16.5872 14.8463 1.92825 1.9199 7.49765 3.32128 11.405 7.04299 4.2001 
12.6334 8.59672 0 25.184 23.443 8.42508 9.39342 16.0944 11.7546 20.0018 15.6397 12.6334 
12.5505 16.5872 25.184 0 20.0769 16.7589 15.7905 15.6083 13.4294 5.1822 10.0243 12.5505 
10.8096 14.8463 23.443 20.0769 0 15.0179 14.0496 7.34864 11.6884 17.2947 10.5327 10.8096 
5.65042 1.92825 8.42508 16.7589 15.0179 0 0.968346 7.66929 5.01036 12.5367 7.21463 5.65042 
5.64207 1.9199 9.39342 15.7905 14.0496 0.968346 0 6.70095 5.00201 12.5283 6.24629 5.64207 
5.93982 7.49765 16.0944 15.6083 7.34864 7.66929 6.70095 0 5.29976 12.8261 6.06403 5.93982 
1.11799 3.32128 11.7546 13.4294 11.6884 5.01036 5.00201 5.29976 0 8.24716 3.8851 1.11799 
7.36834 11.405 20.0018 5.1822 17.2947 12.5367 12.5283 12.8261 8.24716 0 6.76206 7.36834 
3.00628 7.04299 15.6397 10.0243 10.5327 7.21463 6.24629 6.06403 3.8851 6.76206 0 3.00628 
0 0 0 0 0 0 0 0 0 0 0 0 
Printing tau_prime:
0 6.47104 14.9466 18.671 17.6849 8.30306 7.66763 8.10175 1.28127 11.8856 3.54596 0 
6.47104 0 10.5868 25.1232 19.1891 2.28145 2.44971 9.21448 5.20038 18.3566 9.45738 6.47104 
14.9466 10.5868 0 32.2862 29.7194 11.276 12.2886 19.8012 13.8643 25.3886 18.4894 14.9466 
18.671 25.1232 32.2862 0 23.7497 26.7584 25.9207 21.2864 19.9518 6.93179 15.9071 18.671 
17.6849 19.1891 29.7194 23.7497 0 18.5658 17.4845 10.136 17.9521 20.7816 15.4483 17.6849 
8.30306 2.28145 11.276 26.7584 18.5658 0 1.14125 9.04478 7.08965 20.1104 10.8907 8.30306 
7.66763 2.44971 12.2886 25.9207 17.4845 1.14125 0 7.90494 6.51871 19.3468 10.0185 7.66763 
8.10175 9.21448 19.8012 21.2864 10.136 9.04478 7.90494 0 8.07267 15.8016 7.16659 8.10175 
1.28127 5.20038 13.8643 19.9518 17.9521 7.08965 6.51871 8.07267 0 13.1583 4.66638 1.28127 
11.8856 18.3566 25.3886 6.93179 20.7816 20.1104 19.3468 15.8016 13.1583 0 9.48339 11.8856 
3.54596 9.45738 18.4894 15.9071 15.4483 10.8907 10.0185 7.16659 4.66638 9.48339 0 3.54596 
0 0 0 0 0 0 0 0 0 0 0 0 
---------------------------------------------------------------
Current config:
- Number of threads = 1
- Drone endurance = 20
- SL = 1
- SR = 1
- L = 1
- Allow loop = 1
- Allow revisit = 1
- Allow multi-visit drone = 0
- Use TSP optimal solution as warmstart: = 0
- Use cutting plane method: = 0
- Use CPLEX conflict refiner: = 0
---------------------------------------------------------------
---------------------------------------------
Calculate max stage gap for sortie.... 
Stage gap calculation consumes too much memory. No constraint was added.
---------------------------------------------
Warning:  Output names have been modified due to duplicate names or characters invalid in LP format.
Version identifier: 22.1.1.0 | 2022-11-28 | 9160aff4d
CPXPARAM_Threads                                 1
CPXPARAM_TimeLimit                               3600
CPXPARAM_WorkMem                                 24576
Tried aggregator 3 times.
MIP Presolve eliminated 1664 rows and 2442 columns.
MIP Presolve modified 1616 coefficients.
Aggregator did 37 substitutions.
Reduced MIP has 850 rows, 2689 columns, and 69914 nonzeros.
Reduced MIP has 2623 binaries, 0 generals, 0 SOSs, and 0 indicators.
Presolve time = 0.08 sec. (146.55 ticks)
Found incumbent of value 162.962345 after 0.11 sec. (199.84 ticks)
Probing fixed 1 vars, tightened 0 bounds.
Probing time = 0.01 sec. (37.42 ticks)
Cover probing fixed 1 vars, tightened 66 bounds.
Tried aggregator 2 times.
Detecting symmetries...
MIP Presolve eliminated 9 rows and 2 columns.
Aggregator did 9 substitutions.
Reduced MIP has 832 rows, 2678 columns, and 69623 nonzeros.
Reduced MIP has 2612 binaries, 0 generals, 0 SOSs, and 0 indicators.
Presolve time = 0.03 sec. (43.35 ticks)
Probing time = 0.00 sec. (8.78 ticks)
Clique table members: 34198.
MIP emphasis: balance optimality and feasibility.
MIP search method: dynamic search.
Parallel mode: none, using 1 thread.
Root relaxation solution time = 0.02 sec. (49.94 ticks)

        Nodes                                         Cuts/
   Node  Left     Objective  IInf  Best Integer    Best Bound    ItCnt     Gap

*     0+    0                          162.9623      -11.0000           106.75%
      0     0       13.1367   239      162.9623       13.1367      950   91.94%
      0     0       45.1352   207      162.9623      Cuts: 37     1407   72.30%
      0     0       48.9904   193      162.9623      Cuts: 29     2149   69.94%
      0     0       49.2541   225      162.9623      Cuts: 15     2457   69.78%
*     0+    0                          121.7469       49.2541            59.54%
      0     0       49.5359   252      121.7469       Cuts: 5     2706   59.31%
      0     0       49.8976   235      121.7469       Cuts: 6     2907   59.02%
Detecting symmetries...
      0     0       50.3917   262      121.7469       Cuts: 7     3466   58.61%
      0     0       51.5597   265      121.7469      Cuts: 20     4495   57.65%
      0     0       51.6783   252      121.7469      Cuts: 11     5120   57.55%
      0     0       52.0359   296      121.7469       Cuts: 7     6436   57.26%
      0     0       52.2544   271      121.7469      Cuts: 12     6821   57.08%
      0     0       52.2723   265      121.7469      Cuts: 16     7306   57.06%
      0     0       52.3073   299      121.7469       Cuts: 7     8239   57.04%
      0     0       52.3546   320      121.7469       Cuts: 6     8731   57.00%
      0     0       52.4425   312      121.7469   ZeroHalf: 2     8923   56.92%
      0     0       52.4533   312      121.7469       Cuts: 3     9149   56.92%
      0     0       52.4802   303      121.7469       Cuts: 3     9415   56.89%
      0     0       52.4963   313      121.7469       Cuts: 5     9616   56.88%
      0     0       52.5126   336      121.7469       Cuts: 6     9826   56.87%
      0     0       52.5935   306      121.7469       Cuts: 6    10182   56.80%
      0     0       52.6737   303      121.7469       Cuts: 6    10603   56.74%
      0     0       53.3460   231      121.7469       Cuts: 4    12439   56.18%
      0     0       53.4756   275      121.7469       Cuts: 9    12782   56.08%
      0     0       53.9089   281      121.7469       Cuts: 9    13725   55.72%
      0     0       54.1721   269      121.7469      Cuts: 10    14113   55.50%
      0     0       54.7393   234      121.7469       Cuts: 7    15084   55.04%
      0     0       55.5898   182      121.7469      Cuts: 15    15972   54.34%
      0     0       57.3025   241      121.7469      Cuts: 14    17288   52.93%
      0     0       58.0506   243      121.7469      Cuts: 14    18051   52.32%
      0     0       58.1428   261      121.7469   ZeroHalf: 7    18683   52.24%
      0     0       58.2959   281      121.7469      Cuts: 19    19554   52.12%
      0     0       58.3622   280      121.7469       Cuts: 5    20041   52.06%
      0     0       58.4110   286      121.7469   ZeroHalf: 1    20483   52.02%
      0     0       58.4141   275      121.7469   ZeroHalf: 2    20541   52.02%
      0     0       58.4164   288      121.7469   ZeroHalf: 4    20622   52.02%
*     0+    0                           88.8840       58.4164            34.28%
*     0+    0                           80.6273       58.4164            27.55%
*     0+    0                           73.9232       58.4164            20.98%
      0     0  -1.00000e+75     0       73.9232       58.4164    20622   20.98%
Detecting symmetries...
      0     2       58.4164   288       73.9232       58.4173    20622   20.98%
Elapsed time = 2.24 sec. (5271.20 ticks, tree = 0.01 MB, solutions = 5)
      4     6       62.1136   153       73.9232       58.4589    23818   20.92%
      6     8       63.1539   182       73.9232       58.4869    26681   20.88%
      8    10       60.2094   224       73.9232       58.5587    29081   20.78%
     12    14       58.7065   249       73.9232       58.5674    31747   20.77%
     15    17       62.1691   200       73.9232       58.5674    35188   20.77%
     20    22       59.0796   235       73.9232       58.5674    37986   20.77%
     23    25       65.0754   129       73.9232       58.5674    41020   20.77%
     25    27       63.3037   175       73.9232       58.5674    44307   20.77%
     27    29       63.1376   175       73.9232       58.5674    48336   20.77%
     70    46       64.1431    98       73.9232       58.9681    57781   20.23%
Elapsed time = 3.60 sec. (9064.62 ticks, tree = 0.09 MB, solutions = 5)
     98    74       64.0626   145       73.9232       58.9681    69663   20.23%
    110    86       66.0889   138       73.9232       58.9681    74107   20.23%
    150   115       71.6919   149       73.9232       59.0376    82369   20.14%
    185   146       72.9822   117       73.9232       59.3464    93442   19.72%
    200   157       61.7114   194       73.9232       59.3488   101149   19.72%
    220   177       70.0380   127       73.9232       59.3488   111353   19.72%
    246   199       66.8888   121       73.9232       59.6097   124939   19.36%
    274   217       71.6712    62       73.9232       59.6097   133721   19.36%
    313   245       62.8083   169       73.9232       59.7635   149312   19.15%
    340   272       68.4169   185       73.9232       59.7635   162342   19.15%
Elapsed time = 7.13 sec. (18846.79 ticks, tree = 0.68 MB, solutions = 5)
    373   302       67.2094   153       73.9232       60.1423   176535   18.64%
    405   330       68.7698   185       73.9232       60.2094   186037   18.55%
    436   358       63.4336   148       73.9232       60.2112   197517   18.55%
    480   390       62.9713   117       73.9232       60.7888   209147   17.77%

Performing restart 1

Repeating presolve.
Tried aggregator 2 times.
MIP Presolve eliminated 9 rows and 212 columns.
MIP Presolve modified 1247 coefficients.
Aggregator did 3 substitutions.
Reduced MIP has 820 rows, 2463 columns, and 65534 nonzeros.
Reduced MIP has 2397 binaries, 0 generals, 0 SOSs, and 0 indicators.
Presolve time = 0.09 sec. (158.87 ticks)
Tried aggregator 1 time.
MIP Presolve eliminated 0 rows and 6 columns.
MIP Presolve modified 74 coefficients.
Reduced MIP has 820 rows, 2457 columns, and 65497 nonzeros.
Reduced MIP has 2391 binaries, 0 generals, 0 SOSs, and 0 indicators.
Presolve time = 0.04 sec. (54.55 ticks)
Represolve time = 0.31 sec. (786.97 ticks)
    519     0       58.4843   271       73.9232      Cuts: 18   222822   17.77%
    519     0       58.5527   295       73.9232      Cuts: 24   224223   17.77%
    519     0       58.5750   344       73.9232      Cuts: 20   224995   17.77%
    519     0       58.6182   323       73.9232      Cuts: 18   225362   17.77%
    519     0       58.6303   316       73.9232      Cuts: 20   225591   17.77%
    519     0       58.6628   355       73.9232      Cuts: 25   226074   17.77%
    519     0       58.7473   366       73.9232      Cuts: 30   226640   17.77%
    519     2       58.7473   366       73.9232       60.7888   226640   17.77%
    520     3       58.7725   345       73.9232       60.7888   226869   17.77%
    521     4       58.7968   325       73.9232       60.7888   227243   17.77%
    522     5       62.3317   179       73.9232       60.7888   228250   17.77%
    523     6       58.8376   354       73.9232       60.7888   228513   17.77%
    524     7       58.8577   359       73.9232       60.7888   229131   17.77%
Elapsed time = 17.40 sec. (50286.09 ticks, tree = 0.02 MB, solutions = 5)
    525     8       58.9505   328       73.9232       60.7888   230118   17.77%
    526     9       62.6895   142       73.9232       60.7888   232605   17.77%
    527    10       58.9672   271       73.9232       60.7888   232929   17.77%
    528    11       59.0759   281       73.9232       60.7888   233356   17.77%
    530    12       64.1365   132       73.9232       60.7888   234816   17.77%
    535    15       64.4426   108       73.9232       60.7888   235764   17.77%
    540    17       69.6827    53       73.9232       60.7888   237820   17.77%
    544    17       71.8010    69       73.9232       60.7888   238550   17.77%
    550    17       63.7526   104       73.9232       60.7888   240748   17.77%
    551    18       64.6253   148       73.9232       60.7888   241871   17.77%
Elapsed time = 22.05 sec. (63956.19 ticks, tree = 0.05 MB, solutions = 5)
    553    20       64.9120   107       73.9232       60.7888   243764   17.77%
    562    27       65.1066   120       73.9232       60.7888   245372   17.77%
    567    31       71.7524    91       73.9232       60.7888   247311   17.77%
    572    31       64.1845   132       73.9232       60.7888   249374   17.77%
    576    35       64.9108   138       73.9232       60.7888   251060   17.77%
    585    43       65.5288   128       73.9232       60.7888   252074   17.77%
    589    46       66.3270   146       73.9232       60.7888   253827   17.77%
    596    53       67.2148   114       73.9232       60.7888   254794   17.77%
    600    56       68.3841   140       73.9232       60.7888   255759   17.77%
    607    60       69.1724   135       73.9232       60.7888   257095   17.77%
Elapsed time = 26.33 sec. (75531.01 ticks, tree = 0.12 MB, solutions = 5)
    614    62       72.8203   128       73.9232       60.7888   258558   17.77%
    616    62       70.7317   138       73.9232       60.7888   261152   17.77%
    620    63       71.0730    89       73.9232       60.7888   262687   17.77%
    626    68       72.0005   124       73.9232       60.7888   264396   17.77%
    639    76       72.6472    93       73.9232       60.7888   267284   17.77%
    651    79       59.1272   263       73.9232       60.7888   268910   17.77%
    659    87       59.3460   211       73.9232       60.7888   270274   17.77%
    666    94       59.6497   221       73.9232       60.7888   273670   17.77%
    673   101       60.5975   184       73.9232       60.7888   276837   17.77%
    679   107       60.9011   196       73.9232       60.7888   279850   17.77%
Elapsed time = 31.00 sec. (88418.49 ticks, tree = 0.18 MB, solutions = 5)
    683   111       62.7351   185       73.9232       60.7888   282464   17.77%
    689   117       63.1391   165       73.9232       60.7888   285843   17.77%
    693   120       63.7850   190       73.9232       60.7888   288678   17.77%
    699   124       65.8154   211       73.9232       60.7888   291964   17.77%
    706   131       66.1767   212       73.9232       60.7888   295580   17.77%
    716   140       68.4343   186       73.9232       60.7888   301596   17.77%
    725   146       69.1658   200       73.9232       60.7888   305288   17.77%
    735   152       71.0630   120       73.9232       60.7888   309093   17.77%
    745   156       69.6139   119       73.9232       60.7888   313764   17.77%
    764   164       68.1942   134       73.9232       60.7888   318961   17.77%
Elapsed time = 34.93 sec. (99322.28 ticks, tree = 0.34 MB, solutions = 5)
    772   171       70.7080   127       73.9232       60.7888   322897   17.77%
    784   182       72.3842   105       73.9232       60.7888   328304   17.77%
    793   184       64.4458   139       73.9232       60.7888   332591   17.77%
    803   192       65.3583   113       73.9232       60.7888   335912   17.77%
    824   204       66.5029   107       73.9232       60.7888   341093   17.77%
    846   208       88.4765   187       73.9232       60.7888   346485   17.77%
    864   219       69.3947   138       73.9232       60.7888   351255   17.77%
    889   234       70.6002   142       73.9232       60.7888   357324   17.77%
    907   239       68.4712   187       73.9232       60.7888   362016   17.77%
    925   247       68.2068    94       73.9232       60.7888   366117   17.77%
Elapsed time = 38.70 sec. (109683.51 ticks, tree = 0.45 MB, solutions = 5)
    933   248       70.0715   142       73.9232       60.7888   370168   17.77%
    953   261        cutoff             73.9232       60.7888   377783   17.77%
    967   275       70.7511   110       73.9232       60.7888   385631   17.77%
    990   287       67.2380   116       73.9232       60.7888   395712   17.77%
   1000   291       67.7148   122       73.9232       60.7888   400607   17.77%
   1007   294       65.1546   126       73.9232       60.7888   404657   17.77%
   1012   298       70.7864    43       73.9232       60.7888   406309   17.77%
   1022   303       68.4924   174       73.9232       60.7888   410326   17.77%
   1028   302       73.8388    69       73.9232       60.7888   414502   17.77%
   1034   304       63.4686    91       73.9232       60.7888   419038   17.77%
Elapsed time = 42.45 sec. (120467.85 ticks, tree = 0.54 MB, solutions = 5)
   1039   309       66.2334   123       73.9232       60.7888   420251   17.77%
   1076   330       69.6904   160       73.9232       60.7888   427254   17.77%
   1100   344       71.6559    46       73.9232       60.7888   433345   17.77%
   1123   357       73.7918    71       73.9232       60.8387   439485   17.70%
   1154   372       62.8295   156       73.9232       60.9064   446550   17.61%
   1171   384       66.8774   172       73.9232       60.9286   453996   17.58%
   1210   413       62.4586   109       73.9232       61.5146   463222   16.79%
   1222   425       67.4381   117       73.9232       61.5146   468146   16.79%
*  1239+  397                           72.2136       61.8422            14.36%
   1256   409       63.0754   164       72.2136       61.8620   477908   14.33%
   1334   470       68.1014   109       72.2136       62.4586   505552   13.51%
Elapsed time = 47.54 sec. (134922.22 ticks, tree = 0.74 MB, solutions = 6)
*  1394   308      integral     0       69.5865       62.6964   528823    9.90%
   1448   313       68.4973   172       69.5865       63.0039   551004    9.46%
   1532   314       66.9793    85       69.5865       63.8459   577455    8.25%
   1573   297       66.7701    88       69.5865       64.5808   591514    7.19%
   1636   282       66.7982   110       69.5865       65.0302   609337    6.55%
   1799   261        cutoff             69.5865       65.9417   639873    5.24%

GUB cover cuts applied:  4
Clique cuts applied:  1
Cover cuts applied:  2
Implied bound cuts applied:  24
Zero-half cuts applied:  47
Lift and project cuts applied:  17
Gomory fractional cuts applied:  8

Root node processing (before b&c):
  Real time             =    2.21 sec. (5157.36 ticks)
Sequential b&c:
  Real time             =   54.41 sec. (156209.33 ticks)
                          ------------
Total (root+branch&cut) =   56.62 sec. (161366.69 ticks)
Feasible solution found!
Truck nodes:
Stage 1 at customer 0 with arrival time is: 
Stage 2 at customer 9 with arrival time is: 
Stage 3 at customer 3 with arrival time is: 
Stage 4 at customer 10 with arrival time is: 
Stage 5 at customer 4 with arrival time is: 
Stage 6 at customer 7 with arrival time is: 
Stage 7 at customer 6 with arrival time is: 
Stage 8 at customer 5 with arrival time is: 
Stage 9 at customer 2 with arrival time is: 
Stage 10 at customer 1 with arrival time is: 
Stage 11 at customer 8 with arrival time is: 
Stage 12 at customer 11 with arrival time is: 
Truck arcs:
Arc 1 connecting 0 and 9 with cost 7.36834 
Arc 2 connecting 9 and 3 with cost 5.1822 
Arc 3 connecting 3 and 10 with cost 10.0243 
Arc 4 connecting 10 and 4 with cost 10.5327 
Arc 5 connecting 4 and 7 with cost 7.34864 
Arc 6 connecting 7 and 6 with cost 6.70095 
Arc 7 connecting 6 and 5 with cost 0.968346 
Arc 8 connecting 5 and 2 with cost 8.42508 
Arc 9 connecting 2 and 1 with cost 8.59672 
Arc 10 connecting 1 and 8 with cost 3.32128 
Arc 11 connecting 8 and 11 with cost 1.11799 
Printing Y(k,i,h):
Done!
-------------------------Re-calculated objective-----------------------
69.5865
------------------------------------------------------------------------
Solve time: 56.617
OBJECTIVE VALUE: 69.5865, NUMBER OF SORTIES: 0.
Number of loop(s):0
Number of revisit: 0
In write mode
