Instance name: /home/orlab/CLionProjects/RV-FSTSP/Murray_instances/FSTSP/FSTSP_10_customer_problems/20140810T123443v3
Write arg val: 1
Input is specified as type M: Murray instance.-.-.-.-.-.-.-.-.-.-.-.-.-.-.-.-.-.-.-.-

drone speed: 0.2 miles/minute
uav non-eligible customer: 4 8 
Printing tau:
0 13.7617 11.155 18.3489 20.448 15.6899 15.6816 15.9793 10.6796 13.1667 9.91531 0 
13.7617 0 8.59672 16.5872 14.8463 1.92825 1.9199 7.49765 3.32128 11.405 7.04299 13.7617 
11.155 8.59672 0 25.184 23.443 8.42508 9.39342 16.0944 11.7546 20.0018 15.6397 11.155 
18.3489 16.5872 25.184 0 20.0769 16.7589 15.7905 15.6083 13.4294 5.1822 10.0243 18.3489 
20.448 14.8463 23.443 20.0769 0 15.0179 14.0496 7.34864 11.6884 17.2947 10.5327 20.448 
15.6899 1.92825 8.42508 16.7589 15.0179 0 0.968346 7.66929 5.01036 12.5367 7.21463 15.6899 
15.6816 1.9199 9.39342 15.7905 14.0496 0.968346 0 6.70095 5.00201 12.5283 6.24629 15.6816 
15.9793 7.49765 16.0944 15.6083 7.34864 7.66929 6.70095 0 5.29976 12.8261 6.06403 15.9793 
10.6796 3.32128 11.7546 13.4294 11.6884 5.01036 5.00201 5.29976 0 8.24716 3.8851 10.6796 
13.1667 11.405 20.0018 5.1822 17.2947 12.5367 12.5283 12.8261 8.24716 0 6.76206 13.1667 
9.91531 7.04299 15.6397 10.0243 10.5327 7.21463 6.24629 6.06403 3.8851 6.76206 0 9.91531 
0 0 0 0 0 0 0 0 0 0 0 0 
Printing tau_prime:
0 16.3507 15.4179 21.6289 31.0453 18.5855 18.7253 21.765 13.8572 15.9559 15.6274 0 
16.3507 0 10.5868 25.1232 19.1891 2.28145 2.44971 9.21448 5.20038 18.3566 9.45738 16.3507 
15.4179 10.5868 0 32.2862 29.7194 11.276 12.2886 19.8012 13.8643 25.3886 18.4894 15.4179 
21.6289 25.1232 32.2862 0 23.7497 26.7584 25.9207 21.2864 19.9518 6.93179 15.9071 21.6289 
31.0453 19.1891 29.7194 23.7497 0 18.5658 17.4845 10.136 17.9521 20.7816 15.4483 31.0453 
18.5855 2.28145 11.276 26.7584 18.5658 0 1.14125 9.04478 7.08965 20.1104 10.8907 18.5855 
18.7253 2.44971 12.2886 25.9207 17.4845 1.14125 0 7.90494 6.51871 19.3468 10.0185 18.7253 
21.765 9.21448 19.8012 21.2864 10.136 9.04478 7.90494 0 8.07267 15.8016 7.16659 21.765 
13.8572 5.20038 13.8643 19.9518 17.9521 7.08965 6.51871 8.07267 0 13.1583 4.66638 13.8572 
15.9559 18.3566 25.3886 6.93179 20.7816 20.1104 19.3468 15.8016 13.1583 0 9.48339 15.9559 
15.6274 9.45738 18.4894 15.9071 15.4483 10.8907 10.0185 7.16659 4.66638 9.48339 0 15.6274 
0 0 0 0 0 0 0 0 0 0 0 0 
---------------------------------------------------------------
Current config:
- Number of threads = 1
- Drone endurance = 20
- SL = 1
- SR = 1
- L = 1
- Allow loop = 1
- Allow revisit = 1
- Allow multi-visit drone = 0
- Use TSP optimal solution as warmstart: = 0
- Use cutting plane method: = 0
- Use CPLEX conflict refiner: = 0
---------------------------------------------------------------
---------------------------------------------
Calculate max stage gap for sortie.... 
Stage gap calculation consumes too much memory. No constraint was added.
---------------------------------------------
Warning:  Output names have been modified due to duplicate names or characters invalid in LP format.
Version identifier: 22.1.1.0 | 2022-11-28 | 9160aff4d
CPXPARAM_Threads                                 1
CPXPARAM_TimeLimit                               3600
CPXPARAM_WorkMem                                 24576
Tried aggregator 3 times.
MIP Presolve eliminated 1778 rows and 2552 columns.
MIP Presolve modified 1522 coefficients.
Aggregator did 35 substitutions.
Reduced MIP has 846 rows, 2581 columns, and 69048 nonzeros.
Reduced MIP has 2515 binaries, 0 generals, 0 SOSs, and 0 indicators.
Presolve time = 0.07 sec. (125.42 ticks)
Found incumbent of value 133.817548 after 0.10 sec. (184.09 ticks)
Probing fixed 21 vars, tightened 0 bounds.
Probing time = 0.04 sec. (172.01 ticks)
Cover probing fixed 1 vars, tightened 66 bounds.
Tried aggregator 2 times.
Detecting symmetries...
MIP Presolve eliminated 15 rows and 23 columns.
MIP Presolve modified 9 coefficients.
Aggregator did 9 substitutions.
Reduced MIP has 822 rows, 2549 columns, and 68551 nonzeros.
Reduced MIP has 2483 binaries, 0 generals, 0 SOSs, and 0 indicators.
Presolve time = 0.07 sec. (109.13 ticks)
Probing time = 0.00 sec. (8.80 ticks)
Clique table members: 34030.
MIP emphasis: balance optimality and feasibility.
MIP search method: dynamic search.
Parallel mode: none, using 1 thread.
Root relaxation solution time = 0.08 sec. (199.13 ticks)

        Nodes                                         Cuts/
   Node  Left     Objective  IInf  Best Integer    Best Bound    ItCnt     Gap

*     0+    0                          133.8175      -11.0000           108.22%
      0     0       22.4888   329      133.8175       22.4888     2892   83.19%
      0     0       57.3130   227      133.8175      Cuts: 51     6334   57.17%
      0     0       68.0534   223      133.8175      Cuts: 44     7991   49.14%
      0     0       68.3914   237      133.8175      Cuts: 14     8806   48.89%
*     0+    0                          131.8175       68.3914            48.12%
*     0+    0                           83.6753       68.3914            18.27%
      0     0  -1.00000e+75     0       83.6753       68.3914     8806   18.27%
      0     0       68.4975   251       83.6753       Cuts: 6     9267   18.14%
      0     0       68.5864   230       83.6753       Cuts: 4     9439   18.03%
Detecting symmetries...
      0     0       68.6073   223       83.6753   ZeroHalf: 3     9617   18.01%
      0     0       68.6940   251       83.6753       Cuts: 7    10054   17.90%
      0     0       68.7315   280       83.6753   ZeroHalf: 6    10284   17.86%
      0     0       68.7411   263       83.6753   ZeroHalf: 1    10322   17.85%
      0     0       68.7411   282       83.6753   ZeroHalf: 3    10437   17.85%
      0     0       68.7438   248       83.6753   ZeroHalf: 1    10493   17.84%
      0     0       68.7710   237       83.6753       Cuts: 5    11153   17.81%
      0     0       68.7774   287       83.6753       Cuts: 5    11714   17.80%
*     0+    0                           82.7153       68.7774            16.85%
      0     0  -1.00000e+75     0       82.7153       68.7774    11714   16.85%
Detecting symmetries...
      0     2       68.7774   287       82.7153       68.8131    11714   16.81%
Elapsed time = 1.31 sec. (2958.16 ticks, tree = 0.01 MB, solutions = 4)
*     1     1      integral     0       79.2639       68.8131    12966   13.18%
      2     2       69.0007   184       79.2639       69.0292    14791   12.91%
      4     4       74.7156    87       79.2639       69.1237    18129   12.79%
      6     6       69.3953   174       79.2639       69.3953    24137   12.45%
      8     8       70.1555    35       79.2639       69.6519    26261   12.13%
     12    12       70.3347   111       79.2639       69.6519    28877   12.13%
     18    18       70.8779   118       79.2639       69.6519    32601   12.13%
     25    25       71.6345   113       79.2639       69.6519    36237   12.13%
     32    32       72.9914    94       79.2639       69.6519    39856   12.13%
     45    45       74.7242    81       79.2639       69.6519    44083   12.13%
     82    63       69.9739   198       79.2639       70.0456    54461   11.63%
Elapsed time = 2.60 sec. (6543.36 ticks, tree = 0.15 MB, solutions = 5)
    105    85       79.1447   114       79.2639       70.0456    64670   11.63%
    155   128       75.5888   127       79.2639       70.4182    80852   11.16%
    210   165       75.9473    87       79.2639       70.8788    96526   10.58%
    283   216       75.5366    95       79.2639       71.2009   113364   10.17%
*   302   216      integral     0       78.3206       71.2445   117973    9.03%
    325   225       71.8402    68       78.3206       71.3206   124510    8.94%
    335   231       72.1319    83       78.3206       71.3443   126818    8.91%
    394   268       72.7488    83       78.3206       71.4389   138737    8.79%
    454   305       71.9002    99       78.3206       71.4877   151227    8.72%
    491   333       71.7245   128       78.3206       71.5031   162727    8.70%
    563   385       74.1368   102       78.3206       71.5371   178921    8.66%
Elapsed time = 6.15 sec. (16349.46 ticks, tree = 0.61 MB, solutions = 6)
    612   409       72.6115   125       78.3206       71.6494   190890    8.52%
    708   458        cutoff             78.3206       71.9018   206917    8.20%
    779   485       73.9163   108       78.3206       72.2027   217628    7.81%
    853   516       73.6202    88       78.3206       72.4095   231466    7.55%
    941   541       74.3398    66       78.3206       72.5491   246472    7.37%
   1045   571       76.4343    45       78.3206       72.7882   260897    7.06%
   1076   585       76.2685   201       78.3206       72.8039   272218    7.04%
   1157   601        cutoff             78.3206       73.0732   287811    6.70%
*  1173   564      integral     0       77.3439       73.1236   291226    5.46%
   1242   591       75.5683    90       77.3439       73.1893   306646    5.37%
Elapsed time = 9.57 sec. (25539.00 ticks, tree = 0.94 MB, solutions = 7)
   1286   611       74.9955   127       77.3439       73.2716   320031    5.27%
   1361   645       74.0135   111       77.3439       73.3322   336567    5.19%
   1435   662        cutoff             77.3439       73.4271   349752    5.06%
   1496   662       74.1959   144       77.3439       73.6286   363400    4.80%
   1550   684       76.6255    88       77.3439       73.6887   376876    4.73%
   1634   681       75.8162   132       77.3439       73.8621   390443    4.50%
   1687   702       76.1751    80       77.3439       73.9163   402706    4.43%
   1761   700       75.3755    82       77.3439       74.0195   417772    4.30%
   1836   693        cutoff             77.3439       74.2150   431403    4.05%
   1929   679       74.9639    67       77.3439       74.4104   445204    3.79%
Elapsed time = 13.29 sec. (35285.17 ticks, tree = 1.08 MB, solutions = 7)
   2024   644        cutoff             77.3439       74.6402   458858    3.50%
   2144   587        cutoff             77.3439       74.9572   472037    3.09%
   2258   540       75.2441    86       77.3439       75.1866   485864    2.79%
   2389   436        cutoff             77.3439       75.6196   499255    2.23%
   2573   299        cutoff             77.3439       76.0600   511607    1.66%
   2827    73        cutoff             77.3439       76.9269   522500    0.54%

GUB cover cuts applied:  5
Clique cuts applied:  4
Cover cuts applied:  25
Implied bound cuts applied:  38
Mixed integer rounding cuts applied:  1
Zero-half cuts applied:  33
Lift and project cuts applied:  2
Gomory fractional cuts applied:  11

Root node processing (before b&c):
  Real time             =    1.30 sec. (2902.83 ticks)
Sequential b&c:
  Real time             =   14.37 sec. (38308.12 ticks)
                          ------------
Total (root+branch&cut) =   15.66 sec. (41210.96 ticks)
Feasible solution found!
Truck nodes:
Stage 1 at customer 0 with arrival time is: 
Stage 2 at customer 9 with arrival time is: 
Stage 3 at customer 3 with arrival time is: 
Stage 4 at customer 10 with arrival time is: 
Stage 5 at customer 4 with arrival time is: 
Stage 6 at customer 7 with arrival time is: 
Stage 7 at customer 8 with arrival time is: 
Stage 8 at customer 1 with arrival time is: 
Stage 9 at customer 6 with arrival time is: 
Stage 10 at customer 5 with arrival time is: 
Stage 11 at customer 2 with arrival time is: 
Stage 12 at customer 11 with arrival time is: 
Truck arcs:
Arc 1 connecting 0 and 9 with cost 13.1667 
Arc 2 connecting 9 and 3 with cost 5.1822 
Arc 3 connecting 3 and 10 with cost 10.0243 
Arc 4 connecting 10 and 4 with cost 10.5327 
Arc 5 connecting 4 and 7 with cost 7.34864 
Arc 6 connecting 7 and 8 with cost 5.29976 
Arc 7 connecting 8 and 1 with cost 3.32128 
Arc 8 connecting 1 and 6 with cost 1.9199 
Arc 9 connecting 6 and 5 with cost 0.968346 
Arc 10 connecting 5 and 2 with cost 8.42508 
Arc 11 connecting 2 and 11 with cost 11.155 
Printing Y(k,i,h):
Done!
-------------------------Re-calculated objective-----------------------
77.3439
------------------------------------------------------------------------
Solve time: 15.661
OBJECTIVE VALUE: 77.3439, NUMBER OF SORTIES: 0.
Number of loop(s):0
Number of revisit: 0
In write mode
