Instance name: /home/orlab/CLionProjects/RV-FSTSP/Murray_instances/FSTSP/FSTSP_10_customer_problems/20140810T123437v4
Write arg val: 1
Input is specified as type M: Murray instance.-.-.-.-.-.-.-.-.-.-.-.-.-.-.-.-.-.-.-.-

drone speed: 0.2 miles/minute
uav non-eligible customer: 10 
Printing tau:
0 20.6149 13.856 24.5512 16.9846 21.545 21.069 20.7671 18.9333 7.71706 12.8383 0 
20.6149 0 18.3108 3.93636 13.7595 7.22991 8.18583 7.04774 13.7881 14.0919 12.0132 20.6149 
13.856 18.3108 0 22.2472 4.55136 11.0809 10.125 11.2631 5.10923 6.13892 11.4943 13.856 
24.5512 3.93636 22.2472 0 17.6958 11.1663 12.1222 10.9841 17.7245 18.0283 15.9496 24.5512 
16.9846 13.7595 4.55136 17.6958 0 6.52957 5.57365 6.71174 1.94864 9.26756 8.38296 16.9846 
21.545 7.22991 11.0809 11.1663 6.52957 0 0.955922 0.777831 6.55821 13.8279 12.9433 21.545 
21.069 8.18583 10.125 12.1222 5.57365 0.955922 0 1.13809 5.60229 13.352 12.4674 21.069 
20.7671 7.04774 11.2631 10.9841 6.71174 0.777831 1.13809 0 6.74038 13.0501 12.1655 20.7671 
18.9333 13.7881 5.10923 17.7245 1.94864 6.55821 5.60229 6.74038 0 11.2162 10.3316 18.9333 
7.71706 14.0919 6.13892 18.0283 9.26756 13.8279 13.352 13.0501 11.2162 0 7.2754 7.71706 
12.8383 12.0132 11.4943 15.9496 8.38296 12.9433 12.4674 12.1655 10.3316 7.2754 0 12.8383 
0 0 0 0 0 0 0 0 0 0 0 0 
Printing tau_prime:
0 33.5676 16.4061 40.1267 21.1881 29.3107 28.2706 28.6311 23.3597 11.2113 18.2122 0 
33.5676 0 23.0027 6.5606 16.7706 8.59075 9.66193 8.30778 16.3699 22.5134 16.2781 33.5676 
16.4061 23.0027 0 29.091 6.50889 15.8949 14.6508 15.5734 8.01334 8.77857 14.8944 16.4061 
40.1267 6.5606 29.091 0 22.6813 13.6282 14.8639 13.6915 21.9127 29.0691 22.6695 40.1267 
21.1881 16.7706 6.50889 22.6813 0 9.38617 8.14351 9.0795 2.29674 10.9289 12.8279 21.1881 
29.3107 8.59075 15.8949 13.6282 9.38617 0 1.25846 0.941487 8.31925 18.1926 15.2616 29.3107 
28.2706 9.66193 14.6508 14.8639 8.14351 1.25846 0 1.38764 7.06588 17.2062 14.7813 28.2706 
28.6311 8.30778 15.5734 13.6915 9.0795 0.941487 1.38764 0 8.23237 17.4772 14.3397 28.6311 
23.3597 16.3699 8.01334 21.9127 2.29674 8.31925 7.06588 8.23237 0 13.2233 14.6887 23.3597 
11.2113 22.5134 8.77857 29.0691 10.9289 18.1926 17.2062 17.4772 13.2233 0 8.63729 11.2113 
18.2122 16.2781 14.8944 22.6695 12.8279 15.2616 14.7813 14.3397 14.6887 8.63729 0 18.2122 
0 0 0 0 0 0 0 0 0 0 0 0 
---------------------------------------------------------------
Current config:
- Number of threads = 1
- Drone endurance = 20
- SL = 1
- SR = 1
- L = 1
- Allow loop = 1
- Allow revisit = 1
- Allow multi-visit drone = 0
- Use TSP optimal solution as warmstart: = 0
- Use cutting plane method: = 0
- Use CPLEX conflict refiner: = 0
---------------------------------------------------------------
---------------------------------------------
Calculate max stage gap for sortie.... 
Stage gap calculation consumes too much memory. No constraint was added.
---------------------------------------------
Warning:  Output names have been modified due to duplicate names or characters invalid in LP format.
Version identifier: 22.1.1.0 | 2022-11-28 | 9160aff4d
CPXPARAM_Threads                                 1
CPXPARAM_TimeLimit                               3600
CPXPARAM_WorkMem                                 24576
Tried aggregator 2 times.
MIP Presolve eliminated 1558 rows and 2070 columns.
MIP Presolve modified 1856 coefficients.
Aggregator did 49 substitutions.
Reduced MIP has 859 rows, 3049 columns, and 73661 nonzeros.
Reduced MIP has 2983 binaries, 0 generals, 0 SOSs, and 0 indicators.
Presolve time = 0.06 sec. (113.17 ticks)
Probing fixed 3 vars, tightened 0 bounds.
Probing time = 0.02 sec. (63.50 ticks)
Cover probing fixed 3 vars, tightened 0 bounds.
Tried aggregator 2 times.
Detecting symmetries...
MIP Presolve eliminated 11 rows and 7 columns.
Aggregator did 9 substitutions.
Reduced MIP has 839 rows, 3033 columns, and 72277 nonzeros.
Reduced MIP has 2968 binaries, 0 generals, 0 SOSs, and 0 indicators.
Presolve time = 0.04 sec. (47.45 ticks)
Probing time = 0.00 sec. (8.30 ticks)
Clique table members: 31342.
MIP emphasis: balance optimality and feasibility.
MIP search method: dynamic search.
Parallel mode: none, using 1 thread.
Root relaxation solution time = 0.10 sec. (263.19 ticks)

        Nodes                                         Cuts/
   Node  Left     Objective  IInf  Best Integer    Best Bound    ItCnt     Gap

      0     0       25.6151   394                     25.6151     3539         
      0     0       40.8458   330                    Cuts: 39     5626         
      0     0       41.9653   335                    Cuts: 30     8310         
      0     0       43.7818   330                    Cuts: 20     9666         
      0     0       44.4049   344                    Cuts: 18    10182         
      0     0       46.0493   297                    Cuts: 23    11062         
Detecting symmetries...
      0     0       46.3752   363                    Cuts: 23    11610         
      0     0       46.4105   382                    Cuts: 22    12133         
      0     0       46.5620   380                    Cuts: 15    12712         
      0     0       46.6266   420                    Cuts: 17    13255         
      0     0       46.7334   398                    Cuts: 18    13690         
      0     0       47.0427   441                     Cuts: 8    14283         
      0     0       47.2248   453                    Cuts: 11    14652         
      0     0       47.2691   437                     Cuts: 5    14995         
      0     0       47.5270   478                     Cuts: 6    15457         
      0     0       47.5661   495                     Cuts: 5    15614         
      0     0       47.7206   434                     Cuts: 7    16071         
      0     0       47.7608   434                    Cuts: 10    16377         
      0     0       47.7721   464                     Cuts: 4    16523         
      0     0       47.9614   425                 ZeroHalf: 1    16885         
      0     0       48.2011   418                     Cuts: 5    17345         
      0     0       48.2334   429                     Cuts: 7    17751         
      0     0       48.2865   420                 ZeroHalf: 3    18200         
      0     0       48.2875   417                  GUBcuts: 1    18270         
*     0+    0                          131.6543       48.2875            63.32%
*     0+    0                          110.6183       48.2875            56.35%
*     0+    0                          110.4361       48.2875            56.28%
      0     0  -1.00000e+75     0      110.4361       48.2875    18270   56.28%
Detecting symmetries...
      0     2       48.2875   414      110.4361       48.2913    18270   56.27%
Elapsed time = 1.98 sec. (4622.58 ticks, tree = 0.01 MB, solutions = 3)
      1     3       50.2708   307      110.4361       48.2913    21012   56.27%
      2     4       49.6136   420      110.4361       49.6249    23194   55.06%
      4     6       62.8843   232      110.4361       49.6249    26333   55.06%
      7     9       52.3859   325      110.4361       49.6249    32714   55.06%
      9    11       61.5677   133      110.4361       49.6249    34209   55.06%
     14    14       73.5170   146      110.4361       49.6249    40987   55.06%
     17    17       65.4841   126      110.4361       49.6249    44005   55.06%
*    30+   26                          108.7589       49.6249            54.37%
*    36    32      integral     0      100.4196       49.6249    46208   50.58%
*    45    33      integral     0       99.8523       49.6249    46424   50.30%
     54    38       97.2171     8       99.8523       49.6249    46560   50.30%
*    70+   46                           99.7433       49.6249            50.25%
     82    52       51.1116   298       99.7433       49.6266    49168   50.25%
     89    59       57.4632   121       99.7433       49.6266    59053   50.25%
Elapsed time = 3.34 sec. (8572.75 ticks, tree = 0.37 MB, solutions = 7)
    104    74       59.7926   149       99.7433       49.6266    66913   50.25%
    149   109       52.8283   313       99.7433       51.2158    77994   48.65%
    159   119       57.6195   219       99.7433       51.2158    84234   48.65%
    171   131       69.3968   230       99.7433       51.2158    91051   48.65%
    207   162       59.7415   189       99.7433       51.3322   102503   48.54%
    242   197       67.2977   185       99.7433       51.3322   114496   48.54%
    260   215       73.2660   185       99.7433       51.3322   119476   48.54%
    291   242       62.3967   226       99.7433       51.5078   129096   48.36%
    314   259       59.5918   122       99.7433       51.5191   141498   48.35%
    351   294       64.2896    86       99.7433       51.5191   155287   48.35%
Elapsed time = 6.88 sec. (18620.75 ticks, tree = 0.90 MB, solutions = 7)
*   380+  280                           94.5795       51.5191            45.53%
*   387   272      integral     0       91.3059       51.5191   163842   43.58%
    411   284       64.2140   218       91.3059       51.7199   168110   43.36%
    460   329       69.1320   149       91.3059       52.1908   180209   42.84%
    504   365       69.1441   186       91.3059       52.3861   192991   42.63%
    555   416       81.6383   196       91.3059       52.3861   203544   42.63%
    580   437       67.7916   150       91.3059       52.3872   214055   42.62%
    635   488       58.0241   103       91.3059       52.7533   227541   42.22%
*   658   486      integral     0       86.7926       52.7533   235312   39.22%
*   660   433      integral     0       79.5133       52.7533   235555   33.65%
    677   448       69.2451    97       79.5133       52.7753   244230   33.63%
Elapsed time = 9.68 sec. (26630.13 ticks, tree = 0.85 MB, solutions = 11)
    699   467       56.8444   178       79.5133       52.8370   251209   33.55%
    725   493       60.7632   186       79.5133       52.8370   263352   33.55%
    770   538       70.2800   174       79.5133       52.8370   276380   33.55%
    818   576       64.4293   156       79.5133       54.3753   289713   31.61%
    863   617       67.2226   104       79.5133       54.4441   304342   31.53%
    917   653    infeasible             79.5133       54.4441   320116   31.53%
    960   682       61.8602   104       79.5133       54.5391   332893   31.41%

Performing restart 1

Repeating presolve.
Tried aggregator 3 times.
MIP Presolve eliminated 30 rows and 177 columns.
MIP Presolve modified 2341 coefficients.
Aggregator did 11 substitutions.
Reduced MIP has 798 rows, 2845 columns, and 62077 nonzeros.
Reduced MIP has 2790 binaries, 0 generals, 0 SOSs, and 0 indicators.
Presolve time = 0.11 sec. (182.20 ticks)
Tried aggregator 1 time.
MIP Presolve eliminated 1 rows and 52 columns.
MIP Presolve modified 487 coefficients.
Reduced MIP has 797 rows, 2793 columns, and 60863 nonzeros.
Reduced MIP has 2738 binaries, 0 generals, 0 SOSs, and 0 indicators.
Presolve time = 0.03 sec. (46.09 ticks)
Tried aggregator 1 time.
Reduced MIP has 797 rows, 2793 columns, and 60863 nonzeros.
Reduced MIP has 2738 binaries, 0 generals, 0 SOSs, and 0 indicators.
Presolve time = 0.02 sec. (28.98 ticks)
Represolve time = 0.39 sec. (1045.99 ticks)
    993     0       48.3367   432       79.5133      Cuts: 28   350158   31.13%
    993     0       48.9668   413       79.5133      Cuts: 26   351228   31.13%
    993     0       49.2376   400       79.5133      Cuts: 21   352300   31.13%
    993     0       49.2720   436       79.5133      Cuts: 19   352784   31.13%
    993     0       49.3099   424       79.5133      Cuts: 17   353170   31.13%
    993     0       49.3942   429       79.5133      Cuts: 21   353621   31.13%
    993     0       49.4567   416       79.5133      Cuts: 21   354183   31.13%
    993     0       49.5258   398       79.5133      Cuts: 28   354829   31.13%
    993     0       49.5325   401       79.5133      Cuts: 18   355169   31.13%
    993     2       49.5325   401       79.5133       54.7586   355169   31.13%
    994     3       50.3637   417       79.5133       54.7586   357158   31.13%
    995     4       50.5505   361       79.5133       54.7586   358167   31.13%
Elapsed time = 21.07 sec. (60566.25 ticks, tree = 0.01 MB, solutions = 11)
    996     5       50.6248   432       79.5133       54.7586   358915   31.13%
    997     6       50.8234   396       79.5133       54.7586   359405   31.13%
    998     7       50.9022   413       79.5133       54.7586   360647   31.13%
    999     8       67.2055   248       79.5133       54.7586   364914   31.13%
   1000     9       51.0465   396       79.5133       54.7586   366534   31.13%
   1001     9       74.0126   204       79.5133       54.7586   369647   31.13%
   1002     9       74.0135   184       79.5133       54.7586   369846   31.13%
   1006    10       74.4084   231       79.5133       54.7586   370140   31.13%
   1019    14       78.3333    69       79.5133       54.7586   371043   31.13%
   1029    18       66.4122   184       79.5133       54.7586   373619   31.13%
Elapsed time = 26.50 sec. (76772.30 ticks, tree = 0.12 MB, solutions = 11)
   1032    21       67.4791   183       79.5133       54.7586   374229   31.13%
   1049    32       76.4304    83       79.5133       54.7586   376285   31.13%
   1067    38       60.9819   239       79.5133       54.7586   378618   31.13%
   1070    41       62.7416   203       79.5133       54.7586   380061   31.13%
   1075    45       65.6558   241       79.5133       54.7586   381965   31.13%
   1084    54       70.6357   115       79.5133       54.7586   384558   31.13%
   1092    60       73.3038   165       79.5133       54.7586   386994   31.13%
   1097    63       74.4381   190       79.5133       54.7586   388376   31.13%
   1107    67       75.5291   178       79.5133       54.7586   389399   31.13%
   1113    69       76.1134   193       79.5133       54.7586   392041   31.13%
Elapsed time = 30.41 sec. (87781.10 ticks, tree = 0.41 MB, solutions = 11)
   1125    72       66.2664   190       79.5133       54.7586   396262   31.13%
   1138    85       67.0127   125       79.5133       54.7586   398086   31.13%
   1142    89       67.4229   148       79.5133       54.7586   400395   31.13%
   1146    93       68.0117   175       79.5133       54.7586   402923   31.13%
   1151    98       69.0209   182       79.5133       54.7586   406050   31.13%
   1154   101       69.2675   167       79.5133       54.7586   407347   31.13%
   1159   105       69.9844   234       79.5133       54.7586   410179   31.13%
   1162   108       70.3827   228       79.5133       54.7586   411265   31.13%
   1170   115       70.9199   221       79.5133       54.7586   413553   31.13%
   1175   120       71.8901   243       79.5133       54.7586   415371   31.13%
Elapsed time = 34.58 sec. (99684.58 ticks, tree = 0.50 MB, solutions = 11)
   1189   130       73.1847   173       79.5133       54.7586   417797   31.13%
   1195   132       74.1405   246       79.5133       54.7586   419009   31.13%
   1202   134       77.3258   151       79.5133       54.7586   421113   31.13%
   1204   133       68.3416   277       79.5133       54.7586   427034   31.13%
   1211   138       71.1493   256       79.5133       54.7586   428264   31.13%
   1222   143       72.5941   207       79.5133       54.7586   430200   31.13%
   1244   155       75.4979   236       79.5133       54.7586   432243   31.13%
   1261   167       61.7629   179       79.5133       54.7586   435195   31.13%
   1268   173       63.9003   188       79.5133       54.7586   436935   31.13%
   1283   186       67.1775   110       79.5133       54.7586   439024   31.13%
Elapsed time = 38.30 sec. (110386.54 ticks, tree = 0.94 MB, solutions = 11)
   1321   202       51.0670   379       79.5133       54.7586   441446   31.13%
   1325   206       59.4234   121       79.5133       54.7586   444202   31.13%
   1338   216       63.2351   166       79.5133       54.7586   446396   31.13%
   1352   224       65.5991   149       79.5133       54.7586   448605   31.13%
   1394   253       66.9387   163       79.5133       54.7586   454553   31.13%
   1415   271       71.4015   205       79.5133       54.7586   457103   31.13%
   1454   291       75.9089   198       79.5133       54.7586   460045   31.13%
   1485   305       66.2582   192       79.5133       54.7586   464089   31.13%
   1513   333       72.8212   180       79.5133       54.7586   470771   31.13%
   1529   342       51.1274   373       79.5133       54.7586   475280   31.13%
Elapsed time = 42.41 sec. (122210.61 ticks, tree = 2.22 MB, solutions = 11)
   1531   344       51.5856   375       79.5133       54.7586   477536   31.13%
   1534   347       51.8312   356       79.5133       54.7586   478408   31.13%
   1538   351       52.3744   385       79.5133       54.7586   482075   31.13%
   1554   367       53.2583   298       79.5133       54.7586   488460   31.13%
   1576   389       54.7882   236       79.5133       54.7586   494958   31.13%
   1606   419       56.5033   275       79.5133       54.7586   499613   31.13%
   1631   444       65.0945   250       79.5133       54.7586   504890   31.13%
   1658   470       72.0677   219       79.5133       54.7586   509502   31.13%
   1677   477       66.9307   165       79.5133       54.7586   513120   31.13%
   1751   543       65.2619   152       79.5133       54.7586   533295   31.13%
Elapsed time = 46.88 sec. (135927.38 ticks, tree = 3.84 MB, solutions = 11)
   1800   587       59.1699   198       79.5133       54.7586   552330   31.13%
   1873   653       76.5497   215       79.5133       54.7586   573201   31.13%
   1933   697       75.3111   115       79.5133       54.7586   586400   31.13%
*  2028   703      integral     0       76.0511       54.7586   602538   28.00%
   2078   742       61.8616   104       76.0511       54.7586   613885   28.00%
*  2092   299      integral     0       67.4640       54.7586   614689   18.83%
   2168   325       61.4526    89       67.4640       54.7586   645464   18.83%
   2191   320       60.2185   175       67.4640       54.7586   661591   18.83%
   2215   313       63.2314   227       67.4640       54.8437   676259   18.71%
   2238   300        cutoff             67.4640       55.8524   691539   17.21%
   2279   270       66.8292   150       67.4640       57.7482   711947   14.40%
   2314   251        cutoff             67.4640       60.9965   726922    9.59%
Elapsed time = 60.49 sec. (175576.26 ticks, tree = 1.86 MB, solutions = 13)
   2356   256        cutoff             67.4640       61.2282   736346    9.24%
   2388   251       64.9935   137       67.4640       61.8777   747878    8.28%
   2450   219        cutoff             67.4640       62.8941   761638    6.77%
   2551   142        cutoff             67.4640       65.3690   779027    3.11%
   2644    71       67.1844    32       67.4640       66.5722   791532    1.32%

GUB cover cuts applied:  8
Clique cuts applied:  3
Cover cuts applied:  1
Implied bound cuts applied:  15
Mixed integer rounding cuts applied:  3
Zero-half cuts applied:  38
Lift and project cuts applied:  10
Gomory fractional cuts applied:  4

Root node processing (before b&c):
  Real time             =    1.93 sec. (4511.90 ticks)
Sequential b&c:
  Real time             =   65.66 sec. (191506.52 ticks)
                          ------------
Total (root+branch&cut) =   67.59 sec. (196018.42 ticks)
Feasible solution found!
Truck nodes:
Stage 1 at customer 0 with arrival time is: 
Stage 2 at customer 9 with arrival time is: 
Stage 3 at customer 2 with arrival time is: 
Stage 4 at customer 4 with arrival time is: 
Stage 5 at customer 8 with arrival time is: 
Stage 6 at customer 6 with arrival time is: 
Stage 7 at customer 5 with arrival time is: 
Stage 8 at customer 7 with arrival time is: 
Stage 9 at customer 3 with arrival time is: 
Stage 10 at customer 1 with arrival time is: 
Stage 11 at customer 10 with arrival time is: 
Stage 12 at customer 11 with arrival time is: 
Truck arcs:
Arc 1 connecting 0 and 9 with cost 7.71706 
Arc 2 connecting 9 and 2 with cost 6.13892 
Arc 3 connecting 2 and 4 with cost 4.55136 
Arc 4 connecting 4 and 8 with cost 1.94864 
Arc 5 connecting 8 and 6 with cost 5.60229 
Arc 6 connecting 6 and 5 with cost 0.955922 
Arc 7 connecting 5 and 7 with cost 0.777831 
Arc 8 connecting 7 and 3 with cost 10.9841 
Arc 9 connecting 3 and 1 with cost 3.93636 
Arc 10 connecting 1 and 10 with cost 12.0132 
Arc 11 connecting 10 and 11 with cost 12.8383 
Printing Y(k,i,h):
Done!
-------------------------Re-calculated objective-----------------------
67.464
------------------------------------------------------------------------
Solve time: 67.585
OBJECTIVE VALUE: 67.464, NUMBER OF SORTIES: 0.
Number of loop(s):0
Number of revisit: 0
In write mode
