Instance name: /home/orlab/CLionProjects/RV-FSTSP/Murray_instances/FSTSP/FSTSP_10_customer_problems/20140810T123440v12
Write arg val: 1
Input is specified as type M: Murray instance.-.-.-.-.-.-.-.-.-.-.-.-.-.-.-.-.-.-.-.-

drone speed: 0.6 miles/minute
uav non-eligible customer: 4 5 
Printing tau:
0 13.106 12.3922 26.2811 19.5652 18.1619 11.127 18.8128 14.0231 14.8935 20.0525 0 
13.106 0 7.41815 13.1751 7.41924 8.38408 3.41898 9.99874 2.95098 5.14749 6.9465 13.106 
12.3922 7.41815 0 14.3533 14.8374 5.76971 3.99917 6.42059 10.3691 12.5656 10.5246 12.3922 
26.2811 13.1751 14.3533 0 6.71587 15.3192 15.1541 16.9338 12.258 15.4145 6.22861 26.2811 
19.5652 7.41924 14.8374 6.71587 0 15.8033 10.8382 17.418 5.54215 8.69866 4.31275 19.5652 
18.1619 8.38408 5.76971 15.3192 15.8033 0 7.0349 1.61466 11.3351 13.5316 11.4906 18.1619 
11.127 3.41898 3.99917 15.1541 10.8382 7.0349 0 7.68579 6.36995 8.56647 8.92548 11.127 
18.8128 9.99874 6.42059 16.9338 17.418 1.61466 7.68579 0 12.9497 15.1462 13.1052 18.8128 
14.0231 2.95098 10.3691 12.258 5.54215 11.3351 6.36995 12.9497 0 3.15652 6.0294 14.0231 
14.8935 5.14749 12.5656 15.4145 8.69866 13.5316 8.56647 15.1462 3.15652 0 9.18592 14.8935 
20.0525 6.9465 10.5246 6.22861 4.31275 11.4906 8.92548 13.1052 6.0294 9.18592 0 20.0525 
0 0 0 0 0 0 0 0 0 0 0 0 
Printing tau_prime:
0 8.24915 6.36847 15.722 13.146 9.19889 6.46499 9.50274 9.5546 9.31173 12.0298 0 
8.24915 0 3.76404 7.52003 4.96845 4.94498 1.99526 5.81479 1.56079 2.83526 3.84337 8.24915 
6.36847 3.76404 0 10.0878 8.32381 2.9547 2.11856 3.49502 5.30158 6.39321 6.57469 6.36847 
15.722 7.52003 10.0878 0 3.40083 8.7569 9.26995 9.34774 6.51004 7.83769 3.69272 15.722 
13.146 4.96845 8.32381 3.40083 0 8.01329 6.9376 8.80561 3.59566 4.54085 2.19212 13.146 
9.19889 4.94498 2.9547 8.7569 8.01329 0 4.349 0.879294 6.09477 7.76448 5.88165 9.19889 
6.46499 1.99526 2.11856 9.26995 6.9376 4.349 0 5.11013 3.53422 4.32872 5.58437 6.46499 
9.50274 5.81479 3.49502 9.34774 8.80561 0.879294 5.11013 0 6.97365 8.63888 6.64869 9.50274 
9.5546 1.56079 5.30158 6.51004 3.59566 6.09477 3.53422 6.97365 0 1.9423 3.04632 9.5546 
9.31173 2.83526 6.39321 7.83769 4.54085 7.76448 4.32872 8.63888 1.9423 0 4.75273 9.31173 
12.0298 3.84337 6.57469 3.69272 2.19212 5.88165 5.58437 6.64869 3.04632 4.75273 0 12.0298 
0 0 0 0 0 0 0 0 0 0 0 0 
---------------------------------------------------------------
Current config:
- Number of threads = 1
- Drone endurance = 20
- SL = 1
- SR = 1
- L = 1
- Allow loop = 1
- Allow revisit = 1
- Allow multi-visit drone = 0
- Use TSP optimal solution as warmstart: = 0
- Use cutting plane method: = 0
- Use CPLEX conflict refiner: = 0
---------------------------------------------------------------
---------------------------------------------
Calculate max stage gap for sortie.... 
Stage gap calculation consumes too much memory. No constraint was added.
---------------------------------------------
Warning:  Output names have been modified due to duplicate names or characters invalid in LP format.
Version identifier: 22.1.1.0 | 2022-11-28 | 9160aff4d
CPXPARAM_Threads                                 1
CPXPARAM_TimeLimit                               3600
CPXPARAM_WorkMem                                 24576
Tried aggregator 3 times.
MIP Presolve eliminated 971 rows and 1681 columns.
MIP Presolve modified 2555 coefficients.
Aggregator did 26 substitutions.
Reduced MIP has 882 rows, 3461 columns, and 76929 nonzeros.
Reduced MIP has 3395 binaries, 0 generals, 0 SOSs, and 0 indicators.
Presolve time = 0.08 sec. (140.41 ticks)
Found incumbent of value 132.249407 after 0.10 sec. (187.37 ticks)
Probing time = 0.01 sec. (13.88 ticks)
Cover probing fixed 3 vars, tightened 66 bounds.
Tried aggregator 2 times.
Detecting symmetries...
MIP Presolve eliminated 9 rows and 3 columns.
MIP Presolve modified 367 coefficients.
Aggregator did 9 substitutions.
Reduced MIP has 864 rows, 3449 columns, and 76461 nonzeros.
Reduced MIP has 3383 binaries, 0 generals, 0 SOSs, and 0 indicators.
Presolve time = 0.05 sec. (60.42 ticks)
Probing fixed 25 vars, tightened 0 bounds.
Probing time = 0.05 sec. (204.12 ticks)
Clique table members: 38786.
MIP emphasis: balance optimality and feasibility.
MIP search method: dynamic search.
Parallel mode: none, using 1 thread.
Root relaxation solution time = 0.09 sec. (236.87 ticks)

        Nodes                                         Cuts/
   Node  Left     Objective  IInf  Best Integer    Best Bound    ItCnt     Gap

*     0+    0                          132.2494      -11.0000           108.32%
      0     0       23.5909   293      132.2494       23.5909     3232   82.16%
      0     0       42.1504   199      132.2494      Cuts: 28     4824   68.13%
      0     0       46.1605   221      132.2494      Cuts: 26     5747   65.10%
      0     0       47.6453   237      132.2494  ZeroHalf: 20     7339   63.97%
*     0+    0                          130.2494       47.6453            63.42%
*     0+    0                          113.2812       47.6453            57.94%
      0     0       47.9414   246      113.2812      Cuts: 12     8243   57.68%
      0     0       48.2346   243      113.2812      Cuts: 10     8800   57.42%
Detecting symmetries...
      0     0       48.6464   215      113.2812      Cuts: 10     9294   57.06%
      0     0       49.4777   248      113.2812       Cuts: 9     9963   56.32%
      0     0       49.7468   291      113.2812       Cuts: 6    10598   56.09%
      0     0       50.1627   220      113.2812       Cuts: 5    11530   55.72%
      0     0       50.3292   250      113.2812      Cuts: 15    11738   55.57%
      0     0       50.3474   271      113.2812       Cuts: 5    11867   55.56%
      0     0       50.4116   253      113.2812   ZeroHalf: 5    12073   55.50%
      0     0       50.5285   259      113.2812   ZeroHalf: 2    12785   55.40%
      0     0       50.6037   268      113.2812       Cuts: 8    13192   55.33%
      0     0       50.6618   257      113.2812  ZeroHalf: 10    13801   55.28%
      0     0       50.7447   276      113.2812       Cuts: 7    14359   55.20%
      0     0       50.7909   266      113.2812   ZeroHalf: 4    14898   55.16%
      0     0       50.9184   267      113.2812   ZeroHalf: 8    15259   55.05%
      0     0       51.0504   273      113.2812       Cuts: 4    15739   54.93%
      0     0       51.1360   300      113.2812       Cuts: 6    16576   54.86%
      0     0       51.1629   283      113.2812       Cuts: 6    16751   54.84%
*     0+    0                          103.9930       51.1629            50.80%
*     0+    0                           97.3318       51.1629            47.43%
*     0+    0                           89.5824       51.1629            42.89%
*     0+    0                           75.8426       51.1629            32.54%
      0     0  -1.00000e+75     0       75.8426       51.1629    16751   32.54%
Detecting symmetries...
      0     2       51.1629   283       75.8426       51.2018    16751   32.49%
Elapsed time = 2.59 sec. (5847.82 ticks, tree = 0.01 MB, solutions = 7)
      2     4       54.6656   205       75.8426       51.3642    19444   32.28%
      5     7       53.8682   165       75.8426       51.3775    22646   32.26%
      7     9       55.6513   139       75.8426       51.3775    27536   32.26%
      9    11       52.8453   229       75.8426       51.3775    30661   32.26%
     12    14       57.0053    95       75.8426       51.3775    33053   32.26%
     16    18       53.0272   198       75.8426       51.3775    36058   32.26%
     21    23       59.9355   102       75.8426       51.3775    39762   32.26%
     24    26       53.3226   192       75.8426       51.3775    43043   32.26%
     26    28       53.3908   198       75.8426       51.3775    44854   32.26%
     49    51       63.4428   100       75.8426       51.3775    57196   32.26%
Elapsed time = 4.03 sec. (9985.28 ticks, tree = 0.22 MB, solutions = 7)
    105    97       52.9622   172       75.8426       52.0882    72082   31.32%
    116   108       54.6773   166       75.8426       52.0882    83170   31.32%
*   150+  133                           74.9614       52.0882            30.51%
*   160+  140                           73.1875       52.0882            28.83%
*   164   128      integral     0       68.7052       52.0882    94120   24.19%
    166   130       59.6615   127       68.7052       52.7883    96839   23.17%
    198   156       58.2739   153       68.7052       52.8487   109460   23.08%
    235   193       62.7799   151       68.7052       52.8487   121602   23.08%
    267   221       55.2422   182       68.7052       52.9521   133693   22.93%
    285   233       58.0351   163       68.7052       52.9934   146183   22.87%
    320   263       59.8307   153       68.7052       53.0484   158676   22.79%
    348   286       58.9299    98       68.7052       53.1146   173693   22.69%
    386   318       63.1879    97       68.7052       53.1272   187176   22.67%
Elapsed time = 7.63 sec. (20021.03 ticks, tree = 0.67 MB, solutions = 10)
    428   350       58.9773   207       68.7052       53.2186   199526   22.54%
    445   367       66.3184   118       68.7052       53.2186   208196   22.54%
    460   378       57.6801   161       68.7052       53.4177   218053   22.25%
    527   417       56.7372   198       68.7052       53.4448   230114   22.21%
    559   449       67.0599   179       68.7052       53.4448   243321   22.21%
    584   465       58.3380   155       68.7052       53.5050   256584   22.12%
    607   484       56.6477   157       68.7052       53.5711   268955   22.03%
    634   507       59.9209   176       68.7052       53.6905   283582   21.85%
    676   533       63.2481   139       68.7052       53.7145   295335   21.82%
    697   550       60.2729   143       68.7052       53.7417   304321   21.78%
Elapsed time = 11.17 sec. (30099.35 ticks, tree = 1.07 MB, solutions = 10)
    725   573       65.0355    96       68.7052       53.7526   316013   21.76%
    758   598       61.3374    97       68.7052       53.8966   330834   21.55%
    821   651       55.8586   189       68.7052       53.9093   343109   21.54%
    849   677       65.8325   145       68.7052       53.9093   356666   21.54%
    882   704       67.4549   130       68.7052       54.1224   370947   21.23%
    911   727       62.2460    84       68.7052       54.1819   382744   21.14%
    941   753       62.6348    88       68.7052       54.3340   396609   20.92%
    973   775       62.3882   111       68.7052       54.3868   411165   20.84%
   1010   805       65.5431    63       68.7052       54.5272   426100   20.64%

Performing restart 1

Repeating presolve.
Tried aggregator 1 time.
MIP Presolve eliminated 7 rows and 66 columns.
MIP Presolve modified 13 coefficients.
Reduced MIP has 857 rows, 3383 columns, and 74957 nonzeros.
Reduced MIP has 3317 binaries, 0 generals, 0 SOSs, and 0 indicators.
Presolve time = 0.03 sec. (53.03 ticks)
Tried aggregator 1 time.
Reduced MIP has 857 rows, 3383 columns, and 74957 nonzeros.
Reduced MIP has 3317 binaries, 0 generals, 0 SOSs, and 0 indicators.
Presolve time = 0.03 sec. (40.95 ticks)
Represolve time = 0.13 sec. (237.33 ticks)
   1024     0       50.3306   242       68.7052      Cuts: 11   434301   20.64%
   1024     0       52.3278   253       68.7052      Cuts: 24   435514   20.64%
   1024     0       52.7303   258       68.7052      Cuts: 17   436879   20.64%
   1024     0       53.0390   249       68.7052      Cuts: 18   438370   20.64%
   1024     0       53.2065   266       68.7052      Cuts: 13   439390   20.64%
   1024     0       53.3264   288       68.7052      Cuts: 24   440440   20.64%
   1024     0       53.4057   287       68.7052      Cuts: 13   441479   20.64%
   1024     0       53.5657   275       68.7052      Cuts: 14   443451   20.64%
   1024     0       53.5999   260       68.7052      Cuts: 14   444549   20.64%
   1024     0       53.6445   288       68.7052      Cuts: 21   445958   20.64%
   1024     0       53.6698   286       68.7052       Cuts: 7   446920   20.64%
   1024     2       54.2995   249       68.7052       54.5272   449553   20.64%
Elapsed time = 20.34 sec. (54378.32 ticks, tree = 0.01 MB, solutions = 10)
   1025     3       54.4239   250       68.7052       54.5272   450364   20.64%
   1026     4       54.6051   248       68.7052       54.6071   451811   20.52%
   1027     5       54.6400   261       68.7052       54.6413   452717   20.47%
   1028     5       68.4835   149       68.7052       54.6413   454622   20.47%
   1030     5       54.7796   253       68.7052       54.7798   458647   20.27%
   1031     6       54.8179   263       68.7052       54.8193   460491   20.21%
   1032     7       54.9894   245       68.7052       54.8275   461655   20.20%
   1033     8       58.4823   181       68.7052       54.9966   464065   19.95%
   1034     9       55.0832   228       68.7052       55.0860   464508   19.82%
   1035    10       59.6504    85       68.7052       55.0860   466596   19.82%
Elapsed time = 30.06 sec. (82402.07 ticks, tree = 0.02 MB, solutions = 10)
   1036    11       59.8780   149       68.7052       55.0860   467424   19.82%
   1037    12       60.0374   140       68.7052       55.0860   468216   19.82%
   1038    12       64.9309    80       68.7052       55.0860   469542   19.82%
   1041    14       65.5143    71       68.7052       55.0860   470138   19.82%
   1049    18       65.6120    60       68.7052       55.0860   471617   19.82%
   1090    40       55.1983   222       68.7052       55.1011   472823   19.80%
   1091    41       55.2841   237       68.7052       55.1011   473362   19.80%
   1092    42       55.4518   241       68.7052       55.1011   474872   19.80%
   1094    44       55.5803   217       68.7052       55.1011   475573   19.80%
   1097    47       55.7169   231       68.7052       55.1011   476326   19.80%
Elapsed time = 35.63 sec. (97755.12 ticks, tree = 0.13 MB, solutions = 10)
   1099    49       55.8345   240       68.7052       55.1011   477357   19.80%
   1101    51       56.3597   193       68.7052       55.1011   478403   19.80%
   1103    52       56.8116   197       68.7052       55.1011   479608   19.80%
   1107    56       57.4308   183       68.7052       55.1011   480352   19.80%
   1110    59       58.6504   200       68.7052       55.1011   481654   19.80%
   1111    60       58.9522   214       68.7052       55.1011   482033   19.80%
   1114    63       59.3670   207       68.7052       55.1011   483471   19.80%
   1116    65       59.5124   181       68.7052       55.1011   485340   19.80%
   1120    69       59.8154   156       68.7052       55.1011   486987   19.80%
   1125    74       60.4323   164       68.7052       55.1011   488324   19.80%
Elapsed time = 40.59 sec. (111554.52 ticks, tree = 0.18 MB, solutions = 10)
   1130    79       61.2532   162       68.7052       55.1011   489555   19.80%
   1137    82       62.4662   158       68.7052       55.1011   491171   19.80%
   1143    83       66.2426   186       68.7052       55.2820   494802   19.54%
   1146    84       66.3430   162       68.7052       55.2820   496026   19.54%
   1151    87       67.0345   147       68.7052       55.2820   497317   19.54%
   1158    88       60.4667   118       68.7052       55.3796   500073   19.40%
   1162    92       62.8294    56       68.7052       55.3796   501758   19.40%
   1187   117       62.9368    98       68.7052       55.3796   503380   19.40%
*  1204+  127                           66.7704       55.3796            17.06%
   1232   156       62.9493    88       66.7704       55.3796   504424   17.06%
   1252   165       58.4251   180       66.7704       55.4599   506508   16.94%
Elapsed time = 45.42 sec. (124284.63 ticks, tree = 0.89 MB, solutions = 11)
   1255   168       62.0909    85       66.7704       55.4599   508220   16.94%
   1259   171       63.8307   104       66.7704       55.4599   510208   16.94%
   1295   199       64.7257    25       66.7704       55.4599   512813   16.94%
   1305   202       62.1069   135       66.7704       55.4903   514937   16.89%
   1321   214       65.2290    99       66.7704       55.4903   516827   16.89%
   1345   225       61.3338   127       66.7704       55.5803   520940   16.76%
   1361   241       62.5304    45       66.7704       55.5803   523590   16.76%
   1402   279       62.5392   136       66.7704       55.5803   526731   16.76%
   1453   311       59.1984   210       66.7704       55.6705   530898   16.62%
   1465   323       64.6024    58       66.7704       55.6705   533511   16.62%
Elapsed time = 49.90 sec. (135955.40 ticks, tree = 2.28 MB, solutions = 11)
   1481   329       62.0043    36       66.7704       55.7353   537555   16.53%
   1518   359       58.3943   206       66.7704       55.7985   541539   16.43%
   1549   385       62.9533   144       66.7704       55.8653   546217   16.33%
   1568   396       65.1376    76       66.7704       55.8653   547749   16.33%
   1576   401       60.1363   149       66.7704       55.9227   552013   16.25%
   1584   406       61.3465   115       66.7704       55.9227   554867   16.25%
*  1594+  365                           64.9914       55.9227            13.95%
   1614   386       62.0060   169       64.9914       55.9227   557197   13.95%
   1695   456       64.9633     6       64.9914       55.9227   558243   13.95%
   1699   456       56.4827   210       64.9914       56.2009   560638   13.53%
   1733   481       61.2162   100       64.9914       56.3094   572714   13.36%
Elapsed time = 55.16 sec. (149945.85 ticks, tree = 3.76 MB, solutions = 12)
   1834   553       59.9614   102       64.9914       56.4873   586930   13.08%
   1943   627       58.6260   232       64.9914       56.9085   607271   12.44%
*  2024+  142                           62.0043       56.9085             8.22%
   2030   143       59.1796   197       62.0043       57.2926   624585    7.60%
   2098   168        cutoff             62.0043       57.8533   639814    6.69%
   2181   204       60.4329   176       62.0043       58.6267   661679    5.45%
   2207   210       59.7884   137       62.0043       58.7879   668745    5.19%
   2226   220       60.5646   194       62.0043       58.8048   675302    5.16%
   2304   243       61.0599   115       62.0043       59.0904   696159    4.70%
   2339   239       61.7055   106       62.0043       59.4116   708979    4.18%
   2448   218        cutoff             62.0043       60.0493   734050    3.15%
Elapsed time = 69.88 sec. (189044.10 ticks, tree = 1.32 MB, solutions = 13)
   2514   216       61.3317    98       62.0043       60.3368   747961    2.69%
   2595   200       61.2843    32       62.0043       60.7304   766712    2.05%
   2665   166        cutoff             62.0043       61.0214   780437    1.59%
   2786    81        cutoff             62.0043       61.5139   793316    0.79%

GUB cover cuts applied:  1
Cover cuts applied:  3
Implied bound cuts applied:  13
Mixed integer rounding cuts applied:  1
Zero-half cuts applied:  44
Lift and project cuts applied:  6
Gomory fractional cuts applied:  9

Root node processing (before b&c):
  Real time             =    2.57 sec. (5759.22 ticks)
Sequential b&c:
  Real time             =   73.72 sec. (199854.22 ticks)
                          ------------
Total (root+branch&cut) =   76.29 sec. (205613.44 ticks)
Feasible solution found!
Truck nodes:
Stage 1 at customer 0 with arrival time is: 
Stage 2 at customer 2 with arrival time is: 
Stage 3 at customer 5 with arrival time is: 
Stage 4 at customer 5 with arrival time is: 
Stage 5 at customer 10 with arrival time is: 
Stage 6 at customer 4 with arrival time is: 
Stage 7 at customer 4 with arrival time is: 
Stage 8 at customer 8 with arrival time is: 
Stage 9 at customer 1 with arrival time is: 
Stage 10 at customer 6 with arrival time is: 
Stage 11 at customer 11 with arrival time is: 
Truck arcs:
Arc 1 connecting 0 and 2 with cost 12.3922 
Arc 2 connecting 2 and 5 with cost 5.76971 
Arc 3 connecting 5 and 5 with cost 0 
Arc 4 connecting 5 and 10 with cost 11.4906 
Arc 5 connecting 10 and 4 with cost 4.31275 
Arc 6 connecting 4 and 4 with cost 0 
Arc 7 connecting 4 and 8 with cost 5.54215 
Arc 8 connecting 8 and 1 with cost 2.95098 
Arc 9 connecting 1 and 6 with cost 3.41898 
Arc 10 connecting 6 and 11 with cost 11.127 
Customer 3 served by drone.
Drone fly from 5 at stage 4 to serve 3 and then fly back to 4 at stage 6. 
Truck arcs during this sortie: 5--->10--->4
Truck travel time from stage 4 to 6 is: 15.8033
Total drone travel time: 12.1577
Customer 7 served by drone.
Drone fly from 0 at stage 1 to serve 7 and then fly back to 5 at stage 3. 
Truck arcs during this sortie: 0--->2--->5
Truck travel time from stage 1 to 3 is: 18.1619
Total drone travel time: 10.382
Customer 9 served by drone.
Drone fly from 4 at stage 7 to serve 9 and then fly back to 6 at stage 10. 
Truck arcs during this sortie: 4--->8--->1--->6
Truck travel time from stage 7 to 10 is: 11.9121
Total drone travel time: 8.86957
Customer 3 served, start stage = 4, end stage = 6
Wait time for this sortie: 0
Customer 7 served, start stage = 1, end stage = 3
Wait time for this sortie: 0
Customer 9 served, start stage = 7, end stage = 10
Wait time for this sortie: 0
Printing Y(k,i,h):
Y[1][0][7] == 1
Y[4][5][3] == 1
Y[7][4][9] == 1
Done!
-------------------------Re-calculated objective-----------------------
62.0043
------------------------------------------------------------------------
Solve time: 76.285
Node 4 was revisited 1 times!
Node 5 was revisited 1 times!
OBJECTIVE VALUE: 62.0043, NUMBER OF SORTIES: 0.
Number of loop(s):0
Number of revisit: 2
In write mode
