Instance name: /home/orlab/CLionProjects/RV-FSTSP/Murray_instances/FSTSP/FSTSP_10_customer_problems/20140810T123440v6
Write arg val: 1
Input is specified as type M: Murray instance.-.-.-.-.-.-.-.-.-.-.-.-.-.-.-.-.-.-.-.-

drone speed: 0.4 miles/minute
uav non-eligible customer: 4 5 
Printing tau:
0 3.05404 10.4722 13.4811 6.76521 11.4381 6.47301 13.0528 1.22306 2.41346 7.25246 0 
3.05404 0 7.41815 13.1751 7.41924 8.38408 3.41898 9.99874 2.95098 5.14749 6.9465 3.05404 
10.4722 7.41815 0 14.3533 14.8374 5.76971 3.99917 6.42059 10.3691 12.5656 10.5246 10.4722 
13.4811 13.1751 14.3533 0 6.71587 15.3192 15.1541 16.9338 12.258 15.4145 6.22861 13.4811 
6.76521 7.41924 14.8374 6.71587 0 15.8033 10.8382 17.418 5.54215 8.69866 4.31275 6.76521 
11.4381 8.38408 5.76971 15.3192 15.8033 0 7.0349 1.61466 11.3351 13.5316 11.4906 11.4381 
6.47301 3.41898 3.99917 15.1541 10.8382 7.0349 0 7.68579 6.36995 8.56647 8.92548 6.47301 
13.0528 9.99874 6.42059 16.9338 17.418 1.61466 7.68579 0 12.9497 15.1462 13.1052 13.0528 
1.22306 2.95098 10.3691 12.258 5.54215 11.3351 6.36995 12.9497 0 3.15652 6.0294 1.22306 
2.41346 5.14749 12.5656 15.4145 8.69866 13.5316 8.56647 15.1462 3.15652 0 9.18592 2.41346 
7.25246 6.9465 10.5246 6.22861 4.31275 11.4906 8.92548 13.1052 6.0294 9.18592 0 7.25246 
0 0 0 0 0 0 0 0 0 0 0 0 
Printing tau_prime:
0 2.17034 7.41057 9.91973 5.69311 8.93253 4.72752 10.1619 0.867899 2.01504 5.1284 0 
2.17034 0 5.26965 10.528 6.95583 6.92297 2.79336 8.14071 2.1851 3.96936 5.38071 2.17034 
7.41057 5.26965 0 14.123 11.6533 4.13658 2.96598 4.89302 7.42221 8.9505 9.20456 7.41057 
9.91973 10.528 14.123 0 4.76116 12.2597 12.9779 13.0868 9.11406 10.9728 5.16981 9.91973 
5.69311 6.95583 11.6533 4.76116 0 11.2186 9.71264 12.3279 5.03393 6.35719 3.06897 5.69311 
8.93253 6.92297 4.13658 12.2597 11.2186 0 6.0886 1.23101 8.53268 10.8703 8.2343 8.93253 
4.72752 2.79336 2.96598 12.9779 9.71264 6.0886 0 7.15418 4.94791 6.06021 7.81812 4.72752 
10.1619 8.14071 4.89302 13.0868 12.3279 1.23101 7.15418 0 9.7631 12.0944 9.30817 10.1619 
0.867899 2.1851 7.42221 9.11406 5.03393 8.53268 4.94791 9.7631 0 2.71922 4.26485 0.867899 
2.01504 3.96936 8.9505 10.9728 6.35719 10.8703 6.06021 12.0944 2.71922 0 6.65382 2.01504 
5.1284 5.38071 9.20456 5.16981 3.06897 8.2343 7.81812 9.30817 4.26485 6.65382 0 5.1284 
0 0 0 0 0 0 0 0 0 0 0 0 
---------------------------------------------------------------
Current config:
- Number of threads = 1
- Drone endurance = 20
- SL = 1
- SR = 1
- L = 1
- Allow loop = 0
- Allow revisit = 1
- Allow multi-visit drone = 0
- Use TSP optimal solution as warmstart: = 0
- Use cutting plane method: = 0
- Use CPLEX conflict refiner: = 0
---------------------------------------------------------------
---------------------------------------------
Calculate max stage gap for sortie.... 
Stage gap calculation consumes too much memory. No constraint was added.
---------------------------------------------
Warning:  Output names have been modified due to duplicate names or characters invalid in LP format.
Version identifier: 22.1.1.0 | 2022-11-28 | 9160aff4d
CPXPARAM_Threads                                 1
CPXPARAM_TimeLimit                               3600
CPXPARAM_WorkMem                                 24576
Tried aggregator 3 times.
MIP Presolve eliminated 4399 rows and 1749 columns.
MIP Presolve modified 4802 coefficients.
Aggregator did 25 substitutions.
Reduced MIP has 1505 rows, 3394 columns, and 82628 nonzeros.
Reduced MIP has 3328 binaries, 0 generals, 0 SOSs, and 0 indicators.
Presolve time = 0.09 sec. (161.97 ticks)
Found incumbent of value 148.605975 after 0.11 sec. (215.64 ticks)
Probing fixed 9 vars, tightened 0 bounds.
Probing time = 0.03 sec. (92.26 ticks)
Tried aggregator 2 times.
Detecting symmetries...
MIP Presolve eliminated 9 rows and 9 columns.
Aggregator did 9 substitutions.
Reduced MIP has 1487 rows, 3376 columns, and 82300 nonzeros.
Reduced MIP has 3310 binaries, 0 generals, 0 SOSs, and 0 indicators.
Presolve time = 0.04 sec. (56.43 ticks)
Probing time = 0.00 sec. (7.49 ticks)
Clique table members: 38854.
MIP emphasis: balance optimality and feasibility.
MIP search method: dynamic search.
Parallel mode: none, using 1 thread.
Root relaxation solution time = 0.18 sec. (500.40 ticks)

        Nodes                                         Cuts/
   Node  Left     Objective  IInf  Best Integer    Best Bound    ItCnt     Gap

*     0+    0                          148.6060      -11.0000           107.40%
      0     0       27.6254   169      148.6060       27.6254     4402   81.41%
      0     0       29.0225   230      148.6060      Cuts: 26     6028   80.47%
      0     0       32.9451   176      148.6060      Cuts: 46     8472   77.83%
      0     0       33.2128   171      148.6060      Cuts: 23     9997   77.65%
*     0+    0                          125.5888       33.2128            73.55%
*     0+    0                           79.0319       33.2128            57.98%
*     0+    0                           77.4265       33.2128            57.10%
*     0+    0                           75.6160       33.2128            56.08%
*     0+    0                           61.6722       33.2128            46.15%
*     0+    0                           60.4425       33.2128            45.05%
*     0+    0                           60.2883       33.2128            44.91%
*     0+    0                           59.4375       33.2128            44.12%
*     0+    0                           58.1120       33.2128            42.85%
*     0+    0                           56.0293       33.2128            40.72%
      0     0  -1.00000e+75     0       56.0293       33.2128     9997   40.72%
      0     0       33.2872   171       56.0293      Cuts: 17    10274   40.59%
      0     0       33.5765   187       56.0293      Cuts: 19    11044   40.07%
Detecting symmetries...
      0     0       34.0477   194       56.0293      Cuts: 39    11911   39.23%
      0     0       34.4348   261       56.0293      Cuts: 16    13281   38.54%
      0     0       36.2185   289       56.0293      Cuts: 16    15273   35.36%
      0     0       36.8377   311       56.0293      Cuts: 18    17493   34.25%
      0     0       37.1882   260       56.0293       Cuts: 3    19262   33.63%
      0     0       37.2102   213       56.0293      Cuts: 23    19824   33.59%
      0     0       37.2102   235       56.0293      Cuts: 33    20358   33.59%
      0     0       37.2296   210       56.0293       Cuts: 9    20773   33.55%
      0     0       37.3673   295       56.0293      Cuts: 26    21987   33.31%
      0     0       38.0180   211       56.0293      Cuts: 17    22895   32.15%
      0     0       38.0305   251       56.0293      Cuts: 21    23552   32.12%
      0     0       38.1398   265       56.0293      Cuts: 14    25223   31.93%
      0     0       38.1633   294       56.0293      Cuts: 13    26104   31.89%
      0     0       38.1689   292       56.0293       Cuts: 6    26466   31.88%
Detecting symmetries...
      0     2       38.1689   261       56.0293       38.1709    26466   31.87%
Elapsed time = 3.52 sec. (8282.61 ticks, tree = 0.01 MB, solutions = 11)
      1     3       38.7643   158       56.0293       38.1800    29108   31.86%
      3     5       39.8634   179       56.0293       38.7672    31557   30.81%
      5     7       39.7855   148       56.0293       38.8453    34724   30.67%
      8     8       40.2253   109       56.0293       38.8453    36828   30.67%
      9     9       42.0890    83       56.0293       38.8453    38597   30.67%
     10    10       40.4754   111       56.0293       38.8453    42209   30.67%
     11    11       45.0814    66       56.0293       38.8453    44611   30.67%
     16    14       43.0961    77       56.0293       38.8453    47436   30.67%
     20    18       46.7483    27       56.0293       38.8453    50053   30.67%
*    45    37      integral     0       54.7664       38.8453    52696   29.07%
Elapsed time = 4.56 sec. (11153.88 ticks, tree = 0.22 MB, solutions = 12)
     60    46       40.3519   152       54.7664       38.9179    61944   28.94%
    103    65       43.0257    89       54.7664       39.1015    72355   28.60%
*   130+   75                           52.1557       39.1226            24.99%
*   150+   48                           46.3349       39.1226            15.57%
    166    66       45.3560    20       46.3349       39.7855    83855   14.14%
    182    76       45.3420    39       46.3349       39.8684    95034   13.96%
    220    98       46.0856    64       46.3349       40.0331   105954   13.60%
    231   106       45.8104    35       46.3349       40.1648   115326   13.32%
    280   151       45.7002    81       46.3349       40.1945   125662   13.25%
    314   161       41.1019   130       46.3349       40.3602   139419   12.89%
    329   172       44.8391   122       46.3349       40.3723   149189   12.87%
    348   181       45.2477   152       46.3349       40.6871   159013   12.19%
Elapsed time = 8.43 sec. (21493.09 ticks, tree = 0.47 MB, solutions = 14)
    371   193       44.2281    76       46.3349       40.9627   167570   11.59%
    419   218       45.7797    60       46.3349       41.1800   179566   11.13%
    453   234       44.4613    95       46.3349       41.4948   190962   10.45%
    481   248        cutoff             46.3349       41.6132   198436   10.19%
    515   268       43.3708   103       46.3349       41.8257   209034    9.73%
    543   280       44.3056   124       46.3349       42.1049   220684    9.13%
    579   282       46.1503    50       46.3349       42.3858   232757    8.52%
    630   287       43.3147    88       46.3349       42.6429   244209    7.97%
*   690+  305                           46.1082       42.7681             7.24%
    720   337       44.0974    58       46.1082       42.7681   255887    7.24%
    786   371       45.1210   124       46.1082       43.0269   266456    6.68%
Elapsed time = 12.23 sec. (31571.99 ticks, tree = 0.79 MB, solutions = 15)
    832   390       43.0656   130       46.1082       43.0528   278006    6.63%
    854   406       44.3450    20       46.1082       43.0549   283301    6.62%
    902   433       44.2360    22       46.1082       43.0677   291087    6.59%
    920   442       43.1003   130       46.1082       43.0690   294977    6.59%

Performing restart 1

Repeating presolve.
Tried aggregator 2 times.
MIP Presolve eliminated 27 rows and 447 columns.
MIP Presolve modified 1416 coefficients.
Aggregator did 8 substitutions.
Reduced MIP has 1452 rows, 2921 columns, and 62652 nonzeros.
Reduced MIP has 2855 binaries, 0 generals, 0 SOSs, and 0 indicators.
Presolve time = 0.05 sec. (90.46 ticks)
Tried aggregator 1 time.
Reduced MIP has 1452 rows, 2921 columns, and 62652 nonzeros.
Reduced MIP has 2855 binaries, 0 generals, 0 SOSs, and 0 indicators.
Presolve time = 0.02 sec. (36.78 ticks)
Represolve time = 0.13 sec. (267.17 ticks)
    954     0       37.5027   295       46.1082      Cuts: 32   307171    6.58%
    954     0       37.9772   316       46.1082      Cuts: 23   310534    6.58%
    954     0       38.3204   329       46.1082      Cuts: 21   312017    6.58%
    954     0       38.6080   307       46.1082      Cuts: 24   314408    6.58%
    954     0       38.8304   299       46.1082      Cuts: 30   315341    6.58%
    954     0       39.0333   232       46.1082      Cuts: 37   315905    6.58%
    954     0       39.2301   334       46.1082      Cuts: 22   317030    6.58%
    954     0       39.2984   296       46.1082   ZeroHalf: 5   317536    6.58%
    954     0       39.3285   279       46.1082      Cuts: 37   319835    6.58%
    954     0       39.4311   316       46.1082      Cuts: 29   321549    6.58%
    954     2       39.4311   282       46.1082       43.0725   321549    6.58%
    955     2       39.4901   251       46.1082       43.0725   321862    6.58%
    956     3       39.4901   276       46.1082       43.0725   322124    6.58%
    957     4       39.5040   275       46.1082       43.0725   322823    6.58%
    959     4       44.1266    42       46.1082       43.0725   324660    6.58%
    962     6       44.1457    85       46.1082       43.0725   327690    6.58%
Elapsed time = 21.83 sec. (56193.28 ticks, tree = 0.01 MB, solutions = 15)
    964     7       44.1757   142       46.1082       43.0725   328506    6.58%
    969     9       44.6025    89       46.1082       43.0725   329063    6.58%
    972     8       39.5155   271       46.1082       43.0725   329464    6.58%
    973     8       39.5190   267       46.1082       43.0725   330079    6.58%
    976    10       39.5219   246       46.1082       43.0725   330428    6.58%
    981    12        cutoff             46.1082       43.0725   332686    6.58%
    991    19       44.2528    53       46.1082       43.0725   334400    6.58%
    997    20       44.3775    61       46.1082       43.0725   334906    6.58%
   1009    21       39.5358   283       46.1082       43.0725   335979    6.58%
   1012    24       39.5906   288       46.1082       43.0725   336730    6.58%
Elapsed time = 27.25 sec. (70587.89 ticks, tree = 0.04 MB, solutions = 15)
   1014    25       39.6032   257       46.1082       43.0725   337114    6.58%
   1021    31       39.7571   269       46.1082       43.0725   340041    6.58%
   1022    31       43.0128   196       46.1082       43.0725   344762    6.58%
   1025    31       43.9652   149       46.1082       43.0725   346260    6.58%
   1032    32       44.1272   179       46.1082       43.0725   349347    6.58%
   1036    33       44.2533   205       46.1082       43.0725   350966    6.58%
   1042    34       45.8182   174       46.1082       43.0725   352885    6.58%
   1047    34       43.3420    47       46.1082       43.0725   356481    6.58%
   1071    50       45.8104    30       46.1082       43.0725   360210    6.58%
   1083    57       43.0066    40       46.1082       43.0725   363039    6.58%
Elapsed time = 33.15 sec. (85559.68 ticks, tree = 0.09 MB, solutions = 15)
   1091    60       44.1554   119       46.1082       43.0725   366319    6.58%
   1111    63       42.3662   129       46.1082       43.0725   370504    6.58%
   1114    64       42.9603   136       46.1082       43.0725   372406    6.58%
   1122    67       44.8636   118       46.1082       43.0725   375217    6.58%
   1131    68       44.2360    37       46.1082       43.0725   381187    6.58%
   1151    85       44.2568   138       46.1082       43.0725   386135    6.58%
*  1189    77      integral     0       45.6889       43.0725   392032    5.73%
   1190    78       39.7571   258       45.6889       43.0725   392433    5.73%
   1192    80       40.0052   254       45.6889       43.0725   394966    5.73%
   1197    82       40.0568   263       45.6889       43.0725   396218    5.73%
   1202    86       40.1838   318       45.6889       43.0725   400450    5.73%
Elapsed time = 38.09 sec. (98334.15 ticks, tree = 0.13 MB, solutions = 16)
   1205    88       40.1897   300       45.6889       43.0725   401856    5.73%
   1209    90       40.2538   288       45.6889       43.0725   404909    5.73%
   1214    94       40.3520   223       45.6889       43.0725   407732    5.73%
   1219    96       40.5381   279       45.6889       43.0725   412539    5.73%
   1221    97       42.0878   287       45.6889       43.0725   414877    5.73%
   1228   100       42.4791   299       45.6889       43.0725   417674    5.73%
   1234   103       43.2094   239       45.6889       43.0725   420611    5.73%
   1243   106       43.7688   275       45.6889       43.0725   423742    5.73%
   1253   109       45.1483   144       45.6889       43.0725   427858    5.73%
   1263   107       44.7708   149       45.6889       43.0725   433953    5.73%
Elapsed time = 42.70 sec. (110202.22 ticks, tree = 0.17 MB, solutions = 16)
   1272   109       45.1587    82       45.6889       43.0725   437293    5.73%
   1291   115       44.1964    31       45.6889       43.0725   443481    5.73%
   1332   139       44.4170   106       45.6889       43.0725   451668    5.73%
   1372   156       45.1960    14       45.6889       43.0725   459022    5.73%
   1386   162       44.4620    37       45.6889       43.0725   461175    5.73%
   1393   169       44.4620    25       45.6889       43.0725   461838    5.73%
   1435   205       43.0843    68       45.6889       43.0725   467701    5.73%
   1464   214       43.0418    92       45.6889       43.0725   472609    5.73%
   1492   229       45.0764    50       45.6889       43.0725   479466    5.73%
   1505   231       40.7319   276       45.6889       43.0725   485003    5.73%
Elapsed time = 46.67 sec. (120474.70 ticks, tree = 0.38 MB, solutions = 16)
   1511   235       41.1980   223       45.6889       43.0725   489552    5.73%
   1520   240       41.6244   210       45.6889       43.0725   495448    5.73%
   1531   247       42.4006    62       45.6889       43.0725   499559    5.73%
   1550   249       45.0764    47       45.6889       43.0725   509305    5.73%
   1586   260       45.3674    54       45.6889       43.0725   517078    5.73%
   1596   258       43.0396    78       45.6889       43.0725   523392    5.73%
   1618   261       43.9626   115       45.6889       43.0725   529353    5.73%
   1632   258       44.8665    97       45.6889       43.0725   536888    5.73%
   1646   259       43.1685    77       45.6889       43.0725   542687    5.73%
   1681   258       43.0583   172       45.6889       43.0725   554656    5.73%
Elapsed time = 51.94 sec. (134152.52 ticks, tree = 0.44 MB, solutions = 16)
   1849   350       44.9821    77       45.6889       43.0764   577040    5.72%
   2013   392       44.3058    25       45.6889       43.1174   598659    5.63%
*  2061   399      integral     0       45.4234       43.1289   602102    5.05%
*  2224+  380                           45.3790       43.3420             4.49%
   2238   388       43.7265    36       45.3790       43.3420   618285    4.49%
   2299   394       43.3515   120       45.3790       43.3420   628806    4.49%
   2454   426       45.3420    14       45.3790       43.3893   645110    4.38%
   2653   392       44.3104    25       45.3790       43.8104   665282    3.46%
*  2835   198      integral     0       44.5060       44.0760   681096    0.97%
   2964   154        cutoff             44.5060       44.2316   695306    0.62%
   3082   106       44.3058    12       44.5060       44.3058   710241    0.45%

GUB cover cuts applied:  3
Cover cuts applied:  5
Implied bound cuts applied:  2
Zero-half cuts applied:  27
Gomory fractional cuts applied:  1

Root node processing (before b&c):
  Real time             =    3.47 sec. (8100.40 ticks)
Sequential b&c:
  Real time             =   62.78 sec. (163115.31 ticks)
                          ------------
Total (root+branch&cut) =   66.25 sec. (171215.72 ticks)
Feasible solution found!
Truck nodes:
Stage 1 at customer 0 with arrival time is: 
Stage 2 at customer 1 with arrival time is: 
Stage 3 at customer 6 with arrival time is: 
Stage 4 at customer 2 with arrival time is: 
Stage 5 at customer 7 with arrival time is: 
Stage 6 at customer 5 with arrival time is: 
Stage 7 at customer 10 with arrival time is: 
Stage 8 at customer 4 with arrival time is: 
Stage 9 at customer 8 with arrival time is: 
Stage 10 at customer 11 with arrival time is: 
Truck arcs:
Arc 1 connecting 0 and 1 with cost 3.05404 
Arc 2 connecting 1 and 6 with cost 3.41898 
Arc 3 connecting 6 and 2 with cost 3.99917 
Arc 4 connecting 2 and 7 with cost 6.42059 
Arc 5 connecting 7 and 5 with cost 1.61466 
Arc 6 connecting 5 and 10 with cost 11.4906 
Arc 7 connecting 10 and 4 with cost 4.31275 
Arc 8 connecting 4 and 8 with cost 5.54215 
Arc 9 connecting 8 and 11 with cost 1.22306 
Customer 3 served by drone.
Drone fly from 7 at stage 5 to serve 3 and then fly back to 4 at stage 8. 
Truck arcs during this sortie: 7--->5--->10--->4
Truck travel time from stage 5 to 8 is: 17.418
Total drone travel time: 17.848
Customer 9 served by drone.
Drone fly from 0 at stage 1 to serve 9 and then fly back to 7 at stage 5. 
Truck arcs during this sortie: 0--->1--->6--->2--->7
Truck travel time from stage 1 to 5 is: 16.8928
Total drone travel time: 14.1095
Customer 3 served, start stage = 5, end stage = 8
Wait time for this sortie: 0.430015
Customer 9 served, start stage = 1, end stage = 5
Wait time for this sortie: 0
Printing Y(k,i,h):
Y[1][0][9] == 1
Y[5][7][3] == 1
Done!
-------------------------Re-calculated objective-----------------------
44.506
------------------------------------------------------------------------
Solve time: 66.249
OBJECTIVE VALUE: 44.506, NUMBER OF SORTIES: 0.
Number of loop(s):0
Number of revisit: 0
In write mode
