Instance name: /home/orlab/CLionProjects/RV-FSTSP/Murray_instances/FSTSP/FSTSP_10_customer_problems/20140810T123440v4
Write arg val: 1
Input is specified as type M: Murray instance.-.-.-.-.-.-.-.-.-.-.-.-.-.-.-.-.-.-.-.-

drone speed: 0.2 miles/minute
uav non-eligible customer: 4 5 
Printing tau:
0 13.106 12.3922 26.2811 19.5652 18.1619 11.127 18.8128 14.0231 14.8935 20.0525 0 
13.106 0 7.41815 13.1751 7.41924 8.38408 3.41898 9.99874 2.95098 5.14749 6.9465 13.106 
12.3922 7.41815 0 14.3533 14.8374 5.76971 3.99917 6.42059 10.3691 12.5656 10.5246 12.3922 
26.2811 13.1751 14.3533 0 6.71587 15.3192 15.1541 16.9338 12.258 15.4145 6.22861 26.2811 
19.5652 7.41924 14.8374 6.71587 0 15.8033 10.8382 17.418 5.54215 8.69866 4.31275 19.5652 
18.1619 8.38408 5.76971 15.3192 15.8033 0 7.0349 1.61466 11.3351 13.5316 11.4906 18.1619 
11.127 3.41898 3.99917 15.1541 10.8382 7.0349 0 7.68579 6.36995 8.56647 8.92548 11.127 
18.8128 9.99874 6.42059 16.9338 17.418 1.61466 7.68579 0 12.9497 15.1462 13.1052 18.8128 
14.0231 2.95098 10.3691 12.258 5.54215 11.3351 6.36995 12.9497 0 3.15652 6.0294 14.0231 
14.8935 5.14749 12.5656 15.4145 8.69866 13.5316 8.56647 15.1462 3.15652 0 9.18592 14.8935 
20.0525 6.9465 10.5246 6.22861 4.31275 11.4906 8.92548 13.1052 6.0294 9.18592 0 20.0525 
0 0 0 0 0 0 0 0 0 0 0 0 
Printing tau_prime:
0 19.248 14.8598 36.6847 30.674 21.4641 15.085 22.1731 22.2941 21.7274 28.0695 0 
19.248 0 8.78275 17.5467 11.593 11.5383 4.65561 13.5679 3.64183 6.6156 8.96786 19.248 
14.8598 8.78275 0 23.5383 19.4222 6.89429 4.9433 8.15504 12.3704 14.9175 15.3409 14.8598 
36.6847 17.5467 23.5383 0 7.93526 20.4328 21.6299 21.8114 15.1901 18.2879 8.61635 36.6847 
30.674 11.593 19.4222 7.93526 0 18.6977 16.1877 20.5464 8.38988 10.5953 5.11496 30.674 
21.4641 11.5383 6.89429 20.4328 18.6977 0 10.1477 2.05169 14.2211 18.1171 13.7238 21.4641 
15.085 4.65561 4.9433 21.6299 16.1877 10.1477 0 11.9236 8.24651 10.1003 13.0302 15.085 
22.1731 13.5679 8.15504 21.8114 20.5464 2.05169 11.9236 0 16.2718 20.1574 15.5136 22.1731 
22.2941 3.64183 12.3704 15.1901 8.38988 14.2211 8.24651 16.2718 0 4.53203 7.10808 22.2941 
21.7274 6.6156 14.9175 18.2879 10.5953 18.1171 10.1003 20.1574 4.53203 0 11.0897 21.7274 
28.0695 8.96786 15.3409 8.61635 5.11496 13.7238 13.0302 15.5136 7.10808 11.0897 0 28.0695 
0 0 0 0 0 0 0 0 0 0 0 0 
---------------------------------------------------------------
Current config:
- Number of threads = 1
- Drone endurance = 20
- SL = 1
- SR = 1
- L = 1
- Allow loop = 0
- Allow revisit = 1
- Allow multi-visit drone = 0
- Use TSP optimal solution as warmstart: = 0
- Use cutting plane method: = 0
- Use CPLEX conflict refiner: = 0
---------------------------------------------------------------
---------------------------------------------
Calculate max stage gap for sortie.... 
Stage gap calculation consumes too much memory. No constraint was added.
---------------------------------------------
Warning:  Output names have been modified due to duplicate names or characters invalid in LP format.
Version identifier: 22.1.1.0 | 2022-11-28 | 9160aff4d
CPXPARAM_Threads                                 1
CPXPARAM_TimeLimit                               3600
CPXPARAM_WorkMem                                 24576
Tried aggregator 2 times.
MIP Presolve eliminated 5289 rows and 2319 columns.
MIP Presolve modified 4040 coefficients.
Aggregator did 47 substitutions.
Reduced MIP has 1217 rows, 2802 columns, and 75121 nonzeros.
Reduced MIP has 2736 binaries, 0 generals, 0 SOSs, and 0 indicators.
Presolve time = 0.08 sec. (157.49 ticks)
Found incumbent of value 144.071727 after 0.11 sec. (200.27 ticks)
Probing fixed 17 vars, tightened 0 bounds.
Probing time = 0.04 sec. (139.10 ticks)
Tried aggregator 2 times.
Detecting symmetries...
MIP Presolve eliminated 15 rows and 18 columns.
MIP Presolve modified 14 coefficients.
Aggregator did 9 substitutions.
Reduced MIP has 1193 rows, 2775 columns, and 73431 nonzeros.
Reduced MIP has 2710 binaries, 0 generals, 0 SOSs, and 0 indicators.
Presolve time = 0.05 sec. (62.52 ticks)
Probing fixed 6 vars, tightened 0 bounds.
Probing time = 0.02 sec. (80.40 ticks)
Clique table members: 35590.
MIP emphasis: balance optimality and feasibility.
MIP search method: dynamic search.
Parallel mode: none, using 1 thread.
Root relaxation solution time = 0.18 sec. (488.54 ticks)

        Nodes                                         Cuts/
   Node  Left     Objective  IInf  Best Integer    Best Bound    ItCnt     Gap

*     0+    0                          144.0717      -10.0000           106.94%
      0     0       38.8657   292      144.0717       38.8657     4824   73.02%
*     0+    0                           87.4100       38.8657            55.54%
      0     0       53.9399   115       87.4100      Cuts: 50     6426   38.29%
      0     0       55.5581   157       87.4100      Cuts: 25     7650   36.44%
      0     0       55.9920   153       87.4100      Cuts: 17     7845   35.94%
*     0+    0                           86.4489       55.9920            35.23%
      0     0  -1.00000e+75     0       86.4489       55.9920     7845   35.23%
      0     0       56.4454   177       86.4489      Cuts: 14     8422   34.71%
      0     0       56.4797   225       86.4489      Cuts: 18     8667   34.67%
Detecting symmetries...
      0     0       57.1841   140       86.4489      Cuts: 10     9089   33.85%
      0     0       57.5592   183       86.4489      Cuts: 21    11963   33.42%
      0     0       57.6353   211       86.4489       Cuts: 9    14241   33.33%
      0     0       57.9970   206       86.4489  ZeroHalf: 13    15451   32.91%
      0     0       58.2796   212       86.4489      Cuts: 37    16786   32.58%
      0     0       58.3802   266       86.4489       Cuts: 8    17751   32.47%
      0     0       58.4092   261       86.4489      Cuts: 11    18255   32.44%
      0     0       58.4617   275       86.4489   ZeroHalf: 5    18861   32.37%
      0     0       58.5011   254       86.4489   ZeroHalf: 3    19202   32.33%
      0     0       58.5793   248       86.4489   ZeroHalf: 3    19846   32.24%
      0     0       58.6337   220       86.4489       Cuts: 4    20369   32.18%
      0     0       58.6624   258       86.4489       Cuts: 7    20756   32.14%
      0     0       58.7177   243       86.4489   ZeroHalf: 2    21003   32.08%
      0     0       58.7215   249       86.4489       Cuts: 8    21058   32.07%
      0     0       58.7796   272       86.4489   ZeroHalf: 1    21821   32.01%
      0     0       58.8015   265       86.4489       Cuts: 7    23054   31.98%
      0     0       58.8475   280       86.4489       Cuts: 3    23827   31.93%
      0     0       58.8475   271       86.4489       Cuts: 3    24025   31.93%
Detecting symmetries...
      0     2       58.8475   250       86.4489       58.8495    24025   31.93%
Elapsed time = 2.89 sec. (6842.41 ticks, tree = 0.01 MB, solutions = 3)
      2     4       59.0210   263       86.4489       59.0393    27684   31.71%
     17    13       59.3145   236       86.4489       59.1012    31094   31.63%
     20    16       60.9802   153       86.4489       59.1012    35825   31.63%
     22    18       61.3939   121       86.4489       59.1012    37935   31.63%
     26    22       62.0824   134       86.4489       59.1012    40775   31.63%
     29    25       69.6286    64       86.4489       59.1012    43539   31.63%
     40    34       65.8837    30       86.4489       59.1012    46410   31.63%
     76    63       60.7081   198       86.4489       59.3231    51079   31.38%
     79    66       61.7612   160       86.4489       59.3231    54062   31.38%
     92    79       68.4983   129       86.4489       59.3231    61934   31.38%
Elapsed time = 4.33 sec. (10773.74 ticks, tree = 0.27 MB, solutions = 3)
    112    99       72.3813    83       86.4489       59.3231    72117   31.38%
    145   129       60.5343   163       86.4489       59.9353    82651   30.67%
    157   141       62.8839   144       86.4489       59.9353    92874   30.67%
    176   160       66.3693    90       86.4489       59.9353   104269   30.67%
    205   183       64.1663    98       86.4489       59.9362   115342   30.67%
    224   202       69.7717   101       86.4489       59.9362   127255   30.67%
*   226   181      integral     0       82.0054       59.9362   127988   26.91%
    249   200       66.4577    39       82.0054       60.5343   138612   26.18%
    289   222       64.1990    51       82.0054       60.6894   150095   25.99%
    296   225       61.5135   199       82.0054       60.7026   151771   25.98%
    318   243       63.0419   143       82.0054       60.7081   159109   25.97%
Elapsed time = 7.80 sec. (20807.18 ticks, tree = 0.46 MB, solutions = 4)
    356   269       64.9027    78       82.0054       60.8700   171028   25.77%
    381   287       70.9588   110       82.0054       60.9985   181606   25.62%
    435   326       70.0087    75       82.0054       61.2338   193581   25.33%
    494   375       71.9867    85       82.0054       61.5066   208117   25.00%
    529   404       74.4713    64       82.0054       61.5446   219831   24.95%
    567   431       63.2263    76       82.0054       61.6683   228520   24.80%
*   577   356      integral     0       74.7316       61.6683   231688   17.48%
    621   389       66.7941   123       74.7316       61.7967   241880   17.31%
    676   426       67.1736    59       74.7316       61.8810   254699   17.20%
    734   457       64.3700    81       74.7316       62.0362   268235   16.99%
    776   483       64.7445    66       74.7316       62.2271   279555   16.73%
Elapsed time = 11.46 sec. (30886.18 ticks, tree = 0.82 MB, solutions = 5)
    833   516       64.6043    41       74.7316       62.3245   289618   16.60%
    876   553       71.2156    65       74.7316       62.3744   299465   16.54%
    915   583       67.1799    50       74.7316       62.4056   310671   16.49%
    964   611       64.3788    55       74.7316       62.5434   323433   16.31%

Performing restart 1

Repeating presolve.
Tried aggregator 1 time.
MIP Presolve eliminated 9 rows and 82 columns.
MIP Presolve modified 1595 coefficients.
Reduced MIP has 1184 rows, 2693 columns, and 71068 nonzeros.
Reduced MIP has 2629 binaries, 0 generals, 0 SOSs, and 0 indicators.
Presolve time = 0.05 sec. (97.61 ticks)
Tried aggregator 1 time.
Reduced MIP has 1184 rows, 2693 columns, and 71068 nonzeros.
Reduced MIP has 2629 binaries, 0 generals, 0 SOSs, and 0 indicators.
Presolve time = 0.03 sec. (41.45 ticks)
Represolve time = 0.13 sec. (277.43 ticks)
   1014     0       58.8525   287       74.7316       Cuts: 7   337429   15.98%
   1014     0       58.8525   282       74.7316      Cuts: 10   337853   15.98%
   1014     0       58.8525   276       74.7316      Cuts: 16   338539   15.98%
   1014     0       58.8772   273       74.7316      Cuts: 20   339969   15.98%
   1014     0       58.8772   270       74.7316      Cuts: 11   340234   15.98%
   1014     0       58.8805   286       74.7316      Cuts: 17   341042   15.98%
   1014     2       58.8805   277       74.7316       62.7931   341042   15.98%
   1015     3       58.9935   245       74.7316       62.7931   342790   15.98%
   1016     4       59.2868   230       74.7316       62.7931   344313   15.98%
   1017     5       61.5025   115       74.7316       62.7931   346365   15.98%
   1018     6       59.3847   223       74.7316       62.7931   346704   15.98%
   1019     7       59.3917   230       74.7316       62.7931   347133   15.98%
Elapsed time = 20.03 sec. (54105.75 ticks, tree = 0.02 MB, solutions = 5)
   1020     8       59.6477   220       74.7316       62.7931   350038   15.98%
   1021     8       61.5837   134       74.7316       62.7931   352459   15.98%
   1024     9       62.0864   142       74.7316       62.7931   353750   15.98%
   1027    12       63.1868    73       74.7316       62.7931   355863   15.98%
   1038    16       66.3057    67       74.7316       62.7931   359999   15.98%
   1044    18       70.6558    52       74.7316       62.7931   362068   15.98%
   1057    20       73.8869    45       74.7316       62.7931   364303   15.98%
   1063    20       62.0624   122       74.7316       62.7931   366082   15.98%
   1068    24       62.9122   112       74.7316       62.7931   366844   15.98%
   1073    29       63.8183   126       74.7316       62.7931   368642   15.98%
Elapsed time = 25.82 sec. (69703.59 ticks, tree = 0.12 MB, solutions = 5)
   1087    37       64.6934    74       74.7316       62.7931   369569   15.98%
   1100    41       68.8690    94       74.7316       62.7931   371200   15.98%
   1110    47       68.9761    94       74.7316       62.7931   372153   15.98%
   1134    58       59.6477   213       74.7316       62.7931   373044   15.98%
   1135    59       59.6748   259       74.7316       62.7931   374115   15.98%
   1137    61       59.9767   199       74.7316       62.7931   375120   15.98%
   1142    66       60.2921   178       74.7316       62.7931   377358   15.98%
   1149    73       60.9282   205       74.7316       62.7931   379458   15.98%
   1154    78       60.9948   175       74.7316       62.7931   380772   15.98%
   1158    82       61.2982   192       74.7316       62.7931   383253   15.98%
Elapsed time = 30.40 sec. (82321.82 ticks, tree = 0.18 MB, solutions = 5)
   1162    86       61.5087   186       74.7316       62.7931   385173   15.98%
   1177   101       61.8726   150       74.7316       62.7931   388976   15.98%
   1182   105       72.2191   118       74.7316       62.7931   391144   15.98%
   1187   104       65.7541   113       74.7316       62.7931   393769   15.98%
   1202   113       66.8836    80       74.7316       62.7931   396708   15.98%
   1226   126       64.7041    62       74.7316       62.7931   399554   15.98%
   1239   134       67.2154    80       74.7316       62.7931   404064   15.98%
   1253   138       74.1187    92       74.7316       62.7931   406248   15.98%
   1273   151       70.8029    88       74.7316       62.7931   411411   15.98%
   1296   161       67.0148    51       74.7316       62.7931   416836   15.98%
Elapsed time = 34.33 sec. (92741.68 ticks, tree = 0.38 MB, solutions = 5)
   1315   169       65.2855   181       74.7316       62.7931   419201   15.98%
   1322   173       66.5515   171       74.7316       62.7931   421484   15.98%
   1328   178       70.7815    36       74.7316       62.7931   426103   15.98%
   1357   202       71.7931    28       74.7316       62.7931   430101   15.98%
   1379   214       63.9313   106       74.7316       62.7931   433063   15.98%
   1406   231       69.4972    38       74.7316       62.7931   437461   15.98%
   1433   235       66.0550    81       74.7316       62.7931   442303   15.98%
   1468   259       67.6994    80       74.7316       62.7931   445617   15.98%
   1492   275       73.2090    67       74.7316       62.7931   447555   15.98%
*  1514   282      integral     0       73.7678       62.7931   451565   14.88%
   1531   294       68.7006    88       73.7678       62.7931   452505   14.88%
Elapsed time = 38.41 sec. (103745.78 ticks, tree = 0.56 MB, solutions = 6)
   1551   309       64.8574    95       73.7678       62.7931   457088   14.88%
   1587   333       64.4406    83       73.7678       62.7931   460681   14.88%
   1614   347       69.3766   115       73.7678       62.7931   464266   14.88%
   1657   370       73.5034   128       73.7678       62.7931   472230   14.88%
   1671   374       66.2812    97       73.7678       62.7931   475280   14.88%
   1721   409       63.8695    94       73.7678       62.7931   483138   14.88%
   1766   440       64.6533    79       73.7678       62.7931   489110   14.88%
   1803   464       66.1198    85       73.7678       62.7931   496773   14.88%
   1884   526       66.0060   115       73.7678       62.7931   504009   14.88%
   1894   529       64.3023   103       73.7678       62.7931   507839   14.88%
Elapsed time = 42.17 sec. (113959.80 ticks, tree = 0.93 MB, solutions = 6)
   1930   559       62.9374   140       73.7678       62.7931   516608   14.88%
   1970   594       69.4845    51       73.7678       62.7931   525642   14.88%
   2011   620       66.3743   119       73.7678       62.7931   531838   14.88%
   2019   622       71.5190    84       73.7678       62.7931   533827   14.88%
   2025   625       66.6550    70       73.7678       62.7931   537057   14.88%
   2032   629       66.4241    82       73.7678       62.7931   539658   14.88%
   2040   629       65.5427    69       73.7678       62.7931   542437   14.88%
   2054   627       64.1514   137       73.7678       62.7931   547237   14.88%
   2133   692       70.3994    59       73.7678       62.7931   555296   14.88%
   2263   749       63.4866   103       73.7678       62.7931   577448   14.88%
Elapsed time = 46.76 sec. (127028.98 ticks, tree = 1.23 MB, solutions = 6)
   2352   802       68.8913    71       73.7678       63.1158   596650   14.44%
   2385   800       63.9936   183       73.7678       63.5245   609427   13.89%
   2476   803        cutoff             73.7678       63.9827   631439   13.26%
   2552   807       68.2039    35       73.7678       64.3275   648349   12.80%
   2633   819       69.5883   125       73.7678       64.5295   663216   12.52%
   2846   836       65.6382    70       73.7678       65.0818   688416   11.77%
   3043   883       69.9247    69       73.7678       65.4460   711533   11.28%
   3206   923       72.1149    23       73.7678       65.8289   725901   10.76%
   3373   988       70.8205    88       73.7678       65.9783   742877   10.56%
   3524  1017       73.2975     6       73.7678       66.1993   758317   10.26%
Elapsed time = 60.19 sec. (165955.74 ticks, tree = 1.63 MB, solutions = 6)
   3684  1026       68.0764    50       73.7678       66.5046   778003    9.85%
*  3880  1018      integral     0       73.2315       66.8025   797372    8.78%
   3885  1015       68.5886    29       73.2315       66.8320   798247    8.74%
   4127   905       70.2970    62       73.2315       67.6519   818474    7.62%
   4392   797       71.1896    56       73.2315       68.3387   840038    6.68%
   4644   795       69.5249    55       73.2315       68.7852   859044    6.07%
   4942   867       70.0409   122       73.2315       69.2370   883634    5.45%
*  4945   842      integral     0       72.8975       69.2370   883874    5.02%
   5191   840       72.8654    17       72.8975       69.4723   904887    4.70%
   5433   842        cutoff             72.8975       69.6360   919169    4.47%
   5668   816       71.9016     8       72.8975       69.7817   935441    4.27%
*  5764     0      integral     0       69.9016       69.9016   939058    0.00%

GUB cover cuts applied:  11
Cover cuts applied:  1
Implied bound cuts applied:  2
Mixed integer rounding cuts applied:  1
Zero-half cuts applied:  30
Lift and project cuts applied:  2
Gomory fractional cuts applied:  3

Root node processing (before b&c):
  Real time             =    2.86 sec. (6694.82 ticks)
Sequential b&c:
  Real time             =   70.28 sec. (195329.27 ticks)
                          ------------
Total (root+branch&cut) =   73.14 sec. (202024.10 ticks)
Feasible solution found!
Truck nodes:
Stage 1 at customer 0 with arrival time is: 
Stage 2 at customer 2 with arrival time is: 
Stage 3 at customer 7 with arrival time is: 
Stage 4 at customer 5 with arrival time is: 
Stage 5 at customer 10 with arrival time is: 
Stage 6 at customer 3 with arrival time is: 
Stage 7 at customer 4 with arrival time is: 
Stage 8 at customer 8 with arrival time is: 
Stage 9 at customer 1 with arrival time is: 
Stage 10 at customer 6 with arrival time is: 
Stage 11 at customer 11 with arrival time is: 
Truck arcs:
Arc 1 connecting 0 and 2 with cost 12.3922 
Arc 2 connecting 2 and 7 with cost 6.42059 
Arc 3 connecting 7 and 5 with cost 1.61466 
Arc 4 connecting 5 and 10 with cost 11.4906 
Arc 5 connecting 10 and 3 with cost 6.22861 
Arc 6 connecting 3 and 4 with cost 6.71587 
Arc 7 connecting 4 and 8 with cost 5.54215 
Arc 8 connecting 8 and 1 with cost 2.95098 
Arc 9 connecting 1 and 6 with cost 3.41898 
Arc 10 connecting 6 and 11 with cost 11.127 
Customer 9 served by drone.
Drone fly from 10 at stage 5 to serve 9 and then fly back to 8 at stage 8. 
Truck arcs during this sortie: 10--->3--->4--->8
Truck travel time from stage 5 to 8 is: 18.4866
Total drone travel time: 15.6217
Customer 9 served, start stage = 5, end stage = 8
Wait time for this sortie: 0
Printing Y(k,i,h):
Y[5][10][9] == 1
Done!
-------------------------Re-calculated objective-----------------------
69.9016
------------------------------------------------------------------------
Solve time: 73.141
OBJECTIVE VALUE: 69.9016, NUMBER OF SORTIES: 0.
Number of loop(s):0
Number of revisit: 0
In write mode
