Instance name: /home/orlab/CLionProjects/RV-FSTSP/Murray_instances/FSTSP/FSTSP_10_customer_problems/20140810T123437v3
Write arg val: 1
Input is specified as type M: Murray instance.-.-.-.-.-.-.-.-.-.-.-.-.-.-.-.-.-.-.-.-

drone speed: 0.2 miles/minute
uav non-eligible customer: 10 
Printing tau:
0 14.2149 7.45597 18.1512 10.5846 15.145 14.669 14.3671 12.5333 1.31706 6.43835 0 
14.2149 0 18.3108 3.93636 13.7595 7.22991 8.18583 7.04774 13.7881 14.0919 12.0132 14.2149 
7.45597 18.3108 0 22.2472 4.55136 11.0809 10.125 11.2631 5.10923 6.13892 11.4943 7.45597 
18.1512 3.93636 22.2472 0 17.6958 11.1663 12.1222 10.9841 17.7245 18.0283 15.9496 18.1512 
10.5846 13.7595 4.55136 17.6958 0 6.52957 5.57365 6.71174 1.94864 9.26756 8.38296 10.5846 
15.145 7.22991 11.0809 11.1663 6.52957 0 0.955922 0.777831 6.55821 13.8279 12.9433 15.145 
14.669 8.18583 10.125 12.1222 5.57365 0.955922 0 1.13809 5.60229 13.352 12.4674 14.669 
14.3671 7.04774 11.2631 10.9841 6.71174 0.777831 1.13809 0 6.74038 13.0501 12.1655 14.3671 
12.5333 13.7881 5.10923 17.7245 1.94864 6.55821 5.60229 6.74038 0 11.2162 10.3316 12.5333 
1.31706 14.0919 6.13892 18.0283 9.26756 13.8279 13.352 13.0501 11.2162 0 7.2754 1.31706 
6.43835 12.0132 11.4943 15.9496 8.38296 12.9433 12.4674 12.1655 10.3316 7.2754 0 6.43835 
0 0 0 0 0 0 0 0 0 0 0 0 
Printing tau_prime:
0 22.9054 10.6167 29.4629 12.4883 19.209 18.2907 18.4445 14.7839 1.83912 8.01904 0 
22.9054 0 23.0027 6.5606 16.7706 8.59075 9.66193 8.30778 16.3699 22.5134 16.2781 22.9054 
10.6167 23.0027 0 29.091 6.50889 15.8949 14.6508 15.5734 8.01334 8.77857 14.8944 10.6167 
29.4629 6.5606 29.091 0 22.6813 13.6282 14.8639 13.6915 21.9127 29.0691 22.6695 29.4629 
12.4883 16.7706 6.50889 22.6813 0 9.38617 8.14351 9.0795 2.29674 10.9289 12.8279 12.4883 
19.209 8.59075 15.8949 13.6282 9.38617 0 1.25846 0.941487 8.31925 18.1926 15.2616 19.209 
18.2907 9.66193 14.6508 14.8639 8.14351 1.25846 0 1.38764 7.06588 17.2062 14.7813 18.2907 
18.4445 8.30778 15.5734 13.6915 9.0795 0.941487 1.38764 0 8.23237 17.4772 14.3397 18.4445 
14.7839 16.3699 8.01334 21.9127 2.29674 8.31925 7.06588 8.23237 0 13.2233 14.6887 14.7839 
1.83912 22.5134 8.77857 29.0691 10.9289 18.1926 17.2062 17.4772 13.2233 0 8.63729 1.83912 
8.01904 16.2781 14.8944 22.6695 12.8279 15.2616 14.7813 14.3397 14.6887 8.63729 0 8.01904 
0 0 0 0 0 0 0 0 0 0 0 0 
---------------------------------------------------------------
Current config:
- Number of threads = 1
- Drone endurance = 20
- SL = 1
- SR = 1
- L = 1
- Allow loop = 0
- Allow revisit = 1
- Allow multi-visit drone = 0
- Use TSP optimal solution as warmstart: = 0
- Use cutting plane method: = 0
- Use CPLEX conflict refiner: = 0
---------------------------------------------------------------
---------------------------------------------
Calculate max stage gap for sortie.... 
Stage gap calculation consumes too much memory. No constraint was added.
---------------------------------------------
Warning:  Output names have been modified due to duplicate names or characters invalid in LP format.
Version identifier: 22.1.1.0 | 2022-11-28 | 9160aff4d
CPXPARAM_Threads                                 1
CPXPARAM_TimeLimit                               3600
CPXPARAM_WorkMem                                 24576
Tried aggregator 3 times.
MIP Presolve eliminated 5511 rows and 2065 columns.
MIP Presolve modified 4526 coefficients.
Aggregator did 38 substitutions.
Reduced MIP has 1318 rows, 3065 columns, and 77648 nonzeros.
Reduced MIP has 2999 binaries, 0 generals, 0 SOSs, and 0 indicators.
Presolve time = 0.09 sec. (158.25 ticks)
Found incumbent of value 117.402591 after 0.11 sec. (209.72 ticks)
Probing time = 0.00 sec. (8.31 ticks)
Cover probing fixed 11 vars, tightened 66 bounds.
Tried aggregator 2 times.
Detecting symmetries...
MIP Presolve eliminated 10 rows and 11 columns.
Aggregator did 10 substitutions.
Reduced MIP has 1298 rows, 3044 columns, and 77308 nonzeros.
Reduced MIP has 2978 binaries, 0 generals, 0 SOSs, and 0 indicators.
Presolve time = 0.04 sec. (51.20 ticks)
Probing time = 0.00 sec. (7.90 ticks)
Clique table members: 15838.
MIP emphasis: balance optimality and feasibility.
MIP search method: dynamic search.
Parallel mode: none, using 1 thread.
Root relaxation solution time = 0.27 sec. (723.35 ticks)

        Nodes                                         Cuts/
   Node  Left     Objective  IInf  Best Integer    Best Bound    ItCnt     Gap

*     0+    0                          117.4026      -11.0000           109.37%
      0     0       33.2528   316      117.4026       33.2528     6033   71.68%
      0     0       41.4276   277      117.4026      Cuts: 98    12328   64.71%
      0     0       44.6195   276      117.4026      Cuts: 41    13806   61.99%
      0     0       45.7173   325      117.4026      Cuts: 24    15296   61.06%
*     0+    0                           77.0185       45.7173            40.64%
*     0+    0                           74.2059       45.7173            38.39%
*     0+    0                           72.7292       45.7173            37.14%
*     0+    0                           69.9069       45.7173            34.60%
      0     0  -1.00000e+75     0       69.9069       45.7173    15296   34.60%
      0     0       48.1035   330       69.9069      Cuts: 11    16697   31.19%
      0     0       48.8441   338       69.9069      Cuts: 23    18700   30.13%
Detecting symmetries...
      0     0       48.9390   331       69.9069      Cuts: 11    19200   29.99%
      0     0       49.0119   327       69.9069       Cuts: 8    19575   29.89%
      0     0       49.0774   388       69.9069       Cuts: 8    19838   29.80%
      0     0       49.1439   360       69.9069       Cuts: 5    20263   29.70%
      0     0       49.1514   350       69.9069   ZeroHalf: 4    20611   29.69%
      0     0       49.1608   388       69.9069   ZeroHalf: 2    20827   29.68%
      0     0       49.1762   377       69.9069   ZeroHalf: 5    21210   29.65%
      0     0       49.2211   397       69.9069       Cuts: 7    21417   29.59%
      0     0       49.2334   373       69.9069       Cuts: 3    21542   29.57%
*     0+    0                           59.1245       49.2334            16.73%
*     0+    0                           58.8401       49.2334            16.33%
*     0+    0                           57.7117       49.2334            14.69%
*     0+    0                           54.6640       49.2334             9.93%
Detecting symmetries...
      0     2       50.5360   166       54.6640       50.5389    24789    7.55%
Elapsed time = 2.63 sec. (6118.39 ticks, tree = 0.01 MB, solutions = 9)
      2     4       50.6816   236       54.6640       50.6823    28601    7.28%
      8     6       53.7049    38       54.6640       50.6823    32172    7.28%
     15     6       50.9428   218       54.6640       50.6828    35419    7.28%
     17     8       51.3483   111       54.6640       50.6828    38491    7.28%
     21     8        cutoff             54.6640       50.6828    40874    7.28%
     31    13       53.6905    84       54.6640       50.6828    44684    7.28%
     37    15       52.8901   126       54.6640       50.9447    48171    6.80%
     40    17       54.5757    70       54.6640       50.9447    53859    6.80%
     46    17       54.3020    30       54.6640       52.4951    56975    3.97%
     71    12        cutoff             54.6640       53.1138    66843    2.84%
Elapsed time = 4.16 sec. (10061.66 ticks, tree = 0.04 MB, solutions = 9)

GUB cover cuts applied:  9
Clique cuts applied:  8
Cover cuts applied:  4
Implied bound cuts applied:  5
Mixed integer rounding cuts applied:  1
Zero-half cuts applied:  25
Gomory fractional cuts applied:  2

Root node processing (before b&c):
  Real time             =    2.46 sec. (5617.01 ticks)
Sequential b&c:
  Real time             =    1.99 sec. (5153.90 ticks)
                          ------------
Total (root+branch&cut) =    4.45 sec. (10770.90 ticks)
Feasible solution found!
Truck nodes:
Stage 1 at customer 0 with arrival time is: 
Stage 2 at customer 10 with arrival time is: 
Stage 3 at customer 1 with arrival time is: 
Stage 4 at customer 3 with arrival time is: 
Stage 5 at customer 7 with arrival time is: 
Stage 6 at customer 5 with arrival time is: 
Stage 7 at customer 6 with arrival time is: 
Stage 8 at customer 8 with arrival time is: 
Stage 9 at customer 4 with arrival time is: 
Stage 10 at customer 2 with arrival time is: 
Stage 11 at customer 9 with arrival time is: 
Stage 12 at customer 11 with arrival time is: 
Truck arcs:
Arc 1 connecting 0 and 10 with cost 6.43835 
Arc 2 connecting 10 and 1 with cost 12.0132 
Arc 3 connecting 1 and 3 with cost 3.93636 
Arc 4 connecting 3 and 7 with cost 10.9841 
Arc 5 connecting 7 and 5 with cost 0.777831 
Arc 6 connecting 5 and 6 with cost 0.955922 
Arc 7 connecting 6 and 8 with cost 5.60229 
Arc 8 connecting 8 and 4 with cost 1.94864 
Arc 9 connecting 4 and 2 with cost 4.55136 
Arc 10 connecting 2 and 9 with cost 6.13892 
Arc 11 connecting 9 and 11 with cost 1.31706 
Printing Y(k,i,h):
Done!
-------------------------Re-calculated objective-----------------------
54.664
------------------------------------------------------------------------
Solve time: 4.448
OBJECTIVE VALUE: 54.664, NUMBER OF SORTIES: 0.
Number of loop(s):0
Number of revisit: 0
In write mode
