Instance name: /home/orlab/CLionProjects/RV-FSTSP/Murray_instances/FSTSP/FSTSP_10_customer_problems/20140810T123437v1
Write arg val: 1
Input is specified as type M: Murray instance.-.-.-.-.-.-.-.-.-.-.-.-.-.-.-.-.-.-.-.-

drone speed: 0.2 miles/minute
uav non-eligible customer: 10 
Printing tau:
0 8.5294 9.78144 12.4658 5.23008 4.08098 3.60506 3.30315 5.25872 9.74692 8.86232 0 
8.5294 0 18.3108 3.93636 13.7595 7.22991 8.18583 7.04774 13.7881 14.0919 12.0132 8.5294 
9.78144 18.3108 0 22.2472 4.55136 11.0809 10.125 11.2631 5.10923 6.13892 11.4943 9.78144 
12.4658 3.93636 22.2472 0 17.6958 11.1663 12.1222 10.9841 17.7245 18.0283 15.9496 12.4658 
5.23008 13.7595 4.55136 17.6958 0 6.52957 5.57365 6.71174 1.94864 9.26756 8.38296 5.23008 
4.08098 7.22991 11.0809 11.1663 6.52957 0 0.955922 0.777831 6.55821 13.8279 12.9433 4.08098 
3.60506 8.18583 10.125 12.1222 5.57365 0.955922 0 1.13809 5.60229 13.352 12.4674 3.60506 
3.30315 7.04774 11.2631 10.9841 6.71174 0.777831 1.13809 0 6.74038 13.0501 12.1655 3.30315 
5.25872 13.7881 5.10923 17.7245 1.94864 6.55821 5.60229 6.74038 0 11.2162 10.3316 5.25872 
9.74692 14.0919 6.13892 18.0283 9.26756 13.8279 13.352 13.0501 11.2162 0 7.2754 9.74692 
8.86232 12.0132 11.4943 15.9496 8.38296 12.9433 12.4674 12.1655 10.3316 7.2754 0 8.86232 
0 0 0 0 0 0 0 0 0 0 0 0 
Printing tau_prime:
0 10.716 12.2868 16.8994 6.18955 5.04743 4.26785 4.26649 6.43481 13.2258 10.6376 0 
10.716 0 23.0027 6.5606 16.7706 8.59075 9.66193 8.30778 16.3699 22.5134 16.2781 10.716 
12.2868 23.0027 0 29.091 6.50889 15.8949 14.6508 15.5734 8.01334 8.77857 14.8944 12.2868 
16.8994 6.5606 29.091 0 22.6813 13.6282 14.8639 13.6915 21.9127 29.0691 22.6695 16.8994 
6.18955 16.7706 6.50889 22.6813 0 9.38617 8.14351 9.0795 2.29674 10.9289 12.8279 6.18955 
5.04743 8.59075 15.8949 13.6282 9.38617 0 1.25846 0.941487 8.31925 18.1926 15.2616 5.04743 
4.26785 9.66193 14.6508 14.8639 8.14351 1.25846 0 1.38764 7.06588 17.2062 14.7813 4.26785 
4.26649 8.30778 15.5734 13.6915 9.0795 0.941487 1.38764 0 8.23237 17.4772 14.3397 4.26649 
6.43481 16.3699 8.01334 21.9127 2.29674 8.31925 7.06588 8.23237 0 13.2233 14.6887 6.43481 
13.2258 22.5134 8.77857 29.0691 10.9289 18.1926 17.2062 17.4772 13.2233 0 8.63729 13.2258 
10.6376 16.2781 14.8944 22.6695 12.8279 15.2616 14.7813 14.3397 14.6887 8.63729 0 10.6376 
0 0 0 0 0 0 0 0 0 0 0 0 
---------------------------------------------------------------
Current config:
- Number of threads = 1
- Drone endurance = 20
- SL = 1
- SR = 1
- L = 1
- Allow loop = 0
- Allow revisit = 1
- Allow multi-visit drone = 0
- Use TSP optimal solution as warmstart: = 0
- Use cutting plane method: = 0
- Use CPLEX conflict refiner: = 0
---------------------------------------------------------------
---------------------------------------------
Calculate max stage gap for sortie.... 
Stage gap calculation consumes too much memory. No constraint was added.
---------------------------------------------
Warning:  Output names have been modified due to duplicate names or characters invalid in LP format.
Version identifier: 22.1.1.0 | 2022-11-28 | 9160aff4d
CPXPARAM_Threads                                 1
CPXPARAM_TimeLimit                               3600
CPXPARAM_WorkMem                                 24576
Tried aggregator 3 times.
MIP Presolve eliminated 5410 rows and 1979 columns.
MIP Presolve modified 4521 coefficients.
Aggregator did 41 substitutions.
Reduced MIP has 1308 rows, 3148 columns, and 77848 nonzeros.
Reduced MIP has 3082 binaries, 0 generals, 0 SOSs, and 0 indicators.
Presolve time = 0.09 sec. (166.93 ticks)
Found incumbent of value 145.010831 after 0.12 sec. (216.43 ticks)
Probing time = 0.00 sec. (8.17 ticks)
Cover probing fixed 3 vars, tightened 66 bounds.
Tried aggregator 2 times.
Detecting symmetries...
MIP Presolve eliminated 9 rows and 3 columns.
Aggregator did 9 substitutions.
Reduced MIP has 1290 rows, 3136 columns, and 77551 nonzeros.
Reduced MIP has 3070 binaries, 0 generals, 0 SOSs, and 0 indicators.
Presolve time = 0.04 sec. (49.28 ticks)
Probing time = 0.00 sec. (8.06 ticks)
Clique table members: 16829.
MIP emphasis: balance optimality and feasibility.
MIP search method: dynamic search.
Parallel mode: none, using 1 thread.
Root relaxation solution time = 0.11 sec. (286.32 ticks)

        Nodes                                         Cuts/
   Node  Left     Objective  IInf  Best Integer    Best Bound    ItCnt     Gap

*     0+    0                          145.0108      -11.0000           107.59%
      0     0       32.4539   334      145.0108       32.4539     2748   77.62%
      0     0       40.4053   261      145.0108      Cuts: 56     3933   72.14%
      0     0       41.2522   272      145.0108      Cuts: 61     7437   71.55%
      0     0       41.4252   261      145.0108      Cuts: 28     8150   71.43%
*     0+    0                          127.6730       41.4252            67.55%
*     0+    0                           80.7409       41.4252            48.69%
*     0+    0                           74.1719       41.4252            44.15%
*     0+    0                           67.4038       41.4252            38.54%
*     0+    0                           61.1369       41.4252            32.24%
      0     0  -1.00000e+75     0       61.1369       41.4252     8150   32.24%
      0     0       43.9836   226       61.1369      Cuts: 16     9428   28.06%
      0     0       44.1119   263       61.1369      Cuts: 18     9974   27.85%
Detecting symmetries...
      0     0       45.2230   311       61.1369      Cuts: 37    11233   26.03%
      0     0       46.2530   298       61.1369      Cuts: 20    11688   24.35%
      0     0       47.6247   330       61.1369      Cuts: 35    14445   22.10%
      0     0       47.8295   238       61.1369      Cuts: 12    14844   21.77%
      0     0       47.8761   350       61.1369      Cuts: 11    15511   21.69%
      0     0       47.9427   357       61.1369      Cuts: 10    16077   21.58%
      0     0       48.0345   336       61.1369       Cuts: 8    16752   21.43%
      0     0       48.0775   341       61.1369       Cuts: 7    17076   21.36%
      0     0       48.1331   366       61.1369   ZeroHalf: 2    17518   21.27%
      0     0       48.1596   367       61.1369       Cuts: 5    17772   21.23%
      0     0       48.1789   335       61.1369       Cuts: 5    18579   21.20%
      0     0       48.1855   305       61.1369       Cuts: 7    18743   21.18%
      0     0       48.2040   339       61.1369       Cuts: 6    19074   21.15%
      0     0       48.2054   337       61.1369       Cuts: 5    19385   21.15%
      0     0       48.2056   342       61.1369       Cuts: 5    19618   21.15%
Detecting symmetries...
      0     2       48.2056   338       61.1369       48.2056    19638   21.15%
Elapsed time = 3.12 sec. (7063.31 ticks, tree = 0.01 MB, solutions = 6)
      3     5       49.0963   162       61.1369       48.2186    21939   21.13%
      5     7       50.5632   224       61.1369       48.2186    25627   21.13%
      7     9       53.8107    79       61.1369       48.2186    30854   21.13%
     10    12       60.7990    73       61.1369       48.2186    33231   21.13%
     13    15       55.9635    74       61.1369       48.2186    35842   21.13%
     32    20       49.2277   221       61.1369       48.2262    39272   21.12%
     35    23       51.0587   199       61.1369       48.2262    42245   21.12%
     37    25       51.2178   163       61.1369       48.2262    44787   21.12%
     39    27       57.0404    49       61.1369       48.2262    47557   21.12%
     51    39       56.8397    87       61.1369       48.2262    57342   21.12%
Elapsed time = 4.54 sec. (10843.75 ticks, tree = 0.18 MB, solutions = 6)
*    88    34      integral     0       59.9896       48.2262    59811   19.61%
     90    36       48.6059   313       59.9896       48.3788    62877   19.35%
    114    60       57.0154   110       59.9896       48.3788    71403   19.35%
    141    83       56.9522   181       59.9896       48.6546    79526   18.89%
    165    98       50.4216   213       59.9896       48.7376    89051   18.76%
    212   122       49.7221   200       59.9896       48.7817   100687   18.68%
    249   155       50.8511   154       59.9896       48.8621   112359   18.55%
    282   181       55.9968    76       59.9896       48.9702   122998   18.37%
    317   206       55.3774    49       59.9896       49.0774   136278   18.19%
    377   251       58.0393    84       59.9896       49.0967   148546   18.16%
    413   271       50.1551   137       59.9896       49.1640   162236   18.05%
Elapsed time = 8.25 sec. (20723.74 ticks, tree = 0.61 MB, solutions = 7)
    463   305       50.5591   133       59.9896       49.6313   175222   17.27%
    507   335       57.4904    26       59.9896       49.7121   188881   17.13%
    546   357       52.2562   183       59.9896       49.8175   203086   16.96%
    586   389       55.1286    94       59.9896       50.0087   216157   16.64%
    641   418       54.5429    47       59.9896       50.0980   229391   16.49%
    708   459       53.6133   129       59.9896       50.2263   242007   16.27%
    732   475       54.9875   103       59.9896       50.3041   249097   16.15%
*   740+  418                           58.8499       50.3712            14.41%
*   748   390      integral     0       58.4969       50.3712   250904   13.89%
    749   391       51.2791   198       58.4969       50.3823   253419   13.87%
    752   394       56.8930   135       58.4969       50.3823   257133   13.87%
*   779   336      integral     0       57.6860       50.4225   261441   12.59%
    795   342       57.5226    53       57.6860       50.4953   267473   12.47%
Elapsed time = 12.07 sec. (31132.84 ticks, tree = 0.66 MB, solutions = 10)
    815   348       53.0514   129       57.6860       50.5634   275777   12.35%
    848   363       53.5040   163       57.6860       50.5830   285168   12.31%
    893   381       55.0851    82       57.6860       50.8356   298975   11.88%
    948   403       53.9966    67       57.6860       51.0228   312411   11.55%
    989   413       51.6808   148       57.6860       51.0935   322788   11.43%
   1030   433       54.4299    54       57.6860       51.1800   336973   11.28%
   1068   447       57.4920    57       57.6860       51.3126   344703   11.05%
   1082   449       57.3049    54       57.6860       51.3874   347845   10.92%
   1089   448       54.8062    78       57.6860       51.4233   351881   10.86%
   1125   457       57.6557    91       57.6860       51.5589   360970   10.62%
Elapsed time = 15.78 sec. (41282.48 ticks, tree = 0.87 MB, solutions = 10)
   1175   469       53.8102    52       57.6860       51.9496   373775    9.94%
   1220   479       54.8517    63       57.6860       52.0874   384166    9.71%
   1267   494       55.1550   109       57.6860       52.2069   398304    9.50%
   1284   496       57.1669    39       57.6860       52.3536   404839    9.24%
   1338   520       52.5421    31       57.6860       52.5471   414936    8.91%

Performing restart 1

Repeating presolve.
Tried aggregator 2 times.
MIP Presolve eliminated 37 rows and 466 columns.
MIP Presolve modified 1063 coefficients.
Aggregator did 12 substitutions.
Reduced MIP has 1241 rows, 2658 columns, and 68097 nonzeros.
Reduced MIP has 2592 binaries, 0 generals, 0 SOSs, and 0 indicators.
Presolve time = 0.10 sec. (157.19 ticks)
Tried aggregator 1 time.
MIP Presolve eliminated 2 rows and 39 columns.
MIP Presolve modified 442 coefficients.
Reduced MIP has 1239 rows, 2619 columns, and 67662 nonzeros.
Reduced MIP has 2553 binaries, 0 generals, 0 SOSs, and 0 indicators.
Presolve time = 0.04 sec. (66.12 ticks)
Tried aggregator 1 time.
MIP Presolve modified 4 coefficients.
Reduced MIP has 1239 rows, 2619 columns, and 67662 nonzeros.
Reduced MIP has 2553 binaries, 0 generals, 0 SOSs, and 0 indicators.
Presolve time = 0.04 sec. (55.27 ticks)
Represolve time = 0.43 sec. (1119.64 ticks)
   1380     0       48.3461   313       57.6860      Cuts: 23   424699    8.86%
   1380     0       48.3572   334       57.6860      Cuts: 21   425485    8.86%
   1380     0       48.3638   333       57.6860      Cuts: 19   425712    8.86%
   1380     0       48.3758   352       57.6860      Cuts: 10   426004    8.86%
   1380     0       48.4149   375       57.6860      Cuts: 18   427248    8.86%
   1380     2       48.4149   364       57.6860       52.5746   427248    8.86%
   1381     3       48.6585   335       57.6860       52.5746   428710    8.86%
   1382     4       48.6734   324       57.6860       52.5746   430065    8.86%
   1383     5       48.6734   326       57.6860       52.5746   430066    8.86%
   1385     5       48.6746   301       57.6860       52.5746   430281    8.86%
Elapsed time = 25.52 sec. (68101.48 ticks, tree = 0.01 MB, solutions = 10)
   1386     6       48.6757   305       57.6860       52.5746   430327    8.86%
   1388     8       48.6927   320       57.6860       52.5746   430490    8.86%
   1390     8       56.9591    40       57.6860       52.5746   432957    8.86%
   1412    14       57.4333    33       57.6860       52.5746   435963    8.86%
   1416    12       59.1957    29       57.6860       52.5746   439879    8.86%
   1417    12       55.6778   102       57.6860       52.5746   441650    8.86%
   1422    14       55.7393   101       57.6860       52.5746   443819    8.86%
   1440    18       55.8129   111       57.6860       52.5746   444726    8.86%
   1450    21       56.7675    70       57.6860       52.5746   446922    8.86%
   1458    22       57.2269    64       57.6860       52.5746   449007    8.86%
Elapsed time = 29.95 sec. (79896.15 ticks, tree = 0.07 MB, solutions = 10)
   1462    21       55.9780   181       57.6860       52.5746   451450    8.86%
   1466    22       57.4588    92       57.6860       52.5746   452465    8.86%
   1469    22       57.5866    85       57.6860       52.5746   453778    8.86%
*  1491    32      integral     0       57.4683       52.5746   457243    8.52%
   1494    32       56.5304    19       57.4683       52.5746   457268    8.52%
   1511    41       49.8352   209       57.4683       52.5746   458780    8.52%
   1526    51       50.5802   159       57.4683       52.5746   459681    8.52%
   1535    56       55.2926    65       57.4683       52.5746   462031    8.52%
   1548    60       48.7519   308       57.4683       52.5746   463201    8.52%
   1559    71       48.8882   278       57.4683       52.5746   464471    8.52%
   1571    83       49.0351   259       57.4683       52.5746   465637    8.52%
Elapsed time = 34.32 sec. (91316.01 ticks, tree = 0.43 MB, solutions = 11)
   1593   101       49.4043   304       57.4683       52.5746   467663    8.52%
   1616   121       50.1829   207       57.4683       52.5746   469611    8.52%
   1628   132       50.3256   238       57.4683       52.5746   471157    8.52%
   1637   139       51.2018   202       57.4683       52.5746   473111    8.52%
   1661   158       52.0206   107       57.4683       52.5746   474919    8.52%
   1680   166       56.5744   109       57.4683       52.5746   476804    8.52%
   1697   170       58.0774   158       57.4683       52.5746   481885    8.52%
   1702   170       56.8375   129       57.4683       52.5746   485385    8.52%
   1718   171       52.5548    32       57.4683       52.5746   488630    8.52%
   1732   171       56.5360    55       57.4683       52.5746   494207    8.52%
Elapsed time = 38.26 sec. (101544.47 ticks, tree = 1.32 MB, solutions = 11)
   1762   178       51.7896   137       57.4683       52.5746   498065    8.52%
   1798   198       50.9659   158       57.4683       52.5746   500359    8.52%
   1825   208       54.5870   117       57.4683       52.5746   506741    8.52%
   1864   222       58.1971   119       57.4683       52.5746   513585    8.52%
   1898   235       53.2926   125       57.4683       52.5746   516860    8.52%
   1914   240       56.3584   133       57.4683       52.5746   520748    8.52%
   1927   243       50.3018   181       57.4683       52.5746   525215    8.52%
   1977   280       53.1476   146       57.4683       52.5746   530685    8.52%
   1995   279       55.8074   128       57.4683       52.5746   535296    8.52%
   2005   283       52.9940   135       57.4683       52.5746   537490    8.52%
Elapsed time = 42.45 sec. (112785.47 ticks, tree = 1.22 MB, solutions = 11)
   2011   283       54.6151   133       57.4683       52.5746   539060    8.52%
   2018   282       54.4630   127       57.4683       52.5746   541729    8.52%
   2025   282       53.3455   144       57.4683       52.5746   543655    8.52%
   2042   289       61.4872    52       57.4683       52.5746   546797    8.52%
   2066   284       55.3724    78       57.4683       52.5746   553544    8.52%
   2102   295       57.3397   150       57.4683       52.5746   555784    8.52%
   2132   299        cutoff             57.4683       52.5746   561956    8.52%
   2157   308       56.7417    63       57.4683       52.5746   565533    8.52%
   2164   304       56.5950   162       57.4683       52.5746   569198    8.52%
   2242   297       55.1270   160       57.4683       52.5746   591589    8.52%
Elapsed time = 47.62 sec. (126856.81 ticks, tree = 1.00 MB, solutions = 11)
   2290   269        cutoff             57.4683       52.5746   608640    8.52%
   2374   232       57.2344    40       57.4683       53.6651   623073    6.62%
   2499   141        cutoff             57.4683       55.4551   635869    3.50%
*  2623    69      integral     0       57.4455       56.5904   644006    1.49%

GUB cover cuts applied:  5
Clique cuts applied:  2
Implied bound cuts applied:  13
Mixed integer rounding cuts applied:  1
Zero-half cuts applied:  29
Lift and project cuts applied:  5
Gomory fractional cuts applied:  1

Root node processing (before b&c):
  Real time             =    3.09 sec. (6930.13 ticks)
Sequential b&c:
  Real time             =   50.06 sec. (134653.52 ticks)
                          ------------
Total (root+branch&cut) =   53.15 sec. (141583.66 ticks)
Feasible solution found!
Truck nodes:
Stage 1 at customer 0 with arrival time is: 
Stage 2 at customer 6 with arrival time is: 
Stage 3 at customer 5 with arrival time is: 
Stage 4 at customer 7 with arrival time is: 
Stage 5 at customer 1 with arrival time is: 
Stage 6 at customer 3 with arrival time is: 
Stage 7 at customer 10 with arrival time is: 
Stage 8 at customer 9 with arrival time is: 
Stage 9 at customer 2 with arrival time is: 
Stage 10 at customer 4 with arrival time is: 
Stage 11 at customer 8 with arrival time is: 
Stage 12 at customer 11 with arrival time is: 
Truck arcs:
Arc 1 connecting 0 and 6 with cost 3.60506 
Arc 2 connecting 6 and 5 with cost 0.955922 
Arc 3 connecting 5 and 7 with cost 0.777831 
Arc 4 connecting 7 and 1 with cost 7.04774 
Arc 5 connecting 1 and 3 with cost 3.93636 
Arc 6 connecting 3 and 10 with cost 15.9496 
Arc 7 connecting 10 and 9 with cost 7.2754 
Arc 8 connecting 9 and 2 with cost 6.13892 
Arc 9 connecting 2 and 4 with cost 4.55136 
Arc 10 connecting 4 and 8 with cost 1.94864 
Arc 11 connecting 8 and 11 with cost 5.25872 
Printing Y(k,i,h):
Done!
-------------------------Re-calculated objective-----------------------
57.4455
------------------------------------------------------------------------
Solve time: 53.153
OBJECTIVE VALUE: 57.4455, NUMBER OF SORTIES: 0.
Number of loop(s):0
Number of revisit: 0
In write mode
