Instance name: /home/orlab/CLionProjects/RV-FSTSP/Murray_instances/FSTSP/FSTSP_10_customer_problems/20140810T123443v1
Write arg val: 1
Input is specified as type M: Murray instance.-.-.-.-.-.-.-.-.-.-.-.-.-.-.-.-.-.-.-.-

drone speed: 0.2 miles/minute
uav non-eligible customer: 4 8 
Printing tau:
0 4.2001 12.6334 12.5505 10.8096 5.65042 5.64207 5.93982 1.11799 7.36834 3.00628 0 
4.2001 0 8.59672 16.5872 14.8463 1.92825 1.9199 7.49765 3.32128 11.405 7.04299 4.2001 
12.6334 8.59672 0 25.184 23.443 8.42508 9.39342 16.0944 11.7546 20.0018 15.6397 12.6334 
12.5505 16.5872 25.184 0 20.0769 16.7589 15.7905 15.6083 13.4294 5.1822 10.0243 12.5505 
10.8096 14.8463 23.443 20.0769 0 15.0179 14.0496 7.34864 11.6884 17.2947 10.5327 10.8096 
5.65042 1.92825 8.42508 16.7589 15.0179 0 0.968346 7.66929 5.01036 12.5367 7.21463 5.65042 
5.64207 1.9199 9.39342 15.7905 14.0496 0.968346 0 6.70095 5.00201 12.5283 6.24629 5.64207 
5.93982 7.49765 16.0944 15.6083 7.34864 7.66929 6.70095 0 5.29976 12.8261 6.06403 5.93982 
1.11799 3.32128 11.7546 13.4294 11.6884 5.01036 5.00201 5.29976 0 8.24716 3.8851 1.11799 
7.36834 11.405 20.0018 5.1822 17.2947 12.5367 12.5283 12.8261 8.24716 0 6.76206 7.36834 
3.00628 7.04299 15.6397 10.0243 10.5327 7.21463 6.24629 6.06403 3.8851 6.76206 0 3.00628 
0 0 0 0 0 0 0 0 0 0 0 0 
Printing tau_prime:
0 6.47104 14.9466 18.671 17.6849 8.30306 7.66763 8.10175 1.28127 11.8856 3.54596 0 
6.47104 0 10.5868 25.1232 19.1891 2.28145 2.44971 9.21448 5.20038 18.3566 9.45738 6.47104 
14.9466 10.5868 0 32.2862 29.7194 11.276 12.2886 19.8012 13.8643 25.3886 18.4894 14.9466 
18.671 25.1232 32.2862 0 23.7497 26.7584 25.9207 21.2864 19.9518 6.93179 15.9071 18.671 
17.6849 19.1891 29.7194 23.7497 0 18.5658 17.4845 10.136 17.9521 20.7816 15.4483 17.6849 
8.30306 2.28145 11.276 26.7584 18.5658 0 1.14125 9.04478 7.08965 20.1104 10.8907 8.30306 
7.66763 2.44971 12.2886 25.9207 17.4845 1.14125 0 7.90494 6.51871 19.3468 10.0185 7.66763 
8.10175 9.21448 19.8012 21.2864 10.136 9.04478 7.90494 0 8.07267 15.8016 7.16659 8.10175 
1.28127 5.20038 13.8643 19.9518 17.9521 7.08965 6.51871 8.07267 0 13.1583 4.66638 1.28127 
11.8856 18.3566 25.3886 6.93179 20.7816 20.1104 19.3468 15.8016 13.1583 0 9.48339 11.8856 
3.54596 9.45738 18.4894 15.9071 15.4483 10.8907 10.0185 7.16659 4.66638 9.48339 0 3.54596 
0 0 0 0 0 0 0 0 0 0 0 0 
---------------------------------------------------------------
Current config:
- Number of threads = 1
- Drone endurance = 20
- SL = 1
- SR = 1
- L = 1
- Allow loop = 0
- Allow revisit = 1
- Allow multi-visit drone = 0
- Use TSP optimal solution as warmstart: = 0
- Use cutting plane method: = 0
- Use CPLEX conflict refiner: = 0
---------------------------------------------------------------
---------------------------------------------
Calculate max stage gap for sortie.... 
Stage gap calculation consumes too much memory. No constraint was added.
---------------------------------------------
Warning:  Output names have been modified due to duplicate names or characters invalid in LP format.
Version identifier: 22.1.1.0 | 2022-11-28 | 9160aff4d
CPXPARAM_Threads                                 1
CPXPARAM_TimeLimit                               3600
CPXPARAM_WorkMem                                 24576
Tried aggregator 3 times.
MIP Presolve eliminated 5419 rows and 2532 columns.
MIP Presolve modified 4028 coefficients.
Aggregator did 37 substitutions.
Reduced MIP has 1140 rows, 2599 columns, and 72076 nonzeros.
Reduced MIP has 2533 binaries, 0 generals, 0 SOSs, and 0 indicators.
Presolve time = 0.08 sec. (152.23 ticks)
Found incumbent of value 151.620580 after 0.10 sec. (194.07 ticks)
Probing fixed 1 vars, tightened 0 bounds.
Probing time = 0.01 sec. (37.26 ticks)
Cover probing fixed 1 vars, tightened 66 bounds.
Tried aggregator 2 times.
Detecting symmetries...
MIP Presolve eliminated 9 rows and 2 columns.
MIP Presolve modified 22 coefficients.
Aggregator did 9 substitutions.
Reduced MIP has 1120 rows, 2588 columns, and 71764 nonzeros.
Reduced MIP has 2522 binaries, 0 generals, 0 SOSs, and 0 indicators.
Presolve time = 0.04 sec. (45.53 ticks)
Probing time = 0.00 sec. (8.57 ticks)
Clique table members: 33832.
MIP emphasis: balance optimality and feasibility.
MIP search method: dynamic search.
Parallel mode: none, using 1 thread.
Root relaxation solution time = 0.07 sec. (177.38 ticks)

        Nodes                                         Cuts/
   Node  Left     Objective  IInf  Best Integer    Best Bound    ItCnt     Gap

*     0+    0                          151.6206      -11.0000           107.25%
      0     0       54.1912    85      151.6206       54.1912     2130   64.26%
      0     0       59.6714   180      151.6206      Cuts: 21     5260   60.64%
      0     0       61.3209   184      151.6206      Cuts: 29     8554   59.56%
      0     0       62.2190   205      151.6206      Cuts: 18    11347   58.96%
*     0+    0                           90.4645       62.2190            31.22%
*     0+    0                           81.2530       62.2190            23.43%
      0     0       63.0145   159       81.2530      Cuts: 13    12029   22.45%
      0     0       63.3245   184       81.2530      Cuts: 10    13608   22.07%
Detecting symmetries...
      0     0       64.2501   238       81.2530      Cuts: 10    16739   20.93%
      0     0       64.4802   211       81.2530       Cuts: 6    17570   20.64%
      0     0       64.6134   240       81.2530       Cuts: 4    19524   20.48%
      0     0       64.6134   245       81.2530       Cuts: 5    20893   20.48%
*     0+    0                           76.8534       64.6134            15.93%
*     0+    0                           76.7248       64.6134            15.79%
*     0+    0                           71.3441       64.6134             9.43%
Detecting symmetries...
      0     2       65.1410   164       71.3441       65.1441    21208    8.69%
Elapsed time = 2.02 sec. (4945.02 ticks, tree = 0.01 MB, solutions = 6)
      2     4       68.2536   103       71.3441       65.4618    24334    8.24%
      4     6       67.9943    96       71.3441       65.6149    26885    8.03%
*     6     6      integral     0       69.5865       65.6149    28103    5.71%
     12     6       67.5643   167       69.5865       65.6627    30962    5.64%
     48    12        cutoff             69.5865       68.3523    34589    1.77%

GUB cover cuts applied:  1
Implied bound cuts applied:  3
Zero-half cuts applied:  21
Gomory fractional cuts applied:  2

Root node processing (before b&c):
  Real time             =    2.01 sec. (4797.55 ticks)
Sequential b&c:
  Real time             =    0.47 sec. (1322.43 ticks)
                          ------------
Total (root+branch&cut) =    2.48 sec. (6119.99 ticks)
Feasible solution found!
Truck nodes:
Stage 1 at customer 0 with arrival time is: 
Stage 2 at customer 9 with arrival time is: 
Stage 3 at customer 3 with arrival time is: 
Stage 4 at customer 10 with arrival time is: 
Stage 5 at customer 4 with arrival time is: 
Stage 6 at customer 7 with arrival time is: 
Stage 7 at customer 6 with arrival time is: 
Stage 8 at customer 5 with arrival time is: 
Stage 9 at customer 2 with arrival time is: 
Stage 10 at customer 1 with arrival time is: 
Stage 11 at customer 8 with arrival time is: 
Stage 12 at customer 11 with arrival time is: 
Truck arcs:
Arc 1 connecting 0 and 9 with cost 7.36834 
Arc 2 connecting 9 and 3 with cost 5.1822 
Arc 3 connecting 3 and 10 with cost 10.0243 
Arc 4 connecting 10 and 4 with cost 10.5327 
Arc 5 connecting 4 and 7 with cost 7.34864 
Arc 6 connecting 7 and 6 with cost 6.70095 
Arc 7 connecting 6 and 5 with cost 0.968346 
Arc 8 connecting 5 and 2 with cost 8.42508 
Arc 9 connecting 2 and 1 with cost 8.59672 
Arc 10 connecting 1 and 8 with cost 3.32128 
Arc 11 connecting 8 and 11 with cost 1.11799 
Printing Y(k,i,h):
Done!
-------------------------Re-calculated objective-----------------------
69.5865
------------------------------------------------------------------------
Solve time: 2.483
OBJECTIVE VALUE: 69.5865, NUMBER OF SORTIES: 0.
Number of loop(s):0
Number of revisit: 0
In write mode
