Instance name: /home/orlab/CLionProjects/RV-FSTSP/Murray_instances/FSTSP/FSTSP_10_customer_problems/20140810T123443v7
Write arg val: 1
Input is specified as type M: Murray instance.-.-.-.-.-.-.-.-.-.-.-.-.-.-.-.-.-.-.-.-

drone speed: 0.4 miles/minute
uav non-eligible customer: 4 8 
Printing tau:
0 13.7617 11.155 18.3489 20.448 15.6899 15.6816 15.9793 10.6796 13.1667 9.91531 0 
13.7617 0 8.59672 16.5872 14.8463 1.92825 1.9199 7.49765 3.32128 11.405 7.04299 13.7617 
11.155 8.59672 0 25.184 23.443 8.42508 9.39342 16.0944 11.7546 20.0018 15.6397 11.155 
18.3489 16.5872 25.184 0 20.0769 16.7589 15.7905 15.6083 13.4294 5.1822 10.0243 18.3489 
20.448 14.8463 23.443 20.0769 0 15.0179 14.0496 7.34864 11.6884 17.2947 10.5327 20.448 
15.6899 1.92825 8.42508 16.7589 15.0179 0 0.968346 7.66929 5.01036 12.5367 7.21463 15.6899 
15.6816 1.9199 9.39342 15.7905 14.0496 0.968346 0 6.70095 5.00201 12.5283 6.24629 15.6816 
15.9793 7.49765 16.0944 15.6083 7.34864 7.66929 6.70095 0 5.29976 12.8261 6.06403 15.9793 
10.6796 3.32128 11.7546 13.4294 11.6884 5.01036 5.00201 5.29976 0 8.24716 3.8851 10.6796 
13.1667 11.405 20.0018 5.1822 17.2947 12.5367 12.5283 12.8261 8.24716 0 6.76206 13.1667 
9.91531 7.04299 15.6397 10.0243 10.5327 7.21463 6.24629 6.06403 3.8851 6.76206 0 9.91531 
0 0 0 0 0 0 0 0 0 0 0 0 
Printing tau_prime:
0 9.8104 9.25073 12.9773 18.6272 11.1513 11.2352 13.059 8.31432 9.57356 9.37646 0 
9.8104 0 6.3521 15.0739 11.5134 1.36887 1.46982 5.52869 3.12023 11.0139 5.67443 9.8104 
9.25073 6.3521 0 19.3717 17.8316 6.76563 7.37314 11.8807 8.31856 15.2332 11.0936 9.25073 
12.9773 15.0739 19.3717 0 14.2498 16.055 15.5524 12.7718 11.9711 4.15908 9.54426 12.9773 
18.6272 11.5134 17.8316 14.2498 0 11.1395 10.4907 6.08158 10.7713 12.469 9.269 18.6272 
11.1513 1.36887 6.76563 16.055 11.1395 0 0.684749 5.42687 4.25379 12.0662 6.53442 11.1513 
11.2352 1.46982 7.37314 15.5524 10.4907 0.684749 0 4.74296 3.91122 11.6081 6.01108 11.2352 
13.059 5.52869 11.8807 12.7718 6.08158 5.42687 4.74296 0 4.8436 9.48094 4.29995 13.059 
8.31432 3.12023 8.31856 11.9711 10.7713 4.25379 3.91122 4.8436 0 7.89497 2.79983 8.31432 
9.57356 11.0139 15.2332 4.15908 12.469 12.0662 11.6081 9.48094 7.89497 0 5.69004 9.57356 
9.37646 5.67443 11.0936 9.54426 9.269 6.53442 6.01108 4.29995 2.79983 5.69004 0 9.37646 
0 0 0 0 0 0 0 0 0 0 0 0 
---------------------------------------------------------------
Current config:
- Number of threads = 1
- Drone endurance = 20
- SL = 1
- SR = 1
- L = 1
- Allow loop = 0
- Allow revisit = 1
- Allow multi-visit drone = 0
- Use TSP optimal solution as warmstart: = 0
- Use cutting plane method: = 0
- Use CPLEX conflict refiner: = 0
---------------------------------------------------------------
---------------------------------------------
Calculate max stage gap for sortie.... 
Stage gap calculation consumes too much memory. No constraint was added.
---------------------------------------------
Warning:  Output names have been modified due to duplicate names or characters invalid in LP format.
Version identifier: 22.1.1.0 | 2022-11-28 | 9160aff4d
CPXPARAM_Threads                                 1
CPXPARAM_TimeLimit                               3600
CPXPARAM_WorkMem                                 24576
Tried aggregator 3 times.
MIP Presolve eliminated 4508 rows and 1883 columns.
MIP Presolve modified 4519 coefficients.
Aggregator did 32 substitutions.
Reduced MIP has 1437 rows, 3253 columns, and 80943 nonzeros.
Reduced MIP has 3187 binaries, 0 generals, 0 SOSs, and 0 indicators.
Presolve time = 0.09 sec. (167.21 ticks)
Found incumbent of value 188.767485 after 0.12 sec. (217.43 ticks)
Probing time = 0.00 sec. (9.52 ticks)
Cover probing fixed 2 vars, tightened 66 bounds.
Tried aggregator 2 times.
Detecting symmetries...
MIP Presolve eliminated 10 rows and 2 columns.
Aggregator did 9 substitutions.
Reduced MIP has 1418 rows, 3242 columns, and 80648 nonzeros.
Reduced MIP has 3176 binaries, 0 generals, 0 SOSs, and 0 indicators.
Presolve time = 0.04 sec. (52.89 ticks)
Probing time = 0.00 sec. (9.34 ticks)
Clique table members: 38283.
MIP emphasis: balance optimality and feasibility.
MIP search method: dynamic search.
Parallel mode: none, using 1 thread.
Root relaxation solution time = 0.23 sec. (599.46 ticks)

        Nodes                                         Cuts/
   Node  Left     Objective  IInf  Best Integer    Best Bound    ItCnt     Gap

*     0+    0                          188.7675      -11.0000           105.83%
      0     0       42.1634   369      188.7675       42.1634     5404   77.66%
      0     0       54.4168   146      188.7675      Cuts: 39     9148   71.17%
      0     0       59.7891   122      188.7675      Cuts: 37    11284   68.33%
      0     0       61.0668   148      188.7675      Cuts: 28    12276   67.65%
*     0+    0                          178.9586       61.0668            65.88%
*     0+    0                           89.7630       61.0668            31.97%
      0     0       61.4469   132       89.7630      Cuts: 24    12669   31.55%
      0     0       61.4791   157       89.7630      Cuts: 28    13049   31.51%
Detecting symmetries...
      0     0       61.5608   223       89.7630  ZeroHalf: 12    13757   31.42%
      0     0       61.7336   174       89.7630      Cuts: 10    14625   31.23%
      0     0       62.2377   201       89.7630      Cuts: 18    17375   30.66%
      0     0       62.3100   199       89.7630  ZeroHalf: 12    19156   30.58%
      0     0       62.3286   208       89.7630      Cuts: 26    20162   30.56%
      0     0       62.3403   210       89.7630      Cuts: 12    20814   30.55%
      0     0       62.3748   203       89.7630       Cuts: 7    21230   30.51%
      0     0       62.3794   215       89.7630   ZeroHalf: 9    21434   30.51%
      0     0       62.4326   227       89.7630   ZeroHalf: 4    21783   30.45%
      0     0       62.4429   243       89.7630       Cuts: 6    22497   30.44%
      0     0       62.4921   206       89.7630      Cuts: 11    22909   30.38%
      0     0       62.5042   207       89.7630       Cuts: 7    23440   30.37%
      0     0       62.5063   249       89.7630       Cuts: 2    23685   30.37%
*     0+    0                           78.3657       62.5063            20.24%
*     0+    0                           69.2817       62.5063             9.78%
Detecting symmetries...
      0     2       62.5063   244       69.2817       62.5063    23699    9.78%
Elapsed time = 2.85 sec. (6590.80 ticks, tree = 0.01 MB, solutions = 5)
      2     4       62.8282   163       69.2817       62.5074    26612    9.78%
      5     7       63.7950   189       69.2817       62.5074    31314    9.78%
      7     9       62.7541   173       69.2817       62.5074    35876    9.78%
      8    10       65.2934   117       69.2817       62.5074    39592    9.78%
      9    11       63.0142   206       69.2817       62.5074    41345    9.78%
     10    12       65.6790   160       69.2817       62.5074    42604    9.78%
     13    15       64.4156   166       69.2817       62.5074    44995    9.78%
     16    18       65.2430   102       69.2817       62.5074    47439    9.78%
     18    20       65.9535   142       69.2817       62.5074    50326    9.78%
     22    24       67.0846   102       69.2817       62.5074    60631    9.78%
Elapsed time = 4.38 sec. (10814.46 ticks, tree = 0.13 MB, solutions = 5)
     40    34       63.4886   142       69.2817       62.5460    69344    9.72%
*    60+   21                           65.6099       62.8282             4.24%
     74    30       63.9321   153       65.6099       63.0309    78257    3.93%
     84    29       64.1349    55       65.6099       63.5028    88358    3.21%
     96    34       64.9921   161       65.6099       63.7093    95832    2.90%
    127    33       65.1293    14       65.6099       64.4085   106453    1.83%
    204    36       64.7081   106       65.6099       64.6848   116972    1.41%
*   279     0      integral     0       65.5227       65.5227   124670    0.00%

GUB cover cuts applied:  1
Clique cuts applied:  1
Cover cuts applied:  19
Implied bound cuts applied:  16
Zero-half cuts applied:  22
Gomory fractional cuts applied:  2

Root node processing (before b&c):
  Real time             =    2.81 sec. (6433.26 ticks)
Sequential b&c:
  Real time             =    4.34 sec. (11550.25 ticks)
                          ------------
Total (root+branch&cut) =    7.15 sec. (17983.51 ticks)
Feasible solution found!
Truck nodes:
Stage 1 at customer 0 with arrival time is: 
Stage 2 at customer 8 with arrival time is: 
Stage 3 at customer 1 with arrival time is: 
Stage 4 at customer 5 with arrival time is: 
Stage 5 at customer 6 with arrival time is: 
Stage 6 at customer 7 with arrival time is: 
Stage 7 at customer 4 with arrival time is: 
Stage 8 at customer 10 with arrival time is: 
Stage 9 at customer 9 with arrival time is: 
Stage 10 at customer 11 with arrival time is: 
Truck arcs:
Arc 1 connecting 0 and 8 with cost 10.6796 
Arc 2 connecting 8 and 1 with cost 3.32128 
Arc 3 connecting 1 and 5 with cost 1.92825 
Arc 4 connecting 5 and 6 with cost 0.968346 
Arc 5 connecting 6 and 7 with cost 6.70095 
Arc 6 connecting 7 and 4 with cost 7.34864 
Arc 7 connecting 4 and 10 with cost 10.5327 
Arc 8 connecting 10 and 9 with cost 6.76206 
Arc 9 connecting 9 and 11 with cost 13.1667 
Customer 2 served by drone.
Drone fly from 0 at stage 1 to serve 2 and then fly back to 6 at stage 5. 
Truck arcs during this sortie: 0--->8--->1--->5--->6
Truck travel time from stage 1 to 5 is: 16.8975
Total drone travel time: 16.6239
Customer 3 served by drone.
Drone fly from 4 at stage 7 to serve 3 and then fly back to 9 at stage 9. 
Truck arcs during this sortie: 4--->10--->9
Truck travel time from stage 7 to 9 is: 17.2947
Total drone travel time: 18.4089
Customer 2 served, start stage = 1, end stage = 5
Wait time for this sortie: 0
Customer 3 served, start stage = 7, end stage = 9
Wait time for this sortie: 1.11415
Printing Y(k,i,h):
Y[1][0][2] == 1
Y[7][4][3] == 1
Done!
-------------------------Re-calculated objective-----------------------
65.5227
------------------------------------------------------------------------
Solve time: 7.15
OBJECTIVE VALUE: 65.5227, NUMBER OF SORTIES: 0.
Number of loop(s):0
Number of revisit: 0
In write mode
