Instance name: /home/orlab/CLionProjects/RV-FSTSP/Murray_instances/FSTSP/FSTSP_10_customer_problems/20140810T123440v8
Write arg val: 1
Input is specified as type M: Murray instance.-.-.-.-.-.-.-.-.-.-.-.-.-.-.-.-.-.-.-.-

drone speed: 0.4 miles/minute
uav non-eligible customer: 4 5 
Printing tau:
0 13.106 12.3922 26.2811 19.5652 18.1619 11.127 18.8128 14.0231 14.8935 20.0525 0 
13.106 0 7.41815 13.1751 7.41924 8.38408 3.41898 9.99874 2.95098 5.14749 6.9465 13.106 
12.3922 7.41815 0 14.3533 14.8374 5.76971 3.99917 6.42059 10.3691 12.5656 10.5246 12.3922 
26.2811 13.1751 14.3533 0 6.71587 15.3192 15.1541 16.9338 12.258 15.4145 6.22861 26.2811 
19.5652 7.41924 14.8374 6.71587 0 15.8033 10.8382 17.418 5.54215 8.69866 4.31275 19.5652 
18.1619 8.38408 5.76971 15.3192 15.8033 0 7.0349 1.61466 11.3351 13.5316 11.4906 18.1619 
11.127 3.41898 3.99917 15.1541 10.8382 7.0349 0 7.68579 6.36995 8.56647 8.92548 11.127 
18.8128 9.99874 6.42059 16.9338 17.418 1.61466 7.68579 0 12.9497 15.1462 13.1052 18.8128 
14.0231 2.95098 10.3691 12.258 5.54215 11.3351 6.36995 12.9497 0 3.15652 6.0294 14.0231 
14.8935 5.14749 12.5656 15.4145 8.69866 13.5316 8.56647 15.1462 3.15652 0 9.18592 14.8935 
20.0525 6.9465 10.5246 6.22861 4.31275 11.4906 8.92548 13.1052 6.0294 9.18592 0 20.0525 
0 0 0 0 0 0 0 0 0 0 0 0 
Printing tau_prime:
0 11.5488 8.91586 22.0108 18.4044 12.8785 9.05098 13.3038 13.3764 13.0364 16.8417 0 
11.5488 0 5.26965 10.528 6.95583 6.92297 2.79336 8.14071 2.1851 3.96936 5.38071 11.5488 
8.91586 5.26965 0 14.123 11.6533 4.13658 2.96598 4.89302 7.42221 8.9505 9.20456 8.91586 
22.0108 10.528 14.123 0 4.76116 12.2597 12.9779 13.0868 9.11406 10.9728 5.16981 22.0108 
18.4044 6.95583 11.6533 4.76116 0 11.2186 9.71264 12.3279 5.03393 6.35719 3.06897 18.4044 
12.8785 6.92297 4.13658 12.2597 11.2186 0 6.0886 1.23101 8.53268 10.8703 8.2343 12.8785 
9.05098 2.79336 2.96598 12.9779 9.71264 6.0886 0 7.15418 4.94791 6.06021 7.81812 9.05098 
13.3038 8.14071 4.89302 13.0868 12.3279 1.23101 7.15418 0 9.7631 12.0944 9.30817 13.3038 
13.3764 2.1851 7.42221 9.11406 5.03393 8.53268 4.94791 9.7631 0 2.71922 4.26485 13.3764 
13.0364 3.96936 8.9505 10.9728 6.35719 10.8703 6.06021 12.0944 2.71922 0 6.65382 13.0364 
16.8417 5.38071 9.20456 5.16981 3.06897 8.2343 7.81812 9.30817 4.26485 6.65382 0 16.8417 
0 0 0 0 0 0 0 0 0 0 0 0 
---------------------------------------------------------------
Current config:
- Number of threads = 1
- Drone endurance = 20
- SL = 1
- SR = 1
- L = 1
- Allow loop = 0
- Allow revisit = 1
- Allow multi-visit drone = 0
- Use TSP optimal solution as warmstart: = 0
- Use cutting plane method: = 0
- Use CPLEX conflict refiner: = 0
---------------------------------------------------------------
---------------------------------------------
Calculate max stage gap for sortie.... 
Stage gap calculation consumes too much memory. No constraint was added.
---------------------------------------------
Warning:  Output names have been modified due to duplicate names or characters invalid in LP format.
Version identifier: 22.1.1.0 | 2022-11-28 | 9160aff4d
CPXPARAM_Threads                                 1
CPXPARAM_TimeLimit                               3600
CPXPARAM_WorkMem                                 24576
Tried aggregator 3 times.
MIP Presolve eliminated 4438 rows and 1813 columns.
MIP Presolve modified 4695 coefficients.
Aggregator did 26 substitutions.
Reduced MIP has 1501 rows, 3329 columns, and 82261 nonzeros.
Reduced MIP has 3263 binaries, 0 generals, 0 SOSs, and 0 indicators.
Presolve time = 0.09 sec. (160.70 ticks)
Found incumbent of value 163.993345 after 0.11 sec. (211.15 ticks)
Probing time = 0.01 sec. (12.04 ticks)
Cover probing fixed 3 vars, tightened 66 bounds.
Tried aggregator 2 times.
Detecting symmetries...
MIP Presolve eliminated 9 rows and 3 columns.
Aggregator did 9 substitutions.
Reduced MIP has 1483 rows, 3317 columns, and 81964 nonzeros.
Reduced MIP has 3251 binaries, 0 generals, 0 SOSs, and 0 indicators.
Presolve time = 0.04 sec. (57.07 ticks)
Probing time = 0.00 sec. (11.90 ticks)
Clique table members: 37698.
MIP emphasis: balance optimality and feasibility.
MIP search method: dynamic search.
Parallel mode: none, using 1 thread.
Root relaxation solution time = 0.23 sec. (618.77 ticks)

        Nodes                                         Cuts/
   Node  Left     Objective  IInf  Best Integer    Best Bound    ItCnt     Gap

*     0+    0                          163.9933      -11.0000           106.71%
      0     0       36.7112   220      163.9933       36.7112     5335   77.61%
      0     0       50.6655   212      163.9933      Cuts: 15     9390   69.11%
      0     0       53.0749   182      163.9933      Cuts: 58    10835   67.64%
      0     0       53.2158   199      163.9933      Cuts: 34    11090   67.55%
*     0+    0                           96.3067       53.2158            44.74%
*     0+    0                           75.6518       53.2158            29.66%
*     0+    0                           74.3917       53.2158            28.47%
      0     0  -1.00000e+75     0       74.3917       53.2158    11090   28.47%
      0     0       53.8118   201       74.3917      Cuts: 27    12345   27.66%
      0     0       53.9112   199       74.3917      Cuts: 23    13013   27.53%
Detecting symmetries...
      0     0       54.0163   230       74.3917       Cuts: 9    13301   27.39%
      0     0       54.0823   206       74.3917       Cuts: 6    13476   27.30%
      0     0       54.1496   203       74.3917   ZeroHalf: 5    13847   27.21%
      0     0       54.1890   241       74.3917      Cuts: 14    15706   27.16%
      0     0       54.4743   245       74.3917      Cuts: 20    16646   26.77%
      0     0       55.1512   111       74.3917      Cuts: 15    17930   25.86%
      0     0       55.5121    94       74.3917      Cuts: 20    20131   25.38%
      0     0       55.9353   175       74.3917      Cuts: 15    21840   24.81%
      0     0       56.3365   261       74.3917      Cuts: 37    24218   24.27%
      0     0       56.4131   255       74.3917      Cuts: 36    25329   24.17%
      0     0       56.8582   246       74.3917       Cuts: 8    26931   23.57%
      0     0       56.8582   250       74.3917      Cuts: 16    27084   23.57%
      0     0       56.8941   241       74.3917       Cuts: 7    27495   23.52%
      0     0       56.9154   243       74.3917       Cuts: 9    28051   23.49%
      0     0       56.9225   233       74.3917      Cuts: 22    28400   23.48%
*     0+    0                           71.7778       56.9225            20.70%
Detecting symmetries...
      0     2       56.9225   212       71.7778       56.9225    28400   20.70%
Elapsed time = 3.44 sec. (7934.17 ticks, tree = 0.01 MB, solutions = 5)
      2     4       57.7178   122       71.7778       57.0130    31605   20.57%
      6     6    infeasible             71.7778       57.0130    34550   20.57%
     10    10       59.4692    71       71.7778       57.0130    36577   20.57%
     18    18       62.0362    69       71.7778       57.0130    39631   20.57%
     31    25       66.9146    29       71.7778       57.0130    41515   20.57%
*    50+   36                           69.0496       57.0130            17.43%
     59    40       57.0225   229       69.0496       57.0165    43902   17.43%
     60    41       57.1837   211       69.0496       57.0165    44536   17.43%
     62    43       58.8827    87       69.0496       57.0165    46957   17.43%
     64    45       60.2161    87       69.0496       57.0165    49351   17.43%
     79    56       62.9442    57       69.0496       57.0165    57295   17.43%
Elapsed time = 4.77 sec. (11423.31 ticks, tree = 0.51 MB, solutions = 6)
*    80+   51                           66.7602       57.0165            14.60%
     97    62       62.8235    53       66.7602       57.1869    63959   14.34%
    135    96       59.3220   194       66.7602       57.1907    74933   14.33%
    145   102       59.7548   148       66.7602       57.7178    81665   13.54%
    162   113       59.9842    74       66.7602       57.7404    90625   13.51%
    182   125       65.2336    27       66.7602       57.7868   100555   13.44%
    230   157       64.5057    95       66.7602       58.2184   109615   12.79%
    254   176       64.6117    60       66.7602       58.2539   117983   12.74%
    284   195       65.8443    33       66.7602       58.4076   124437   12.51%
    310   213        cutoff             66.7602       58.5046   133135   12.37%
    338   233       64.4097    39       66.7602       58.8167   142204   11.90%
Elapsed time = 8.73 sec. (21473.87 ticks, tree = 1.85 MB, solutions = 7)
    371   250       65.4486   111       66.7602       59.0101   152064   11.61%
    435   288       60.7426    47       66.7602       59.2991   161717   11.18%
    477   309       61.0292   134       66.7602       59.3826   170948   11.05%
    493   319       61.4566   128       66.7602       59.7156   174901   10.55%
    531   342       65.6038    18       66.7602       59.7916   180427   10.44%
    586   381       64.0677    95       66.7602       60.0632   189826   10.03%
    592   381       65.2661    55       66.7602       60.0789   192384   10.01%
    596   383       61.8139   113       66.7602       60.0789   194647   10.01%
    660   406       60.8827    77       66.7602       60.3588   205453    9.59%
    674   416       63.2667    84       66.7602       60.4917   209320    9.39%
Elapsed time = 12.45 sec. (31504.79 ticks, tree = 2.47 MB, solutions = 7)
    725   444       62.3537   159       66.7602       60.6309   218468    9.18%
    791   485       65.4400    72       66.7602       60.8137   226998    8.91%
    825   496       61.1318    71       66.7602       60.8563   232751    8.84%
    866   530        cutoff             66.7602       60.8644   239574    8.83%
    917   551       63.5244    81       66.7602       60.9445   245249    8.71%
    970   569       63.4944    60       66.7602       61.0555   251457    8.55%
   1023   594       61.1665   111       66.7602       61.1017   258775    8.48%
*  1026   550      integral     0       66.3173       61.1017   260597    7.86%
   1135   634       66.1939    18       66.3173       61.2156   268629    7.69%
   1163   642       62.5402    89       66.3173       61.2738   272624    7.61%
Elapsed time = 15.98 sec. (40887.99 ticks, tree = 5.33 MB, solutions = 8)
   1234   678       66.0251    82       66.3173       61.3131   282027    7.55%
   1267   684       62.5874   116       66.3173       61.4128   288742    7.40%
   1301   694       61.8264    70       66.3173       61.4784   295369    7.30%
*  1340+  605                           65.6816       61.4906             6.38%
*  1346   259      integral     0       63.7271       61.4906   299640    3.51%
   1430   284       63.2430    72       63.7271       61.7425   306149    3.11%

Performing restart 1

Repeating presolve.
Tried aggregator 2 times.
MIP Presolve eliminated 27 rows and 512 columns.
MIP Presolve modified 916 coefficients.
Aggregator did 7 substitutions.
Reduced MIP has 1449 rows, 2798 columns, and 57967 nonzeros.
Reduced MIP has 2732 binaries, 0 generals, 0 SOSs, and 0 indicators.
Presolve time = 0.05 sec. (81.86 ticks)
Tried aggregator 2 times.
MIP Presolve eliminated 9 rows and 41 columns.
MIP Presolve modified 243 coefficients.
Aggregator did 1 substitutions.
Reduced MIP has 1439 rows, 2756 columns, and 57441 nonzeros.
Reduced MIP has 2690 binaries, 0 generals, 0 SOSs, and 0 indicators.
Presolve time = 0.03 sec. (48.00 ticks)
Tried aggregator 1 time.
MIP Presolve eliminated 4 rows and 16 columns.
MIP Presolve modified 2 coefficients.
Reduced MIP has 1435 rows, 2740 columns, and 56135 nonzeros.
Reduced MIP has 2676 binaries, 0 generals, 0 SOSs, and 0 indicators.
Presolve time = 0.03 sec. (41.83 ticks)
Represolve time = 0.52 sec. (1546.30 ticks)
   1456     0       56.9575   297       63.7271      Cuts: 44   315061    3.08%
   1456     0       57.0095   236       63.7271      Cuts: 23   316623    3.08%
   1456     0       57.8881   231       63.7271      Cuts: 34   318325    3.08%
   1456     0       57.9752   222       63.7271      Cuts: 35   318741    3.08%
   1456     0       58.3492   240       63.7271      Cuts: 28   320438    3.08%
   1456     0       58.4857   236       63.7271      Cuts: 22   321119    3.08%
   1456     0       58.6656   235       63.7271      Cuts: 45   323516    3.08%
   1456     2       58.6790   203       63.7271       61.7649   323516    3.08%
   1457     2       58.7643   191       63.7271       61.7649   323915    3.08%
   1458     2       58.7741   210       63.7271       61.7649   324344    3.08%
   1460     4       58.7860   184       63.7271       61.7649   324833    3.08%
   1462     6       58.8633   185       63.7271       61.7649   326186    3.08%
Elapsed time = 23.03 sec. (59404.54 ticks, tree = 0.02 MB, solutions = 10)
   1464     8       58.9826   166       63.7271       61.7649   330963    3.08%
   1465     8       62.3534   110       63.7271       61.7649   332902    3.08%
   1466     8       63.1250   102       63.7271       61.7649   334338    3.08%
   1468     8       63.2540    92       63.7271       61.7649   335118    3.08%
   1472     6       59.1152   230       63.7271       61.7649   340035    3.08%
   1474     8       59.1876   150       63.7271       61.7649   341076    3.08%
   1476    10       59.1933   224       63.7271       61.7649   341895    3.08%
   1480    14       59.2044   211       63.7271       61.7649   343839    3.08%
   1481    15       59.2492   208       63.7271       61.7649   346758    3.08%
   1484    17       59.4042   205       63.7271       61.7649   348336    3.08%
Elapsed time = 28.18 sec. (72831.49 ticks, tree = 0.07 MB, solutions = 10)
   1487    20       59.4105   225       63.7271       61.7649   350236    3.08%
   1490    22       59.5826   222       63.7271       61.7649   351637    3.08%
   1492    24       59.6613   218       63.7271       61.7649   353677    3.08%
   1496    27       59.8924   172       63.7271       61.7649   359050    3.08%
   1502    30       61.0374   178       63.7271       61.7649   362795    3.08%
   1506    32       61.2299   232       63.7271       61.7649   365833    3.08%
   1519    40       61.3506   169       63.7271       61.7649   368055    3.08%
   1526    45       61.4232   132       63.7271       61.7649   370481    3.08%
   1531    48       61.9816   134       63.7271       61.7649   374539    3.08%
   1544    53       62.9697   130       63.7271       61.7649   378571    3.08%
Elapsed time = 33.10 sec. (85527.97 ticks, tree = 0.12 MB, solutions = 10)
   1552    53       60.9582    96       63.7271       61.7649   384307    3.08%
   1579    67       80.1290    77       63.7271       61.7649   389541    3.08%
   1593    68       62.5304    31       63.7271       61.7649   393774    3.08%
   1605    76       62.6547    92       63.7271       61.7649   396597    3.08%
   1622    80       63.2674    64       63.7271       61.7649   401964    3.08%
   1636    84       62.9639    75       63.7271       61.7649   406693    3.08%
   1651    91       62.5692   101       63.7271       61.7649   411690    3.08%
   1695   108       62.1962    76       63.7271       61.7649   419973    3.08%
   1737   129       62.7539    46       63.7271       61.7649   426738    3.08%
   1754   140       61.1540   218       63.7271       61.7649   431336    3.08%
Elapsed time = 37.08 sec. (95867.54 ticks, tree = 0.24 MB, solutions = 10)
   1759   144       61.3115   230       63.7271       61.7649   434160    3.08%
   1774   152       62.2897   110       63.7271       61.7649   439314    3.08%
   1777   150       62.0043   141       63.7271       61.7649   441420    3.08%
   1781   154       62.0419    58       63.7271       61.7649   443714    3.08%
   1804   163       63.2336    12       63.7271       61.7649   449630    3.08%
   1843   190       62.7723   183       63.7271       61.7649   458370    3.08%
   1875   204       63.3283    54       63.7271       61.7649   462747    3.08%
   1888   206       62.6634    60       63.7271       61.7649   469181    3.08%
   1913   195       63.5961    55       63.7271       61.7649   473858    3.08%
   1926   187       62.8044    49       63.7271       61.7649   478937    3.08%
Elapsed time = 41.11 sec. (106332.85 ticks, tree = 0.31 MB, solutions = 10)
   1941   188       62.8298    20       63.7271       61.7649   482976    3.08%
   1958   181       62.8298    26       63.7271       61.7649   487849    3.08%
   1968   191       62.8447    23       63.7271       61.7649   489845    3.08%
   1977   188       63.5107    49       63.7271       61.7649   495280    3.08%
   1988   189       63.0666    78       63.7271       61.7649   498500    3.08%
   2019   164       62.0043    20       63.7271       62.0043   503825    2.70%
*  2032   147      integral     0       63.2218       62.0043   505074    1.93%
   2063   147       62.0043    18       63.2218       62.0043   509042    1.93%
   2076   153       62.8113    66       63.2218       62.0043   510982    1.93%
*  2140    56      integral     0       62.6999       62.2698   522945    0.69%
   2160    49       62.5643    25       62.6999       62.3692   526848    0.53%
Elapsed time = 46.18 sec. (119080.42 ticks, tree = 0.08 MB, solutions = 12)

GUB cover cuts applied:  5
Clique cuts applied:  6
Mixed integer rounding cuts applied:  1
Zero-half cuts applied:  21
Lift and project cuts applied:  3
Gomory fractional cuts applied:  4

Root node processing (before b&c):
  Real time             =    3.39 sec. (7750.36 ticks)
Sequential b&c:
  Real time             =   43.62 sec. (113446.81 ticks)
                          ------------
Total (root+branch&cut) =   47.01 sec. (121197.16 ticks)
Feasible solution found!
Truck nodes:
Stage 1 at customer 0 with arrival time is: 
Stage 2 at customer 6 with arrival time is: 
Stage 3 at customer 1 with arrival time is: 
Stage 4 at customer 8 with arrival time is: 
Stage 5 at customer 4 with arrival time is: 
Stage 6 at customer 10 with arrival time is: 
Stage 7 at customer 5 with arrival time is: 
Stage 8 at customer 7 with arrival time is: 
Stage 9 at customer 2 with arrival time is: 
Stage 10 at customer 11 with arrival time is: 
Truck arcs:
Arc 1 connecting 0 and 6 with cost 11.127 
Arc 2 connecting 6 and 1 with cost 3.41898 
Arc 3 connecting 1 and 8 with cost 2.95098 
Arc 4 connecting 8 and 4 with cost 5.54215 
Arc 5 connecting 4 and 10 with cost 4.31275 
Arc 6 connecting 10 and 5 with cost 11.4906 
Arc 7 connecting 5 and 7 with cost 1.61466 
Arc 8 connecting 7 and 2 with cost 6.42059 
Arc 9 connecting 2 and 11 with cost 12.3922 
Customer 3 served by drone.
Drone fly from 4 at stage 5 to serve 3 and then fly back to 7 at stage 8. 
Truck arcs during this sortie: 4--->10--->5--->7
Truck travel time from stage 5 to 8 is: 17.418
Total drone travel time: 17.848
Customer 9 served by drone.
Drone fly from 0 at stage 1 to serve 9 and then fly back to 8 at stage 4. 
Truck arcs during this sortie: 0--->6--->1--->8
Truck travel time from stage 1 to 4 is: 17.4969
Total drone travel time: 15.7556
Customer 3 served, start stage = 5, end stage = 8
Wait time for this sortie: 0.430015
Customer 9 served, start stage = 1, end stage = 4
Wait time for this sortie: 0
Printing Y(k,i,h):
Y[1][0][9] == 1
Y[5][4][3] == 1
Done!
-------------------------Re-calculated objective-----------------------
62.6999
------------------------------------------------------------------------
Solve time: 47.009
OBJECTIVE VALUE: 62.6999, NUMBER OF SORTIES: 0.
Number of loop(s):0
Number of revisit: 0
In write mode
