Instance name: /home/orlab/CLionProjects/RV-FSTSP/Murray_instances/FSTSP/FSTSP_10_customer_problems/20140810T123443v2
Write arg val: 1
Input is specified as type M: Murray instance.-.-.-.-.-.-.-.-.-.-.-.-.-.-.-.-.-.-.-.-

drone speed: 0.2 miles/minute
uav non-eligible customer: 4 8 
Printing tau:
0 7.3617 13.235 11.9489 14.048 9.28995 9.2816 9.57935 4.27959 6.76674 3.51531 0 
7.3617 0 8.59672 16.5872 14.8463 1.92825 1.9199 7.49765 3.32128 11.405 7.04299 7.3617 
13.235 8.59672 0 25.184 23.443 8.42508 9.39342 16.0944 11.7546 20.0018 15.6397 13.235 
11.9489 16.5872 25.184 0 20.0769 16.7589 15.7905 15.6083 13.4294 5.1822 10.0243 11.9489 
14.048 14.8463 23.443 20.0769 0 15.0179 14.0496 7.34864 11.6884 17.2947 10.5327 14.048 
9.28995 1.92825 8.42508 16.7589 15.0179 0 0.968346 7.66929 5.01036 12.5367 7.21463 9.28995 
9.2816 1.9199 9.39342 15.7905 14.0496 0.968346 0 6.70095 5.00201 12.5283 6.24629 9.2816 
9.57935 7.49765 16.0944 15.6083 7.34864 7.66929 6.70095 0 5.29976 12.8261 6.06403 9.57935 
4.27959 3.32128 11.7546 13.4294 11.6884 5.01036 5.00201 5.29976 0 8.24716 3.8851 4.27959 
6.76674 11.405 20.0018 5.1822 17.2947 12.5367 12.5283 12.8261 8.24716 0 6.76206 6.76674 
3.51531 7.04299 15.6397 10.0243 10.5327 7.21463 6.24629 6.06403 3.8851 6.76206 0 3.51531 
0 0 0 0 0 0 0 0 0 0 0 0 
Printing tau_prime:
0 10.2543 16.5737 15.7729 20.465 12.3288 11.8384 11.7816 5.33678 8.84513 5.0194 0 
10.2543 0 10.5868 25.1232 19.1891 2.28145 2.44971 9.21448 5.20038 18.3566 9.45738 10.2543 
16.5737 10.5868 0 32.2862 29.7194 11.276 12.2886 19.8012 13.8643 25.3886 18.4894 16.5737 
15.7729 25.1232 32.2862 0 23.7497 26.7584 25.9207 21.2864 19.9518 6.93179 15.9071 15.7729 
20.465 19.1891 29.7194 23.7497 0 18.5658 17.4845 10.136 17.9521 20.7816 15.4483 20.465 
12.3288 2.28145 11.276 26.7584 18.5658 0 1.14125 9.04478 7.08965 20.1104 10.8907 12.3288 
11.8384 2.44971 12.2886 25.9207 17.4845 1.14125 0 7.90494 6.51871 19.3468 10.0185 11.8384 
11.7816 9.21448 19.8012 21.2864 10.136 9.04478 7.90494 0 8.07267 15.8016 7.16659 11.7816 
5.33678 5.20038 13.8643 19.9518 17.9521 7.08965 6.51871 8.07267 0 13.1583 4.66638 5.33678 
8.84513 18.3566 25.3886 6.93179 20.7816 20.1104 19.3468 15.8016 13.1583 0 9.48339 8.84513 
5.0194 9.45738 18.4894 15.9071 15.4483 10.8907 10.0185 7.16659 4.66638 9.48339 0 5.0194 
0 0 0 0 0 0 0 0 0 0 0 0 
---------------------------------------------------------------
Current config:
- Number of threads = 1
- Drone endurance = 20
- SL = 1
- SR = 1
- L = 1
- Allow loop = 0
- Allow revisit = 1
- Allow multi-visit drone = 0
- Use TSP optimal solution as warmstart: = 0
- Use cutting plane method: = 0
- Use CPLEX conflict refiner: = 0
---------------------------------------------------------------
---------------------------------------------
Calculate max stage gap for sortie.... 
Stage gap calculation consumes too much memory. No constraint was added.
---------------------------------------------
Warning:  Output names have been modified due to duplicate names or characters invalid in LP format.
Version identifier: 22.1.1.0 | 2022-11-28 | 9160aff4d
CPXPARAM_Threads                                 1
CPXPARAM_TimeLimit                               3600
CPXPARAM_WorkMem                                 24576
Tried aggregator 3 times.
MIP Presolve eliminated 5465 rows and 2552 columns.
MIP Presolve modified 3966 coefficients.
Aggregator did 37 substitutions.
Reduced MIP has 1130 rows, 2579 columns, and 71801 nonzeros.
Reduced MIP has 2513 binaries, 0 generals, 0 SOSs, and 0 indicators.
Presolve time = 0.08 sec. (153.84 ticks)
Found incumbent of value 176.532291 after 0.10 sec. (195.40 ticks)
Probing fixed 1 vars, tightened 0 bounds.
Probing time = 0.01 sec. (37.18 ticks)
Cover probing fixed 1 vars, tightened 66 bounds.
Tried aggregator 2 times.
Detecting symmetries...
MIP Presolve eliminated 9 rows and 2 columns.
MIP Presolve modified 22 coefficients.
Aggregator did 9 substitutions.
Reduced MIP has 1110 rows, 2568 columns, and 71489 nonzeros.
Reduced MIP has 2502 binaries, 0 generals, 0 SOSs, and 0 indicators.
Presolve time = 0.04 sec. (45.25 ticks)
Probing time = 0.00 sec. (8.73 ticks)
Clique table members: 33889.
MIP emphasis: balance optimality and feasibility.
MIP search method: dynamic search.
Parallel mode: none, using 1 thread.
Root relaxation solution time = 0.10 sec. (265.75 ticks)

        Nodes                                         Cuts/
   Node  Left     Objective  IInf  Best Integer    Best Bound    ItCnt     Gap

*     0+    0                          176.5323      -11.0000           106.23%
      0     0       57.9409   132      176.5323       57.9409     3096   67.18%
      0     0       65.8769   147      176.5323      Cuts: 11     5858   62.68%
*     0+    0                          114.5054       65.8769            42.47%
      0     0       66.8522   133      114.5054      Cuts: 25     6811   41.62%
*     0+    0                           82.9753       66.8522            19.43%
      0     0       67.1495   119       82.9753      Cuts: 16     7376   19.07%
*     0+    0                           78.1473       67.1495            14.07%
*     0+    0                           74.6239       67.1495            10.02%
      0     0  -1.00000e+75     0       74.6239       67.1495     7376   10.02%
      0     0       67.1957   143       74.6239      Cuts: 22     8502    9.95%
      0     0       67.3557   147       74.6239      Cuts: 16     9945    9.74%
Detecting symmetries...
      0     0       67.3892   177       74.6239      Cuts: 25    11486    9.69%
      0     0       67.4888   192       74.6239      Cuts: 17    12323    9.56%
      0     0       68.3806   196       74.6239      Cuts: 15    15398    8.37%
      0     0       68.4495   160       74.6239      Cuts: 24    15787    8.27%
      0     0       68.4633   168       74.6239      Cuts: 12    16064    8.26%
      0     0       68.4899   180       74.6239      Cuts: 12    17382    8.22%
      0     0       68.5145   226       74.6239       Cuts: 9    18452    8.19%
      0     0       68.7884   179       74.6239      Cuts: 12    22737    7.82%
      0     0       69.6262   131       74.6239      Cuts: 14    24536    6.70%
      0     0       69.7106   161       74.6239       Cuts: 8    25216    6.58%
      0     0       69.7646   191       74.6239      Cuts: 14    25749    6.51%
      0     0       69.9981   184       74.6239      Cuts: 13    26673    6.20%
      0     0       70.0096   182       74.6239   ZeroHalf: 8    27018    6.18%
      0     0       70.0482   178       74.6239   ZeroHalf: 7    27305    6.13%
      0     0       70.0873   171       74.6239   ZeroHalf: 2    27493    6.08%
      0     0       70.1468   175       74.6239      Cuts: 11    28130    6.00%
      0     0       70.1919   179       74.6239   ZeroHalf: 7    28404    5.94%
      0     0       70.2125   189       74.6239       Cuts: 4    28695    5.91%
      0     0       70.2561   202       74.6239   ZeroHalf: 8    29215    5.85%
      0     0       70.2739   231       74.6239   ZeroHalf: 3    29650    5.83%
      0     0       70.3238   217       74.6239       Cuts: 8    31459    5.76%
      0     0       70.3684   239       74.6239      Cuts: 11    32026    5.70%
      0     0       70.3912   250       74.6239       Cuts: 5    32673    5.67%
      0     0       70.4103   251       74.6239       Cuts: 5    34530    5.65%
*     0+    0                           72.1465       70.4103             2.41%
Detecting symmetries...

Repeating presolve.
Tried aggregator 2 times.
MIP Presolve eliminated 80 rows and 861 columns.
MIP Presolve modified 986 coefficients.
Aggregator did 13 substitutions.
Reduced MIP has 1016 rows, 1694 columns, and 33303 nonzeros.
Reduced MIP has 1628 binaries, 0 generals, 0 SOSs, and 0 indicators.
Presolve time = 0.05 sec. (78.58 ticks)
Probing fixed 59 vars, tightened 0 bounds.
Probing time = 0.06 sec. (204.24 ticks)
Cover probing fixed 0 vars, tightened 5 bounds.
Tried aggregator 2 times.
MIP Presolve eliminated 24 rows and 62 columns.
MIP Presolve modified 33 coefficients.
Aggregator did 1 substitutions.
Reduced MIP has 990 rows, 1631 columns, and 32351 nonzeros.
Reduced MIP has 1567 binaries, 0 generals, 0 SOSs, and 0 indicators.
Presolve time = 0.03 sec. (42.24 ticks)
Probing time = 0.00 sec. (7.22 ticks)
Tried aggregator 1 time.
Detecting symmetries...
MIP Presolve modified 1 coefficients.
Reduced MIP has 990 rows, 1631 columns, and 32351 nonzeros.
Reduced MIP has 1567 binaries, 0 generals, 0 SOSs, and 0 indicators.
Presolve time = 0.02 sec. (23.54 ticks)
Represolve time = 0.18 sec. (384.72 ticks)
Probing time = 0.00 sec. (7.22 ticks)
Clique table members: 30038.
MIP emphasis: balance optimality and feasibility.
MIP search method: dynamic search.
Parallel mode: none, using 1 thread.
Root relaxation solution time = 0.13 sec. (327.21 ticks)

        Nodes                                         Cuts/
   Node  Left     Objective  IInf  Best Integer    Best Bound    ItCnt     Gap

*     0+    0                           72.1465       70.4103             2.41%
      0     0       69.9582   233       72.1465       70.4103    38470    2.41%
      0     0       70.0089   251       72.1465       Cuts: 9    38649    2.41%
      0     0       70.0668   236       72.1465      Cuts: 10    38867    2.41%
      0     0       70.0849   246       72.1465       Cuts: 6    39143    2.41%
      0     0       70.1006   253       72.1465       Cuts: 5    39518    2.41%
Detecting symmetries...
      0     2       70.1006   235       72.1465       70.4103    39518    2.41%
Elapsed time = 3.17 sec. (7293.10 ticks, tree = 0.01 MB, solutions = 6)
      6     6       70.4699   162       72.1465       70.4103    44439    2.41%
     11     9       71.0303    86       72.1465       70.4103    48265    2.41%

Clique cuts applied:  1
Zero-half cuts applied:  20
Lift and project cuts applied:  1
Gomory fractional cuts applied:  2

Root node processing (before b&c):
  Real time             =    3.17 sec. (7272.70 ticks)
Sequential b&c:
  Real time             =    0.29 sec. (760.33 ticks)
                          ------------
Total (root+branch&cut) =    3.45 sec. (8033.03 ticks)
Feasible solution found!
Truck nodes:
Stage 1 at customer 0 with arrival time is: 
Stage 2 at customer 8 with arrival time is: 
Stage 3 at customer 1 with arrival time is: 
Stage 4 at customer 2 with arrival time is: 
Stage 5 at customer 5 with arrival time is: 
Stage 6 at customer 6 with arrival time is: 
Stage 7 at customer 7 with arrival time is: 
Stage 8 at customer 4 with arrival time is: 
Stage 9 at customer 10 with arrival time is: 
Stage 10 at customer 3 with arrival time is: 
Stage 11 at customer 9 with arrival time is: 
Stage 12 at customer 11 with arrival time is: 
Truck arcs:
Arc 1 connecting 0 and 8 with cost 4.27959 
Arc 2 connecting 8 and 1 with cost 3.32128 
Arc 3 connecting 1 and 2 with cost 8.59672 
Arc 4 connecting 2 and 5 with cost 8.42508 
Arc 5 connecting 5 and 6 with cost 0.968346 
Arc 6 connecting 6 and 7 with cost 6.70095 
Arc 7 connecting 7 and 4 with cost 7.34864 
Arc 8 connecting 4 and 10 with cost 10.5327 
Arc 9 connecting 10 and 3 with cost 10.0243 
Arc 10 connecting 3 and 9 with cost 5.1822 
Arc 11 connecting 9 and 11 with cost 6.76674 
Printing Y(k,i,h):
Done!
-------------------------Re-calculated objective-----------------------
72.1465
------------------------------------------------------------------------
Solve time: 3.45
OBJECTIVE VALUE: 72.1465, NUMBER OF SORTIES: 0.
Number of loop(s):0
Number of revisit: 0
In write mode
