Instance name: /home/orlab/CLionProjects/RV-FSTSP/Murray_instances/FSTSP/FSTSP_10_customer_problems/20140810T123440v11
Write arg val: 1
Input is specified as type M: Murray instance.-.-.-.-.-.-.-.-.-.-.-.-.-.-.-.-.-.-.-.-

drone speed: 0.6 miles/minute
uav non-eligible customer: 4 5 
Printing tau:
0 6.70596 5.99218 19.8811 13.1652 11.7619 4.72699 12.4128 7.62306 8.49346 13.6525 0 
6.70596 0 7.41815 13.1751 7.41924 8.38408 3.41898 9.99874 2.95098 5.14749 6.9465 6.70596 
5.99218 7.41815 0 14.3533 14.8374 5.76971 3.99917 6.42059 10.3691 12.5656 10.5246 5.99218 
19.8811 13.1751 14.3533 0 6.71587 15.3192 15.1541 16.9338 12.258 15.4145 6.22861 19.8811 
13.1652 7.41924 14.8374 6.71587 0 15.8033 10.8382 17.418 5.54215 8.69866 4.31275 13.1652 
11.7619 8.38408 5.76971 15.3192 15.8033 0 7.0349 1.61466 11.3351 13.5316 11.4906 11.7619 
4.72699 3.41898 3.99917 15.1541 10.8382 7.0349 0 7.68579 6.36995 8.56647 8.92548 4.72699 
12.4128 9.99874 6.42059 16.9338 17.418 1.61466 7.68579 0 12.9497 15.1462 13.1052 12.4128 
7.62306 2.95098 10.3691 12.258 5.54215 11.3351 6.36995 12.9497 0 3.15652 6.0294 7.62306 
8.49346 5.14749 12.5656 15.4145 8.69866 13.5316 8.56647 15.1462 3.15652 0 9.18592 8.49346 
13.6525 6.9465 10.5246 6.22861 4.31275 11.4906 8.92548 13.1052 6.0294 9.18592 0 13.6525 
0 0 0 0 0 0 0 0 0 0 0 0 
Printing tau_prime:
0 3.78522 3.65924 11.3047 8.58945 6.4627 2.38777 7.11309 4.99394 4.84686 7.62689 0 
3.78522 0 3.76404 7.52003 4.96845 4.94498 1.99526 5.81479 1.56079 2.83526 3.84337 3.78522 
3.65924 3.76404 0 10.0878 8.32381 2.9547 2.11856 3.49502 5.30158 6.39321 6.57469 3.65924 
11.3047 7.52003 10.0878 0 3.40083 8.7569 9.26995 9.34774 6.51004 7.83769 3.69272 11.3047 
8.58945 4.96845 8.32381 3.40083 0 8.01329 6.9376 8.80561 3.59566 4.54085 2.19212 8.58945 
6.4627 4.94498 2.9547 8.7569 8.01329 0 4.349 0.879294 6.09477 7.76448 5.88165 6.4627 
2.38777 1.99526 2.11856 9.26995 6.9376 4.349 0 5.11013 3.53422 4.32872 5.58437 2.38777 
7.11309 5.81479 3.49502 9.34774 8.80561 0.879294 5.11013 0 6.97365 8.63888 6.64869 7.11309 
4.99394 1.56079 5.30158 6.51004 3.59566 6.09477 3.53422 6.97365 0 1.9423 3.04632 4.99394 
4.84686 2.83526 6.39321 7.83769 4.54085 7.76448 4.32872 8.63888 1.9423 0 4.75273 4.84686 
7.62689 3.84337 6.57469 3.69272 2.19212 5.88165 5.58437 6.64869 3.04632 4.75273 0 7.62689 
0 0 0 0 0 0 0 0 0 0 0 0 
---------------------------------------------------------------
Current config:
- Number of threads = 1
- Drone endurance = 20
- SL = 1
- SR = 1
- L = 1
- Allow loop = 0
- Allow revisit = 1
- Allow multi-visit drone = 0
- Use TSP optimal solution as warmstart: = 0
- Use cutting plane method: = 0
- Use CPLEX conflict refiner: = 0
---------------------------------------------------------------
---------------------------------------------
Calculate max stage gap for sortie.... 
Stage gap calculation consumes too much memory. No constraint was added.
---------------------------------------------
Warning:  Output names have been modified due to duplicate names or characters invalid in LP format.
Version identifier: 22.1.1.0 | 2022-11-28 | 9160aff4d
CPXPARAM_Threads                                 1
CPXPARAM_TimeLimit                               3600
CPXPARAM_WorkMem                                 24576
Tried aggregator 3 times.
MIP Presolve eliminated 4394 rows and 1749 columns.
MIP Presolve modified 5096 coefficients.
Aggregator did 25 substitutions.
Reduced MIP has 1510 rows, 3394 columns, and 81834 nonzeros.
Reduced MIP has 3328 binaries, 0 generals, 0 SOSs, and 0 indicators.
Presolve time = 0.07 sec. (145.28 ticks)
Found incumbent of value 153.277725 after 0.10 sec. (197.18 ticks)
Probing fixed 9 vars, tightened 0 bounds.
Probing time = 0.03 sec. (95.79 ticks)
Tried aggregator 2 times.
Detecting symmetries...
MIP Presolve eliminated 10 rows and 9 columns.
MIP Presolve modified 46 coefficients.
Aggregator did 9 substitutions.
Reduced MIP has 1491 rows, 3376 columns, and 81424 nonzeros.
Reduced MIP has 3310 binaries, 0 generals, 0 SOSs, and 0 indicators.
Presolve time = 0.05 sec. (78.79 ticks)
Probing time = 0.00 sec. (7.41 ticks)
Clique table members: 38674.
MIP emphasis: balance optimality and feasibility.
MIP search method: dynamic search.
Parallel mode: none, using 1 thread.
Root relaxation solution time = 0.19 sec. (508.29 ticks)

        Nodes                                         Cuts/
   Node  Left     Objective  IInf  Best Integer    Best Bound    ItCnt     Gap

*     0+    0                          153.2777      -11.0000           107.18%
      0     0       30.8553   218      153.2777       30.8553     4646   79.87%
      0     0       39.3288   169      153.2777      Cuts: 20     6206   74.34%
      0     0       40.4099   136      153.2777      Cuts: 21     6571   73.64%
      0     0       41.7661   164      153.2777  ZeroHalf: 11     7445   72.75%
*     0+    0                          106.5312       41.7661            60.79%
*     0+    0                           90.3610       41.7661            53.78%
*     0+    0                           63.5077       41.7661            34.23%
*     0+    0                           62.9321       41.7661            33.63%
*     0+    0                           62.5115       41.7661            33.19%
*     0+    0                           59.0591       41.7661            29.28%
      0     0  -1.00000e+75     0       59.0591       41.7661     7445   29.28%
      0     0       42.6399   172       59.0591      Cuts: 14     7689   27.80%
      0     0       42.7199   184       59.0591  ZeroHalf: 13     8011   27.67%
Detecting symmetries...
      0     0       42.8256   191       59.0591  ZeroHalf: 12     8330   27.49%
      0     0       43.2257   234       59.0591      Cuts: 13     8695   26.81%
      0     0       43.4023   217       59.0591       Cuts: 7     9005   26.51%
      0     0       43.7233   199       59.0591   Impl Bds: 1     9222   25.97%
      0     0       43.9337   213       59.0591       Cuts: 3     9519   25.61%
      0     0       44.2537   255       59.0591       Cuts: 4    10665   25.07%
      0     0       44.3060   234       59.0591       Cuts: 5    10937   24.98%
      0     0       44.6582   289       59.0591       Cuts: 5    12356   24.38%
      0     0       44.8257   249       59.0591       Cuts: 5    13315   24.10%
      0     0       44.8257   249       59.0591   ZeroHalf: 1    13423   24.10%
*     0+    0                           54.5473       44.8257            17.82%
Detecting symmetries...
      0     2       44.8257   219       54.5473       44.8333    13423   17.81%
Elapsed time = 2.44 sec. (5189.21 ticks, tree = 0.01 MB, solutions = 8)
      4     4       46.5233    91       54.5473       44.9647    16541   17.57%
      8     8       49.8002    27       54.5473       44.9647    19535   17.57%
     12    12       50.8043    32       54.5473       44.9647    22280   17.57%
*    20+   16                           52.5121       44.9647            14.37%
     20    18       49.9960    19       52.5121       44.9647    24783   14.37%
     35    27        cutoff             52.5121       44.9647    26837   14.37%
     52    32       46.3014   167       52.5121       44.9647    30534   14.37%
     54    34       46.8212   155       52.5121       44.9647    33795   14.37%
     61    39       49.9925    55       52.5121       44.9647    36896   14.37%
     89    53       45.1190   227       52.5121       45.0382    40168   14.23%
     94    58       46.3829   193       52.5121       45.0382    47598   14.23%
Elapsed time = 3.87 sec. (9061.99 ticks, tree = 0.14 MB, solutions = 9)
    107    66       48.5410   146       52.5121       45.1196    58161   14.08%
    134    83       46.2571   189       52.5121       45.5060    65838   13.34%
    185   110       47.7130   114       52.5121       45.7621    74717   12.85%
    242   144       49.8442    76       52.5121       46.3014    84521   11.83%
    288   176       46.5103   242       52.5121       46.4852    92539   11.48%
    299   187       50.7211    84       52.5121       46.4852   102125   11.48%
    338   208       49.2079    79       52.5121       46.7164   112042   11.04%
    363   223       47.8045   168       52.5121       46.9831   119978   10.53%
    393   236       49.2939   101       52.5121       47.2472   129991   10.03%
    423   243       48.1815   117       52.5121       47.4252   139296    9.69%
Elapsed time = 7.84 sec. (19275.73 ticks, tree = 1.11 MB, solutions = 9)
    473   276        cutoff             52.5121       47.5027   148397    9.54%
    509   291       49.0837   116       52.5121       47.8060   157087    8.96%
    524   300       50.3797   130       52.5121       47.8725   160549    8.84%
    568   328       50.3209   180       52.5121       47.9084   170372    8.77%
*   640+  326                           51.8976       48.1199             7.28%
    640   328       49.4698     8       51.8976       48.1199   180207    7.28%
*   674   268      integral     0       51.2043       48.1199   185167    6.02%
    698   282        cutoff             51.2043       48.1769   188385    5.91%
*   710+  223                           50.7233       48.1926             4.99%
    749   232       49.0483    65       50.7233       48.4202   197011    4.54%
    803   252       50.0946   109       50.7233       48.6922   205603    4.00%
    845   246       49.4404   164       50.7233       49.0129   214217    3.37%
    922   259        cutoff             50.7233       49.2043   222750    2.99%
Elapsed time = 11.67 sec. (29053.22 ticks, tree = 1.27 MB, solutions = 12)
*   932     0      integral     0       49.2043       49.2043   223172    0.00%

GUB cover cuts applied:  1
Cover cuts applied:  3
Implied bound cuts applied:  22
Zero-half cuts applied:  25
Lift and project cuts applied:  1
Gomory fractional cuts applied:  4

Root node processing (before b&c):
  Real time             =    2.42 sec. (5104.30 ticks)
Sequential b&c:
  Real time             =    9.27 sec. (23998.09 ticks)
                          ------------
Total (root+branch&cut) =   11.69 sec. (29102.39 ticks)
Feasible solution found!
Truck nodes:
Stage 1 at customer 0 with arrival time is: 
Stage 2 at customer 6 with arrival time is: 
Stage 3 at customer 1 with arrival time is: 
Stage 4 at customer 8 with arrival time is: 
Stage 5 at customer 4 with arrival time is: 
Stage 6 at customer 10 with arrival time is: 
Stage 7 at customer 5 with arrival time is: 
Stage 8 at customer 2 with arrival time is: 
Stage 9 at customer 11 with arrival time is: 
Truck arcs:
Arc 1 connecting 0 and 6 with cost 4.72699 
Arc 2 connecting 6 and 1 with cost 3.41898 
Arc 3 connecting 1 and 8 with cost 2.95098 
Arc 4 connecting 8 and 4 with cost 5.54215 
Arc 5 connecting 4 and 10 with cost 4.31275 
Arc 6 connecting 10 and 5 with cost 11.4906 
Arc 7 connecting 5 and 2 with cost 5.76971 
Arc 8 connecting 2 and 11 with cost 5.99218 
Customer 3 served by drone.
Drone fly from 1 at stage 3 to serve 3 and then fly back to 10 at stage 6. 
Truck arcs during this sortie: 1--->8--->4--->10
Truck travel time from stage 3 to 6 is: 12.8059
Total drone travel time: 11.2128
Customer 7 served by drone.
Drone fly from 5 at stage 7 to serve 7 and then fly back to 2 at stage 8. 
Truck arcs during this sortie: 5--->2
Truck travel time from stage 7 to 8 is: 5.76971
Total drone travel time: 4.37431
Customer 9 served by drone.
Drone fly from 0 at stage 1 to serve 9 and then fly back to 1 at stage 3. 
Truck arcs during this sortie: 0--->6--->1
Truck travel time from stage 1 to 3 is: 8.14596
Total drone travel time: 7.68212
Customer 3 served, start stage = 3, end stage = 6
Wait time for this sortie: 0
Customer 7 served, start stage = 7, end stage = 8
Wait time for this sortie: 0
Customer 9 served, start stage = 1, end stage = 3
Wait time for this sortie: 0
Printing Y(k,i,h):
Y[1][0][9] == 1
Y[3][1][3] == 1
Y[7][5][7] == 1
Done!
-------------------------Re-calculated objective-----------------------
49.2043
------------------------------------------------------------------------
Solve time: 11.687
OBJECTIVE VALUE: 49.2043, NUMBER OF SORTIES: 0.
Number of loop(s):0
Number of revisit: 0
In write mode
