Instance name: /home/orlab/CLionProjects/RV-FSTSP/Murray_instances/FSTSP/FSTSP_10_customer_problems/20140810T123437v2
Write arg val: 1
Input is specified as type M: Murray instance.-.-.-.-.-.-.-.-.-.-.-.-.-.-.-.-.-.-.-.-

drone speed: 0.2 miles/minute
uav non-eligible customer: 10 
Printing tau:
0 7.81487 11.456 11.7512 6.90462 8.74496 8.26904 7.96713 6.93325 7.23706 4.19835 0 
7.81487 0 18.3108 3.93636 13.7595 7.22991 8.18583 7.04774 13.7881 14.0919 12.0132 7.81487 
11.456 18.3108 0 22.2472 4.55136 11.0809 10.125 11.2631 5.10923 6.13892 11.4943 11.456 
11.7512 3.93636 22.2472 0 17.6958 11.1663 12.1222 10.9841 17.7245 18.0283 15.9496 11.7512 
6.90462 13.7595 4.55136 17.6958 0 6.52957 5.57365 6.71174 1.94864 9.26756 8.38296 6.90462 
8.74496 7.22991 11.0809 11.1663 6.52957 0 0.955922 0.777831 6.55821 13.8279 12.9433 8.74496 
8.26904 8.18583 10.125 12.1222 5.57365 0.955922 0 1.13809 5.60229 13.352 12.4674 8.26904 
7.96713 7.04774 11.2631 10.9841 6.71174 0.777831 1.13809 0 6.74038 13.0501 12.1655 7.96713 
6.93325 13.7881 5.10923 17.7245 1.94864 6.55821 5.60229 6.74038 0 11.2162 10.3316 6.93325 
7.23706 14.0919 6.13892 18.0283 9.26756 13.8279 13.352 13.0501 11.2162 0 7.2754 7.23706 
4.19835 12.0132 11.4943 15.9496 8.38296 12.9433 12.4674 12.1655 10.3316 7.2754 0 4.19835 
0 0 0 0 0 0 0 0 0 0 0 0 
Printing tau_prime:
0 12.2509 13.5582 18.8024 9.51495 10.3155 9.87058 9.3921 10.9091 10.4224 4.94801 0 
12.2509 0 23.0027 6.5606 16.7706 8.59075 9.66193 8.30778 16.3699 22.5134 16.2781 12.2509 
13.5582 23.0027 0 29.091 6.50889 15.8949 14.6508 15.5734 8.01334 8.77857 14.8944 13.5582 
18.8024 6.5606 29.091 0 22.6813 13.6282 14.8639 13.6915 21.9127 29.0691 22.6695 18.8024 
9.51495 16.7706 6.50889 22.6813 0 9.38617 8.14351 9.0795 2.29674 10.9289 12.8279 9.51495 
10.3155 8.59075 15.8949 13.6282 9.38617 0 1.25846 0.941487 8.31925 18.1926 15.2616 10.3155 
9.87058 9.66193 14.6508 14.8639 8.14351 1.25846 0 1.38764 7.06588 17.2062 14.7813 9.87058 
9.3921 8.30778 15.5734 13.6915 9.0795 0.941487 1.38764 0 8.23237 17.4772 14.3397 9.3921 
10.9091 16.3699 8.01334 21.9127 2.29674 8.31925 7.06588 8.23237 0 13.2233 14.6887 10.9091 
10.4224 22.5134 8.77857 29.0691 10.9289 18.1926 17.2062 17.4772 13.2233 0 8.63729 10.4224 
4.94801 16.2781 14.8944 22.6695 12.8279 15.2616 14.7813 14.3397 14.6887 8.63729 0 4.94801 
0 0 0 0 0 0 0 0 0 0 0 0 
---------------------------------------------------------------
Current config:
- Number of threads = 1
- Drone endurance = 20
- SL = 1
- SR = 1
- L = 1
- Allow loop = 0
- Allow revisit = 1
- Allow multi-visit drone = 0
- Use TSP optimal solution as warmstart: = 0
- Use cutting plane method: = 0
- Use CPLEX conflict refiner: = 0
---------------------------------------------------------------
---------------------------------------------
Calculate max stage gap for sortie.... 
Stage gap calculation consumes too much memory. No constraint was added.
---------------------------------------------
Warning:  Output names have been modified due to duplicate names or characters invalid in LP format.
Version identifier: 22.1.1.0 | 2022-11-28 | 9160aff4d
CPXPARAM_Threads                                 1
CPXPARAM_TimeLimit                               3600
CPXPARAM_WorkMem                                 24576
Tried aggregator 3 times.
MIP Presolve eliminated 5410 rows and 1994 columns.
MIP Presolve modified 4535 coefficients.
Aggregator did 41 substitutions.
Reduced MIP has 1308 rows, 3133 columns, and 77712 nonzeros.
Reduced MIP has 3067 binaries, 0 generals, 0 SOSs, and 0 indicators.
Presolve time = 0.09 sec. (172.92 ticks)
Found incumbent of value 112.931430 after 0.12 sec. (222.14 ticks)
Probing time = 0.00 sec. (8.30 ticks)
Cover probing fixed 3 vars, tightened 66 bounds.
Tried aggregator 2 times.
Detecting symmetries...
MIP Presolve eliminated 9 rows and 3 columns.
Aggregator did 9 substitutions.
Reduced MIP has 1290 rows, 3121 columns, and 77415 nonzeros.
Reduced MIP has 3055 binaries, 0 generals, 0 SOSs, and 0 indicators.
Presolve time = 0.04 sec. (49.19 ticks)
Probing time = 0.00 sec. (8.19 ticks)
Clique table members: 16908.
MIP emphasis: balance optimality and feasibility.
MIP search method: dynamic search.
Parallel mode: none, using 1 thread.
Root relaxation solution time = 0.22 sec. (570.25 ticks)

        Nodes                                         Cuts/
   Node  Left     Objective  IInf  Best Integer    Best Bound    ItCnt     Gap

*     0+    0                          112.9314      -11.0000           109.74%
      0     0       31.1898   393      112.9314       31.1898     5418   72.38%
      0     0       37.8045   247      112.9314      Cuts: 18     8640   66.52%
*     0+    0                           75.8796       37.8045            50.18%
      0     0       39.5392   343       75.8796      Cuts: 22     9837   47.89%
      0     0       41.9600   349       75.8796      Cuts: 22    11823   44.70%
*     0+    0                           66.9995       41.9600            37.37%
      0     0       42.5614   340       66.9995      Cuts: 27    13194   36.47%
      0     0       44.1737   246       66.9995      Cuts: 20    15067   34.07%
Detecting symmetries...
      0     0       45.2416   283       66.9995      Cuts: 31    17375   32.47%
      0     0       45.6162   291       66.9995      Cuts: 23    18363   31.92%
*     0+    0                           60.4845       45.6162            24.58%
*     0+    0                           60.1201       45.6162            24.12%
      0     0       45.7836   289       60.1201      Cuts: 13    18719   23.85%
*     0+    0                           58.5960       45.7836            21.87%
      0     0       45.8383   267       58.5960  ZeroHalf: 12    18987   21.77%
      0     0       45.8507   273       58.5960       Cuts: 7    19126   21.75%
      0     0       45.8507   274       58.5960       Cuts: 2    19196   21.75%
*     0+    0                           58.2316       45.8507            21.26%
      0     0  -1.00000e+75     0       58.2316       45.8507    19196   21.26%
      0     0       45.8507   271       58.2316   ZeroHalf: 1    19200   21.26%
Detecting symmetries...
      0     2       45.8521   262       58.2316       45.8521    19229   21.26%
Elapsed time = 2.29 sec. (4934.62 ticks, tree = 0.01 MB, solutions = 7)
      3     5       46.3590   249       58.2316       45.8677    22139   21.23%
      5     7       46.5462   253       58.2316       46.3877    25192   20.34%
      6     8       50.6080   153       58.2316       46.5462    28996   20.07%
      8    10       48.7176   222       58.2316       46.6206    34788   19.94%
     10    12       49.8839   164       58.2316       46.6206    37975   19.94%
     20    18       46.7964   246       58.2316       46.6377    41546   19.91%
     23    21       49.9613   150       58.2316       46.6377    45466   19.91%
     25    23       52.1862   135       58.2316       46.6377    48391   19.91%
     30    28       50.1051   168       58.2316       46.6377    50771   19.91%
     56    45        cutoff             58.2316       46.8019    63947   19.63%
Elapsed time = 3.89 sec. (9206.72 ticks, tree = 0.14 MB, solutions = 7)
     93    62       51.1932    34       58.2316       47.3488    76760   18.69%
*   108    44      integral     0       54.1840       47.3488    78922   12.61%
    144    63       47.4260   152       54.1840       47.4260    91767   12.47%
    168    75       50.5975    59       54.1840       47.7395   103680   11.89%
    200    77        cutoff             54.1840       49.0269   116716    9.52%
    223    88       52.2479   148       54.1840       49.2611   129043    9.09%
    281   112       53.4942   120       54.1840       49.5707   142008    8.51%
    322   124       50.0533   219       54.1840       49.6796   156081    8.31%
    328   126       49.9127   211       54.1840       49.8374   158813    8.02%
    356   140       52.9828   143       54.1840       49.9406   167635    7.83%
Elapsed time = 7.55 sec. (18838.83 ticks, tree = 0.29 MB, solutions = 8)
    382   150        cutoff             54.1840       50.0133   178570    7.70%
    393   145        cutoff             54.1840       50.1799   183671    7.39%
    405   137        cutoff             54.1840       50.2965   189309    7.17%
    428   129       51.8621   191       54.1840       50.5560   197236    6.70%
    479   118       51.9874   108       54.1840       50.9668   207211    5.94%
    549   133       52.3122   226       54.1840       51.4617   220160    5.02%
    629   114        cutoff             54.1840       52.3777   231296    3.33%
    743    78        cutoff             54.1840       53.1802   240929    1.85%
*   750    52      integral     0       53.7933       53.2068   241560    1.09%

GUB cover cuts applied:  5
Clique cuts applied:  2
Cover cuts applied:  7
Implied bound cuts applied:  16
Mixed integer rounding cuts applied:  1
Zero-half cuts applied:  30
Gomory fractional cuts applied:  3

Root node processing (before b&c):
  Real time             =    2.26 sec. (4814.17 ticks)
Sequential b&c:
  Real time             =    8.38 sec. (22109.92 ticks)
                          ------------
Total (root+branch&cut) =   10.64 sec. (26924.08 ticks)
Feasible solution found!
Truck nodes:
Stage 1 at customer 0 with arrival time is: 
Stage 2 at customer 10 with arrival time is: 
Stage 3 at customer 9 with arrival time is: 
Stage 4 at customer 2 with arrival time is: 
Stage 5 at customer 8 with arrival time is: 
Stage 6 at customer 6 with arrival time is: 
Stage 7 at customer 5 with arrival time is: 
Stage 8 at customer 7 with arrival time is: 
Stage 9 at customer 3 with arrival time is: 
Stage 10 at customer 1 with arrival time is: 
Stage 11 at customer 11 with arrival time is: 
Truck arcs:
Arc 1 connecting 0 and 10 with cost 4.19835 
Arc 2 connecting 10 and 9 with cost 7.2754 
Arc 3 connecting 9 and 2 with cost 6.13892 
Arc 4 connecting 2 and 8 with cost 5.10923 
Arc 5 connecting 8 and 6 with cost 5.60229 
Arc 6 connecting 6 and 5 with cost 0.955922 
Arc 7 connecting 5 and 7 with cost 0.777831 
Arc 8 connecting 7 and 3 with cost 10.9841 
Arc 9 connecting 3 and 1 with cost 3.93636 
Arc 10 connecting 1 and 11 with cost 7.81487 
Customer 4 served by drone.
Drone fly from 0 at stage 1 to serve 4 and then fly back to 2 at stage 4. 
Truck arcs during this sortie: 0--->10--->9--->2
Truck travel time from stage 1 to 4 is: 17.6127
Total drone travel time: 16.0238
Customer 4 served, start stage = 1, end stage = 4
Wait time for this sortie: 0
Printing Y(k,i,h):
Y[1][0][4] == 1
Done!
-------------------------Re-calculated objective-----------------------
53.7933
------------------------------------------------------------------------
Solve time: 10.639
OBJECTIVE VALUE: 53.7933, NUMBER OF SORTIES: 0.
Number of loop(s):0
Number of revisit: 0
In write mode
