Instance name: /home/orlab/CLionProjects/RV-FSTSP/Murray_instances/FSTSP/FSTSP_10_customer_problems/20140810T123437v12
Write arg val: 1
Input is specified as type M: Murray instance.-.-.-.-.-.-.-.-.-.-.-.-.-.-.-.-.-.-.-.-

drone speed: 0.6 miles/minute
uav non-eligible customer: 10 
Printing tau:
0 20.6149 13.856 24.5512 16.9846 21.545 21.069 20.7671 18.9333 7.71706 12.8383 0 
20.6149 0 18.3108 3.93636 13.7595 7.22991 8.18583 7.04774 13.7881 14.0919 12.0132 20.6149 
13.856 18.3108 0 22.2472 4.55136 11.0809 10.125 11.2631 5.10923 6.13892 11.4943 13.856 
24.5512 3.93636 22.2472 0 17.6958 11.1663 12.1222 10.9841 17.7245 18.0283 15.9496 24.5512 
16.9846 13.7595 4.55136 17.6958 0 6.52957 5.57365 6.71174 1.94864 9.26756 8.38296 16.9846 
21.545 7.22991 11.0809 11.1663 6.52957 0 0.955922 0.777831 6.55821 13.8279 12.9433 21.545 
21.069 8.18583 10.125 12.1222 5.57365 0.955922 0 1.13809 5.60229 13.352 12.4674 21.069 
20.7671 7.04774 11.2631 10.9841 6.71174 0.777831 1.13809 0 6.74038 13.0501 12.1655 20.7671 
18.9333 13.7881 5.10923 17.7245 1.94864 6.55821 5.60229 6.74038 0 11.2162 10.3316 18.9333 
7.71706 14.0919 6.13892 18.0283 9.26756 13.8279 13.352 13.0501 11.2162 0 7.2754 7.71706 
12.8383 12.0132 11.4943 15.9496 8.38296 12.9433 12.4674 12.1655 10.3316 7.2754 0 12.8383 
0 0 0 0 0 0 0 0 0 0 0 0 
Printing tau_prime:
0 14.3861 7.03117 17.1972 9.0806 12.5617 12.116 12.2705 10.0113 4.80485 7.80521 0 
14.3861 0 9.8583 2.81169 7.1874 3.68175 4.14083 3.56048 7.01565 9.64862 6.97631 14.3861 
7.03117 9.8583 0 12.4676 2.78952 6.81212 6.2789 6.6743 3.43429 3.76225 6.38332 7.03117 
17.1972 2.81169 12.4676 0 9.72054 5.84064 6.37024 5.8678 9.39115 12.4582 9.71551 17.1972 
9.0806 7.1874 2.78952 9.72054 0 4.02264 3.49008 3.89122 0.984316 4.68384 5.49765 9.0806 
12.5617 3.68175 6.81212 5.84064 4.02264 0 0.539342 0.403494 3.56539 7.79682 6.54069 12.5617 
12.116 4.14083 6.2789 6.37024 3.49008 0.539342 0 0.594704 3.02824 7.37407 6.33485 12.116 
12.2705 3.56048 6.6743 5.8678 3.89122 0.403494 0.594704 0 3.52816 7.49021 6.1456 12.2705 
10.0113 7.01565 3.43429 9.39115 0.984316 3.56539 3.02824 3.52816 0 5.66711 6.29515 10.0113 
4.80485 9.64862 3.76225 12.4582 4.68384 7.79682 7.37407 7.49021 5.66711 0 3.7017 4.80485 
7.80521 6.97631 6.38332 9.71551 5.49765 6.54069 6.33485 6.1456 6.29515 3.7017 0 7.80521 
0 0 0 0 0 0 0 0 0 0 0 0 
---------------------------------------------------------------
Current config:
- Number of threads = 1
- Drone endurance = 20
- SL = 1
- SR = 1
- L = 1
- Allow loop = 0
- Allow revisit = 1
- Allow multi-visit drone = 0
- Use TSP optimal solution as warmstart: = 0
- Use cutting plane method: = 0
- Use CPLEX conflict refiner: = 0
---------------------------------------------------------------
---------------------------------------------
Calculate max stage gap for sortie.... 
Stage gap calculation consumes too much memory. No constraint was added.
---------------------------------------------
Warning:  Output names have been modified due to duplicate names or characters invalid in LP format.
Version identifier: 22.1.1.0 | 2022-11-28 | 9160aff4d
CPXPARAM_Threads                                 1
CPXPARAM_TimeLimit                               3600
CPXPARAM_WorkMem                                 24576
Tried aggregator 3 times.
MIP Presolve eliminated 4778 rows and 1513 columns.
MIP Presolve modified 5159 coefficients.
Aggregator did 26 substitutions.
Reduced MIP has 1619 rows, 3629 columns, and 85711 nonzeros.
Reduced MIP has 3563 binaries, 0 generals, 0 SOSs, and 0 indicators.
Presolve time = 0.09 sec. (161.50 ticks)
Found incumbent of value 143.491099 after 0.11 sec. (212.29 ticks)
Probing time = 0.01 sec. (10.04 ticks)
Cover probing fixed 4 vars, tightened 66 bounds.
Tried aggregator 2 times.
Detecting symmetries...
MIP Presolve eliminated 9 rows and 4 columns.
MIP Presolve modified 2 coefficients.
Aggregator did 9 substitutions.
Reduced MIP has 1601 rows, 3616 columns, and 85410 nonzeros.
Reduced MIP has 3550 binaries, 0 generals, 0 SOSs, and 0 indicators.
Presolve time = 0.06 sec. (73.85 ticks)
Probing fixed 42 vars, tightened 0 bounds.
Probing time = 0.06 sec. (244.25 ticks)
Clique table members: 40016.
MIP emphasis: balance optimality and feasibility.
MIP search method: dynamic search.
Parallel mode: none, using 1 thread.
Root relaxation solution time = 0.32 sec. (837.30 ticks)

        Nodes                                         Cuts/
   Node  Left     Objective  IInf  Best Integer    Best Bound    ItCnt     Gap

*     0+    0                          143.4911      -11.0000           107.67%
      0     0       36.2804   231      143.4911       36.2804     6422   74.72%
      0     0       50.7008   170      143.4911      Cuts: 20    11229   64.67%
      0     0       50.7060   163      143.4911      Cuts: 11    13283   64.66%
      0     0       50.7094   165      143.4911      Cuts: 20    13402   64.66%
*     0+    0                          137.4911       50.7094            63.12%
*     0+    0                           94.3619       50.7094            46.26%
*     0+    0                           93.8723       50.7094            45.98%
*     0+    0                           81.4319       50.7094            37.73%
*     0+    0                           81.1075       50.7094            37.48%
*     0+    0                           78.7853       50.7094            35.64%
*     0+    0                           77.8862       50.7094            34.89%
      0     0  -1.00000e+75     0       77.8862       50.7094    13402   34.89%
      0     0       50.7132   182       77.8862      Cuts: 21    13645   34.89%
      0     0       50.8076   206       77.8862      Cuts: 28    17841   34.77%
Detecting symmetries...
      0     0       50.8081   230       77.8862       Cuts: 8    20138   34.77%
      0     0       50.8083   236       77.8862       Cuts: 8    20658   34.77%
*     0+    0                           77.6516       50.8083            34.57%
*     0+    0                           76.6516       50.8083            33.72%
*     0+    0                           70.8226       50.8083            28.26%
*     0+    0                           68.0622       50.8083            25.35%
*     0+    0                           67.8149       50.8083            25.08%
      0     0  -1.00000e+75     0       67.8149       50.8083    20669   25.08%
Detecting symmetries...
      0     2       50.8083   207       67.8149       50.8085    20669   25.08%
Elapsed time = 3.06 sec. (7016.97 ticks, tree = 0.01 MB, solutions = 13)
      3     5       51.4067   175       67.8149       51.1443    23598   24.58%
      4     6       56.8889   109       67.8149       51.1586    27320   24.56%
      7     9       55.6958    12       67.8149       51.1586    32815   24.56%
      8    10       52.0130   154       67.8149       51.1586    35021   24.56%
     10    12       52.3398   124       67.8149       51.1586    37278   24.56%
     12    14       56.4542    94       67.8149       51.1586    40536   24.56%
     13    15       53.0408   129       67.8149       51.1586    42310   24.56%
     15    17       57.2343    12       67.8149       51.1586    50226   24.56%
     17    19       53.9002   109       67.8149       51.1586    53228   24.56%
*    20+   20                           67.7785       51.1586            24.52%
*    30+   30                           61.5955       51.1586            16.94%
     30    32       55.7186    22       61.5955       51.1586    61463   16.94%
Elapsed time = 4.84 sec. (11912.49 ticks, tree = 0.16 MB, solutions = 15)
    100    74       53.9852   101       61.5955       51.5174    75421   16.36%
    140    98       57.1441   109       61.5955       51.6452    86185   16.15%
    175   125       54.3049    97       61.5955       52.5142   101449   14.74%
    230   161       58.8921   106       61.5955       52.5460   113769   14.69%
    278   194       57.8979    48       61.5955       52.5472   125401   14.69%
    342   241       58.2054    73       61.5955       52.5687   135805   14.66%
*   360+  232                           60.0434       52.5687            12.45%
    365   232       55.3708    69       60.0434       52.5998   139654   12.40%
    378   242       57.2558    31       60.0434       52.6340   143740   12.34%
    479   298       55.8523    68       60.0434       52.7694   153976   12.11%
    558   337       57.1311    56       60.0434       53.0354   165721   11.67%
Elapsed time = 8.64 sec. (21733.54 ticks, tree = 0.78 MB, solutions = 16)
    658   387       55.7021   112       60.0434       53.3364   175497   11.17%
    730   421       58.5629     8       60.0434       53.4874   183451   10.92%
    760   444       58.5720    24       60.0434       53.5211   192241   10.86%
    919   524       56.0266   115       60.0434       53.9183   203428   10.20%
    953   546       54.6822   102       60.0434       53.9679   212271   10.12%

Performing restart 1

Repeating presolve.
Tried aggregator 2 times.
MIP Presolve eliminated 31 rows and 500 columns.
MIP Presolve modified 3715 coefficients.
Aggregator did 22 substitutions.
Reduced MIP has 1548 rows, 3094 columns, and 61971 nonzeros.
Reduced MIP has 3028 binaries, 0 generals, 0 SOSs, and 0 indicators.
Presolve time = 0.05 sec. (92.63 ticks)
Tried aggregator 1 time.
MIP Presolve eliminated 0 rows and 5 columns.
Reduced MIP has 1548 rows, 3089 columns, and 61944 nonzeros.
Reduced MIP has 3023 binaries, 0 generals, 0 SOSs, and 0 indicators.
Presolve time = 0.02 sec. (37.57 ticks)
Represolve time = 0.20 sec. (524.26 ticks)
    982     0       50.7892   148       60.0434      Cuts: 21   227422   10.09%
    982     0       50.9446   182       60.0434      Cuts: 44   231727   10.09%
    982     0       50.9886   154       60.0434      Cuts: 32   231981   10.09%
    982     0       51.0276   163       60.0434      Cuts: 15   232193   10.09%
    982     0       51.1200   166       60.0434      Cuts: 40   234813   10.09%
    982     0       51.1427   178       60.0434       Cuts: 9   235222   10.09%
    982     2       51.1427   152       60.0434       53.9852   235222   10.09%
    984     4       51.1909   181       60.0434       53.9852   238862   10.09%
    985     5       51.2319   190       60.0434       53.9852   239526   10.09%
    986     6       51.2456   181       60.0434       53.9852   240073   10.09%
    987     7       51.2790   218       60.0434       53.9852   243666   10.09%
Elapsed time = 16.11 sec. (41554.16 ticks, tree = 0.01 MB, solutions = 16)
    989     9       51.2791   201       60.0434       53.9852   250372   10.09%
    991    11       56.8285    27       60.0434       53.9852   253583   10.09%
    994    14       51.3029   206       60.0434       53.9852   255698   10.09%
    998    18       53.0188   171       60.0434       53.9852   256865   10.09%
   1005    25       57.2892    70       60.0434       53.9852   259995   10.09%
   1007    27       51.8605   148       60.0434       53.9852   261581   10.09%
   1016    33       52.2283   160       60.0434       53.9852   262663   10.09%
   1026    39       52.2928   209       60.0434       53.9852   263482   10.09%
   1035    46       53.4556    93       60.0434       53.9852   265612   10.09%
   1054    59       57.7315    12       60.0434       53.9852   268953   10.09%
Elapsed time = 20.96 sec. (55158.19 ticks, tree = 0.35 MB, solutions = 16)
   1074    72       57.7419    88       60.0434       53.9852   271421   10.09%
   1122   111       55.6958    14       60.0434       53.9852   274646   10.09%
   1154   142       56.6996    60       60.0434       53.9852   277942   10.09%
   1177   155       56.7342   157       60.0434       53.9852   281145   10.09%
   1191   162       57.4359   143       60.0434       53.9852   282482   10.09%
   1205   166       59.6169   110       60.0434       53.9852   284473   10.09%
   1211   165       56.8099   133       60.0434       53.9852   287528   10.09%
   1230   181       58.9607    42       60.0434       53.9852   288494   10.09%
   1249   194       52.5470    98       60.0434       53.9852   291983   10.09%
   1290   223       57.9986    59       60.0434       53.9852   295994   10.09%
Elapsed time = 24.83 sec. (65623.33 ticks, tree = 0.59 MB, solutions = 16)
   1336   261       55.7361    66       60.0434       53.9852   300084   10.09%
   1354   267       57.1407    95       60.0434       53.9852   303877   10.09%
   1389   302       57.2824    67       60.0434       53.9852   308102   10.09%
   1436   338       51.9812   147       60.0434       53.9852   315239   10.09%
   1452   353       52.1845   174       60.0434       53.9852   319288   10.09%
   1465   365       52.3131   117       60.0434       53.9852   321586   10.09%
   1474   372       52.4644   171       60.0434       53.9852   324374   10.09%
   1485   379       52.6980    94       60.0434       53.9852   328648   10.09%
   1498   392       52.9986   144       60.0434       53.9852   332816   10.09%
   1511   402       53.5570   151       60.0434       53.9852   337391   10.09%
Elapsed time = 28.79 sec. (76283.26 ticks, tree = 0.84 MB, solutions = 16)
   1528   411       57.0990   109       60.0434       53.9852   343152   10.09%
   1581   442       59.1546    44       60.0434       53.9852   350612   10.09%
   1591   448       58.6478    22       60.0434       53.9852   354526   10.09%
   1615   465       53.7289   123       60.0434       53.9852   358444   10.09%
   1639   480       58.2936    40       60.0434       53.9852   363019   10.09%
   1671   498       58.2251    33       60.0434       53.9852   366732   10.09%
   1703   520       59.9570    93       60.0434       53.9852   371841   10.09%
   1732   536       56.9595   101       60.0434       53.9852   375454   10.09%
   1752   548       58.1865    21       60.0434       53.9852   380477   10.09%
   1760   552       57.1358    14       60.0434       53.9852   383016   10.09%
Elapsed time = 32.89 sec. (86881.53 ticks, tree = 1.10 MB, solutions = 16)
   1779   568       59.3090    36       60.0434       53.9852   387005   10.09%
   1792   566       57.2473    69       60.0434       53.9852   390612   10.09%
   1801   565       59.9642    95       60.0434       53.9852   393860   10.09%
   1807   565        cutoff             60.0434       53.9852   397279   10.09%
   1816   570       53.5944    59       60.0434       53.9852   398965   10.09%
   1835   585       56.3464    74       60.0434       53.9852   406117   10.09%
   1843   583       57.7358    20       60.0434       53.9852   410237   10.09%
   1884   614       59.3964    84       60.0434       53.9852   417161   10.09%
   1893   615       59.2023    14       60.0434       53.9852   420866   10.09%
   1916   631       56.1841    72       60.0434       53.9852   423923   10.09%
Elapsed time = 36.97 sec. (97384.46 ticks, tree = 1.22 MB, solutions = 16)
   1929   636       56.8700   120       60.0434       53.9852   429320   10.09%
   1959   630       57.5457    88       60.0434       53.9852   435896   10.09%
   1964   630       53.1035   128       60.0434       53.9852   437082   10.09%
   1977   641       55.1119    87       60.0434       53.9852   442147   10.09%
   1997   649       58.2184    76       60.0434       53.9852   447697   10.09%
   2009   645       58.8099    17       60.0434       53.9852   452458   10.09%
   2046   675       57.8499    17       60.0434       53.9852   457101   10.09%
   2115   725       56.1840   109       60.0434       53.9852   464627   10.09%
   2186   765       59.9564    22       60.0434       53.9852   469784   10.09%
   2213   771       56.2866    76       60.0434       53.9852   476289   10.09%
Elapsed time = 40.82 sec. (107330.52 ticks, tree = 1.46 MB, solutions = 16)
   2261   799       57.0347    14       60.0434       53.9852   484416   10.09%
   2300   819       57.5767    34       60.0434       54.0215   492047   10.03%
   2337   829       58.1986    39       60.0434       54.3484   498032    9.48%
   2366   840       59.2609    60       60.0434       54.6895   503729    8.92%
   2395   847       59.7434    20       60.0434       54.8089   509504    8.72%
   2441   846        cutoff             60.0434       55.2472   515346    7.99%
   2481   860       58.7023    31       60.0434       55.3672   522719    7.79%
   2502   867       58.5677    25       60.0434       55.4763   525692    7.61%
   2584   905       58.0890    34       60.0434       55.6958   533755    7.24%
*  2593   860      integral     0       59.7905       55.6958   534382    6.85%
   2782   973       55.7186     8       59.7905       55.7186   553367    6.81%
Elapsed time = 45.86 sec. (120091.03 ticks, tree = 1.86 MB, solutions = 17)
*  3004  1093      integral     0       59.7440       55.7220   569421    6.73%
   3030  1105       56.7217    60       59.7440       55.7246   571989    6.73%
   3261  1230       56.6786    12       59.7440       55.7360   591315    6.71%
*  3358  1269      integral     0       59.7211       55.7381   599001    6.67%
   3608  1411       56.3051    16       59.7211       55.7591   613217    6.63%
   3850  1515       58.4847    38       59.7211       55.7936   631170    6.58%
   4117  1611       58.1561    22       59.7211       55.9211   649363    6.36%
*  4122  1480      integral     0       59.3087       55.9211   649413    5.71%
   4347  1548       56.9826    34       59.3087       56.2017   672806    5.24%
*  4431  1381      integral     0       58.8824       56.2417   679537    4.48%
*  4472+  268                           57.0011       56.2731             1.28%
   4569   275       56.2958    28       57.0011       56.2958   691859    1.24%
   4881   260       57.0007    99       57.0011       56.5448   713636    0.80%
   5175    87       56.8590   107       57.0011       56.8115   724956    0.33%
*  5201     0      integral     0       56.8493       56.8493   725935    0.00%

GUB cover cuts applied:  5
Clique cuts applied:  2
Cover cuts applied:  17
Implied bound cuts applied:  8
Mixed integer rounding cuts applied:  2
Zero-half cuts applied:  11
Gomory fractional cuts applied:  3

Root node processing (before b&c):
  Real time             =    3.02 sec. (6866.75 ticks)
Sequential b&c:
  Real time             =   57.15 sec. (149131.03 ticks)
                          ------------
Total (root+branch&cut) =   60.18 sec. (155997.78 ticks)
Feasible solution found!
Truck nodes:
Stage 1 at customer 0 with arrival time is: 
Stage 2 at customer 10 with arrival time is: 
Stage 3 at customer 7 with arrival time is: 
Stage 4 at customer 5 with arrival time is: 
Stage 5 at customer 6 with arrival time is: 
Stage 6 at customer 8 with arrival time is: 
Stage 7 at customer 4 with arrival time is: 
Stage 8 at customer 9 with arrival time is: 
Stage 9 at customer 11 with arrival time is: 
Truck arcs:
Arc 1 connecting 0 and 10 with cost 12.8383 
Arc 2 connecting 10 and 7 with cost 12.1655 
Arc 3 connecting 7 and 5 with cost 0.777831 
Arc 4 connecting 5 and 6 with cost 0.955922 
Arc 5 connecting 6 and 8 with cost 5.60229 
Arc 6 connecting 8 and 4 with cost 1.94864 
Arc 7 connecting 4 and 9 with cost 9.26756 
Arc 8 connecting 9 and 11 with cost 7.71706 
Customer 1 served by drone.
Drone fly from 10 at stage 2 to serve 1 and then fly back to 7 at stage 3. 
Truck arcs during this sortie: 10--->7
Truck travel time from stage 2 to 3 is: 12.1655
Total drone travel time: 10.5368
Customer 2 served by drone.
Drone fly from 0 at stage 1 to serve 2 and then fly back to 10 at stage 2. 
Truck arcs during this sortie: 0--->10
Truck travel time from stage 1 to 2 is: 12.8383
Total drone travel time: 13.4145
Customer 3 served by drone.
Drone fly from 7 at stage 3 to serve 3 and then fly back to 9 at stage 8. 
Truck arcs during this sortie: 7--->5--->6--->8--->4--->9
Truck travel time from stage 3 to 8 is: 18.5522
Total drone travel time: 18.326
Customer 1 served, start stage = 2, end stage = 3
Wait time for this sortie: 0
Customer 2 served, start stage = 1, end stage = 2
Wait time for this sortie: 0.576143
Customer 3 served, start stage = 3, end stage = 8
Wait time for this sortie: 0
Printing Y(k,i,h):
Y[1][0][2] == 1
Y[2][10][1] == 1
Y[3][7][3] == 1
Done!
-------------------------Re-calculated objective-----------------------
56.8493
------------------------------------------------------------------------
Solve time: 60.175
OBJECTIVE VALUE: 56.8493, NUMBER OF SORTIES: 0.
Number of loop(s):0
Number of revisit: 0
In write mode
