Instance name: /home/orlab/CLionProjects/RV-FSTSP/Murray_instances/FSTSP/FSTSP_10_customer_problems/20140810T123443v12
Write arg val: 1
Input is specified as type M: Murray instance.-.-.-.-.-.-.-.-.-.-.-.-.-.-.-.-.-.-.-.-

drone speed: 0.6 miles/minute
uav non-eligible customer: 4 8 
Printing tau:
0 20.1617 17.555 24.7489 26.848 22.0899 22.0816 22.3793 17.0796 19.5667 16.3153 0 
20.1617 0 8.59672 16.5872 14.8463 1.92825 1.9199 7.49765 3.32128 11.405 7.04299 20.1617 
17.555 8.59672 0 25.184 23.443 8.42508 9.39342 16.0944 11.7546 20.0018 15.6397 17.555 
24.7489 16.5872 25.184 0 20.0769 16.7589 15.7905 15.6083 13.4294 5.1822 10.0243 24.7489 
26.848 14.8463 23.443 20.0769 0 15.0179 14.0496 7.34864 11.6884 17.2947 10.5327 26.848 
22.0899 1.92825 8.42508 16.7589 15.0179 0 0.968346 7.66929 5.01036 12.5367 7.21463 22.0899 
22.0816 1.9199 9.39342 15.7905 14.0496 0.968346 0 6.70095 5.00201 12.5283 6.24629 22.0816 
22.3793 7.49765 16.0944 15.6083 7.34864 7.66929 6.70095 0 5.29976 12.8261 6.06403 22.3793 
17.0796 3.32128 11.7546 13.4294 11.6884 5.01036 5.00201 5.29976 0 8.24716 3.8851 17.0796 
19.5667 11.405 20.0018 5.1822 17.2947 12.5367 12.5283 12.8261 8.24716 0 6.76206 19.5667 
16.3153 7.04299 15.6397 10.0243 10.5327 7.21463 6.24629 6.06403 3.8851 6.76206 0 16.3153 
0 0 0 0 0 0 0 0 0 0 0 0 
Printing tau_prime:
0 10.9859 8.86935 12.9595 17.8584 11.8645 12.0358 13.7956 10.3491 10.9977 11.2641 0 
10.9859 0 4.53721 10.7671 8.22389 0.977764 1.04987 3.94906 2.22874 7.86711 4.05316 10.9859 
8.86935 4.53721 0 13.8369 12.7369 4.83259 5.26653 8.48623 5.94183 10.8808 7.92402 8.86935 
12.9595 10.7671 13.8369 0 10.1784 11.4679 11.1089 9.12274 8.55077 2.97077 6.81733 12.9595 
17.8584 8.22389 12.7369 10.1784 0 7.95679 7.49335 4.34398 7.69376 8.9064 6.62071 17.8584 
11.8645 0.977764 4.83259 11.4679 7.95679 0 0.489107 3.87634 3.03842 8.61874 4.66744 11.8645 
12.0358 1.04987 5.26653 11.1089 7.49335 0.489107 0 3.38783 2.79373 8.29151 4.29363 12.0358 
13.7956 3.94906 8.48623 9.12274 4.34398 3.87634 3.38783 0 3.45972 6.7721 3.0714 13.7956 
10.3491 2.22874 5.94183 8.55077 7.69376 3.03842 2.79373 3.45972 0 5.63927 1.99988 10.3491 
10.9977 7.86711 10.8808 2.97077 8.9064 8.61874 8.29151 6.7721 5.63927 0 4.06431 10.9977 
11.2641 4.05316 7.92402 6.81733 6.62071 4.66744 4.29363 3.0714 1.99988 4.06431 0 11.2641 
0 0 0 0 0 0 0 0 0 0 0 0 
---------------------------------------------------------------
Current config:
- Number of threads = 1
- Drone endurance = 20
- SL = 1
- SR = 1
- L = 1
- Allow loop = 0
- Allow revisit = 1
- Allow multi-visit drone = 0
- Use TSP optimal solution as warmstart: = 0
- Use cutting plane method: = 0
- Use CPLEX conflict refiner: = 0
---------------------------------------------------------------
---------------------------------------------
Calculate max stage gap for sortie.... 
Stage gap calculation consumes too much memory. No constraint was added.
---------------------------------------------
Warning:  Output names have been modified due to duplicate names or characters invalid in LP format.
Version identifier: 22.1.1.0 | 2022-11-28 | 9160aff4d
CPXPARAM_Threads                                 1
CPXPARAM_TimeLimit                               3600
CPXPARAM_WorkMem                                 24576
Tried aggregator 3 times.
MIP Presolve eliminated 4397 rows and 1749 columns.
MIP Presolve modified 4529 coefficients.
Aggregator did 25 substitutions.
Reduced MIP has 1507 rows, 3394 columns, and 82721 nonzeros.
Reduced MIP has 3328 binaries, 0 generals, 0 SOSs, and 0 indicators.
Presolve time = 0.08 sec. (157.47 ticks)
Found incumbent of value 153.612041 after 0.11 sec. (206.21 ticks)
Probing fixed 169 vars, tightened 0 bounds.
Probing time = 0.12 sec. (482.65 ticks)
Tried aggregator 2 times.
Detecting symmetries...
MIP Presolve eliminated 54 rows and 186 columns.
MIP Presolve modified 386 coefficients.
Aggregator did 11 substitutions.
Reduced MIP has 1442 rows, 3197 columns, and 70872 nonzeros.
Reduced MIP has 3141 binaries, 0 generals, 0 SOSs, and 0 indicators.
Presolve time = 0.07 sec. (129.76 ticks)
Probing time = 0.00 sec. (7.36 ticks)
Clique table members: 32441.
MIP emphasis: balance optimality and feasibility.
MIP search method: dynamic search.
Parallel mode: none, using 1 thread.
Root relaxation solution time = 0.19 sec. (469.41 ticks)

        Nodes                                         Cuts/
   Node  Left     Objective  IInf  Best Integer    Best Bound    ItCnt     Gap

*     0+    0                          153.6120       -1.0000           100.65%
      0     0       46.1383   249      153.6120       46.1383     4759   69.96%
      0     0       65.5375   129      153.6120      Cuts: 31     7132   57.34%
      0     0       66.9176   163      153.6120      Cuts: 24     8824   56.44%
      0     0       67.6250   153      153.6120      Cuts: 37     9910   55.98%
*     0+    0                          130.6874       67.6250            48.25%
*     0+    0                           88.1382       67.6250            23.27%
*     0+    0                           87.9583       67.6250            23.12%
*     0+    0                           86.5329       67.6250            21.85%
      0     0  -1.00000e+75     0       86.5329       67.6250     9910   21.85%
      0     0       67.7821   222       86.5329      Cuts: 37    10340   21.67%
      0     0       68.2041   127       86.5329      Cuts: 18    12662   21.18%
Detecting symmetries...
      0     0       68.4362   166       86.5329      Cuts: 17    12948   20.91%
      0     0       68.5244   134       86.5329  ZeroHalf: 27    13209   20.81%
      0     0       68.5244   148       86.5329  ZeroHalf: 20    13305   20.81%
      0     0       68.5543   157       86.5329  ZeroHalf: 13    13349   20.78%
      0     0       68.5929   174       86.5329      Cuts: 10    13565   20.73%
      0     0       68.8192   169       86.5329      Cuts: 10    13897   20.47%
      0     0       69.0165   215       86.5329       Cuts: 8    15772   20.24%
*     0+    0                           75.3761       69.0165             8.44%
*     0+    0                           74.7324       69.0165             7.65%
*     0+    0                           73.7539       69.0165             6.42%
      0     0  -1.00000e+75     0       73.7539       69.0165    15772    6.42%
*     0+    0                           72.6209       69.0165             4.96%
*     0+    0                           70.1550       69.0165             1.62%
Detecting symmetries...

Repeating presolve.
Tried aggregator 2 times.
MIP Presolve eliminated 347 rows and 1365 columns.
MIP Presolve modified 3224 coefficients.
Aggregator did 28 substitutions.
Reduced MIP has 1067 rows, 1804 columns, and 23432 nonzeros.
Reduced MIP has 1748 binaries, 0 generals, 0 SOSs, and 0 indicators.
Presolve time = 0.03 sec. (51.41 ticks)
Probing fixed 114 vars, tightened 0 bounds.
Probing changed sense of 5 constraints.
Probing time = 0.10 sec. (247.52 ticks)
Tried aggregator 2 times.
MIP Presolve eliminated 69 rows and 116 columns.
MIP Presolve modified 85 coefficients.
Aggregator did 1 substitutions.
Reduced MIP has 997 rows, 1687 columns, and 21825 nonzeros.
Reduced MIP has 1632 binaries, 0 generals, 0 SOSs, and 0 indicators.
Presolve time = 0.01 sec. (24.71 ticks)
Probing time = 0.00 sec. (6.20 ticks)
Tried aggregator 1 time.
Detecting symmetries...
MIP Presolve modified 5 coefficients.
Reduced MIP has 997 rows, 1687 columns, and 21825 nonzeros.
Reduced MIP has 1632 binaries, 0 generals, 0 SOSs, and 0 indicators.
Presolve time = 0.01 sec. (18.67 ticks)
Represolve time = 0.18 sec. (378.64 ticks)
Probing time = 0.00 sec. (6.20 ticks)
Clique table members: 25954.
MIP emphasis: balance optimality and feasibility.
MIP search method: dynamic search.
Parallel mode: none, using 1 thread.
Root relaxation solution time = 0.12 sec. (271.66 ticks)

        Nodes                                         Cuts/
   Node  Left     Objective  IInf  Best Integer    Best Bound    ItCnt     Gap

*     0+    0                           70.1550       69.0165             1.62%
      0     0       69.0387   191       70.1550       69.0387    19569    1.59%
      0     0       69.1443   173       70.1550      Cuts: 22    19736    1.44%
      0     0       69.1950    17       70.1550      Cuts: 40    20189    1.37%
      0     0       69.1950     9       70.1550      Cuts: 11    20191    1.37%
      0     0       69.1950    57       70.1550      Cuts: 15    20258    1.37%
*     0+    0                           69.1950       69.1950             0.00%
      0     0        cutoff             69.1950       69.1950    20258    0.00%
Elapsed time = 2.40 sec. (5225.39 ticks, tree = 0.01 MB, solutions = 11)

GUB cover cuts applied:  3
Implied bound cuts applied:  4
Flow cuts applied:  2
Mixed integer rounding cuts applied:  1
Zero-half cuts applied:  24

Root node processing (before b&c):
  Real time             =    2.40 sec. (5225.96 ticks)
Sequential b&c:
  Real time             =    0.00 sec. (0.00 ticks)
                          ------------
Total (root+branch&cut) =    2.40 sec. (5225.96 ticks)
Feasible solution found!
Truck nodes:
Stage 1 at customer 0 with arrival time is: 
Stage 2 at customer 10 with arrival time is: 
Stage 3 at customer 4 with arrival time is: 
Stage 4 at customer 7 with arrival time is: 
Stage 5 at customer 6 with arrival time is: 
Stage 6 at customer 5 with arrival time is: 
Stage 7 at customer 1 with arrival time is: 
Stage 8 at customer 8 with arrival time is: 
Stage 9 at customer 11 with arrival time is: 
Truck arcs:
Arc 1 connecting 0 and 10 with cost 16.3153 
Arc 2 connecting 10 and 4 with cost 10.5327 
Arc 3 connecting 4 and 7 with cost 7.34864 
Arc 4 connecting 7 and 6 with cost 6.70095 
Arc 5 connecting 6 and 5 with cost 0.968346 
Arc 6 connecting 5 and 1 with cost 1.92825 
Arc 7 connecting 1 and 8 with cost 3.32128 
Arc 8 connecting 8 and 11 with cost 17.0796 
Customer 2 served by drone.
Drone fly from 8 at stage 8 to serve 2 and then fly back to 11 at stage 9. 
Truck arcs during this sortie: 8--->0
Truck travel time from stage 8 to 9 is: 17.0796
Total drone travel time: 14.8112
Customer 3 served by drone.
Drone fly from 10 at stage 2 to serve 3 and then fly back to 7 at stage 4. 
Truck arcs during this sortie: 10--->4--->7
Truck travel time from stage 2 to 4 is: 17.8813
Total drone travel time: 15.9401
Customer 9 served by drone.
Drone fly from 0 at stage 1 to serve 9 and then fly back to 10 at stage 2. 
Truck arcs during this sortie: 0--->10
Truck travel time from stage 1 to 2 is: 16.3153
Total drone travel time: 15.062
Customer 2 served, start stage = 8, end stage = 9
Wait time for this sortie: 0
Customer 3 served, start stage = 2, end stage = 4
Wait time for this sortie: 0
Customer 9 served, start stage = 1, end stage = 2
Wait time for this sortie: 0
Printing Y(k,i,h):
Y[1][0][9] == 1
Y[2][10][3] == 1
Y[8][8][2] == 1
Done!
-------------------------Re-calculated objective-----------------------
69.195
------------------------------------------------------------------------
Solve time: 2.398
OBJECTIVE VALUE: 69.195, NUMBER OF SORTIES: 0.
Number of loop(s):0
Number of revisit: 0
In write mode
