Instance name: /home/orlab/CLionProjects/RV-FSTSP/Murray_instances/FSTSP/FSTSP_10_customer_problems/20140810T123440v2
Write arg val: 1
Input is specified as type M: Murray instance.-.-.-.-.-.-.-.-.-.-.-.-.-.-.-.-.-.-.-.-

drone speed: 0.2 miles/minute
uav non-eligible customer: 4 5 
Printing tau:
0 3.05404 10.4722 13.4811 6.76521 11.4381 6.47301 13.0528 1.22306 2.41346 7.25246 0 
3.05404 0 7.41815 13.1751 7.41924 8.38408 3.41898 9.99874 2.95098 5.14749 6.9465 3.05404 
10.4722 7.41815 0 14.3533 14.8374 5.76971 3.99917 6.42059 10.3691 12.5656 10.5246 10.4722 
13.4811 13.1751 14.3533 0 6.71587 15.3192 15.1541 16.9338 12.258 15.4145 6.22861 13.4811 
6.76521 7.41924 14.8374 6.71587 0 15.8033 10.8382 17.418 5.54215 8.69866 4.31275 6.76521 
11.4381 8.38408 5.76971 15.3192 15.8033 0 7.0349 1.61466 11.3351 13.5316 11.4906 11.4381 
6.47301 3.41898 3.99917 15.1541 10.8382 7.0349 0 7.68579 6.36995 8.56647 8.92548 6.47301 
13.0528 9.99874 6.42059 16.9338 17.418 1.61466 7.68579 0 12.9497 15.1462 13.1052 13.0528 
1.22306 2.95098 10.3691 12.258 5.54215 11.3351 6.36995 12.9497 0 3.15652 6.0294 1.22306 
2.41346 5.14749 12.5656 15.4145 8.69866 13.5316 8.56647 15.1462 3.15652 0 9.18592 2.41346 
7.25246 6.9465 10.5246 6.22861 4.31275 11.4906 8.92548 13.1052 6.0294 9.18592 0 7.25246 
0 0 0 0 0 0 0 0 0 0 0 0 
Printing tau_prime:
0 3.61723 12.3509 16.5329 9.48852 14.8876 7.8792 16.9365 1.4465 3.35841 8.54733 0 
3.61723 0 8.78275 17.5467 11.593 11.5383 4.65561 13.5679 3.64183 6.6156 8.96786 3.61723 
12.3509 8.78275 0 23.5383 19.4222 6.89429 4.9433 8.15504 12.3704 14.9175 15.3409 12.3509 
16.5329 17.5467 23.5383 0 7.93526 20.4328 21.6299 21.8114 15.1901 18.2879 8.61635 16.5329 
9.48852 11.593 19.4222 7.93526 0 18.6977 16.1877 20.5464 8.38988 10.5953 5.11496 9.48852 
14.8876 11.5383 6.89429 20.4328 18.6977 0 10.1477 2.05169 14.2211 18.1171 13.7238 14.8876 
7.8792 4.65561 4.9433 21.6299 16.1877 10.1477 0 11.9236 8.24651 10.1003 13.0302 7.8792 
16.9365 13.5679 8.15504 21.8114 20.5464 2.05169 11.9236 0 16.2718 20.1574 15.5136 16.9365 
1.4465 3.64183 12.3704 15.1901 8.38988 14.2211 8.24651 16.2718 0 4.53203 7.10808 1.4465 
3.35841 6.6156 14.9175 18.2879 10.5953 18.1171 10.1003 20.1574 4.53203 0 11.0897 3.35841 
8.54733 8.96786 15.3409 8.61635 5.11496 13.7238 13.0302 15.5136 7.10808 11.0897 0 8.54733 
0 0 0 0 0 0 0 0 0 0 0 0 
---------------------------------------------------------------
Current config:
- Number of threads = 1
- Drone endurance = 20
- SL = 1
- SR = 1
- L = 1
- Allow loop = 0
- Allow revisit = 1
- Allow multi-visit drone = 0
- Use TSP optimal solution as warmstart: = 0
- Use cutting plane method: = 0
- Use CPLEX conflict refiner: = 0
---------------------------------------------------------------
---------------------------------------------
Calculate max stage gap for sortie.... 
Stage gap calculation consumes too much memory. No constraint was added.
---------------------------------------------
Warning:  Output names have been modified due to duplicate names or characters invalid in LP format.
Version identifier: 22.1.1.0 | 2022-11-28 | 9160aff4d
CPXPARAM_Threads                                 1
CPXPARAM_TimeLimit                               3600
CPXPARAM_WorkMem                                 24576
Tried aggregator 3 times.
MIP Presolve eliminated 4959 rows and 2123 columns.
MIP Presolve modified 4204 coefficients.
Aggregator did 39 substitutions.
Reduced MIP has 1267 rows, 3006 columns, and 76768 nonzeros.
Reduced MIP has 2940 binaries, 0 generals, 0 SOSs, and 0 indicators.
Presolve time = 0.09 sec. (172.18 ticks)
Found incumbent of value 117.873625 after 0.12 sec. (220.63 ticks)
Probing time = 0.00 sec. (9.50 ticks)
Tried aggregator 2 times.
Detecting symmetries...
MIP Presolve eliminated 9 rows and 0 columns.
Aggregator did 9 substitutions.
Reduced MIP has 1249 rows, 2997 columns, and 76486 nonzeros.
Reduced MIP has 2931 binaries, 0 generals, 0 SOSs, and 0 indicators.
Presolve time = 0.04 sec. (50.45 ticks)
Probing time = 0.00 sec. (9.31 ticks)
Clique table members: 23211.
MIP emphasis: balance optimality and feasibility.
MIP search method: dynamic search.
Parallel mode: none, using 1 thread.
Root relaxation solution time = 0.12 sec. (336.21 ticks)

        Nodes                                         Cuts/
   Node  Left     Objective  IInf  Best Integer    Best Bound    ItCnt     Gap

*     0+    0                          117.8736      -11.0000           109.33%
      0     0       27.6352   178      117.8736       27.6352     3196   76.56%
      0     0       29.7287   206      117.8736      Cuts: 34     4910   74.78%
      0     0       32.6951   198      117.8736      Cuts: 49     7327   72.26%
      0     0       33.2145   202      117.8736  ZeroHalf: 12     7576   71.82%
*     0+    0                          111.7413       33.2145            70.28%
*     0+    0                          102.0126       33.2145            67.44%
*     0+    0                           88.7302       33.2145            62.57%
*     0+    0                           87.8572       33.2145            62.19%
*     0+    0                           59.6569       33.2145            44.32%
      0     0       33.9639   245       59.6569      Cuts: 23     8004   43.07%
      0     0       34.5935   292       59.6569      Cuts: 14     9315   42.01%
Detecting symmetries...
      0     0       35.1634   306       59.6569      Cuts: 10    10360   41.06%
      0     0       35.7992   222       59.6569       Cuts: 4    12114   39.99%
      0     0       36.2795   212       59.6569      Cuts: 20    12866   39.19%
      0     0       36.9057   257       59.6569      Cuts: 22    15308   38.14%
      0     0       37.3807   244       59.6569      Cuts: 15    15644   37.34%
      0     0       37.3814   279       59.6569      Cuts: 16    16050   37.34%
      0     0       37.8511   268       59.6569      Cuts: 10    17343   36.55%
      0     0       37.8511   270       59.6569       Cuts: 9    17475   36.55%
Detecting symmetries...
      0     2       37.8511   240       59.6569       37.8553    17475   36.55%
Elapsed time = 1.99 sec. (4332.53 ticks, tree = 0.01 MB, solutions = 6)
      1     3       43.2343    86       59.6569       37.8553    20422   36.55%
      4     6       44.3883    65       59.6569       38.0024    23418   36.30%
      9    11       56.4748    26       59.6569       38.0024    26609   36.30%
     29    17       39.6032   166       59.6569       38.0036    30525   36.30%
     31    19       41.7407   146       59.6569       38.0036    31881   36.30%
     50    36       56.4865    25       59.6569       38.0036    34403   36.30%
     79    57       52.2577    65       59.6569       38.0036    36579   36.30%
     86    58       43.3939   151       59.6569       38.3543    40010   35.71%
    122    79       38.5545   242       59.6569       38.5628    43013   35.36%
    145   102       55.1748   124       59.6569       38.5684    51592   35.35%
Elapsed time = 3.40 sec. (8111.96 ticks, tree = 0.60 MB, solutions = 6)
    171   124       45.4480    98       59.6569       39.2745    59407   34.17%
    228   159       53.5498   103       59.6569       39.8423    68817   33.21%
    281   196       51.4000    92       59.6569       40.2614    78485   32.51%
    342   231       45.6547   149       59.6569       41.1775    87855   30.98%
    388   263       49.3229   100       59.6569       41.3146    98095   30.75%
*   435   235      integral     0       57.1210       41.6587   102266   27.07%
    472   259       50.8299    87       57.1210       41.8344   107184   26.76%
    533   302       45.2939    60       57.1210       41.9643   117751   26.53%
    563   325       46.7267   121       57.1210       42.0060   123846   26.46%
    598   355       56.2061    98       57.1210       42.0060   134993   26.46%
    653   390        cutoff             57.1210       42.1243   145322   26.25%
Elapsed time = 7.15 sec. (18045.11 ticks, tree = 3.04 MB, solutions = 7)
    697   422       46.9677    58       57.1210       42.2733   155328   25.99%
    776   473       50.5638    60       57.1210       42.6319   164901   25.37%
    861   533       56.6603    30       57.1210       42.6682   174710   25.30%
    930   573       51.7559    76       57.1210       43.1630   184807   24.44%
    982   606        cutoff             57.1210       43.2677   194654   24.25%
   1010   616       43.4815   115       57.1210       43.2788   196726   24.23%

Performing restart 1

Repeating presolve.
Tried aggregator 2 times.
MIP Presolve eliminated 6 rows and 125 columns.
MIP Presolve modified 1361 coefficients.
Aggregator did 1 substitutions.
Reduced MIP has 1232 rows, 2871 columns, and 73751 nonzeros.
Reduced MIP has 2805 binaries, 0 generals, 0 SOSs, and 0 indicators.
Presolve time = 0.05 sec. (100.08 ticks)
Tried aggregator 1 time.
MIP Presolve eliminated 0 rows and 1 columns.
MIP Presolve modified 46 coefficients.
Reduced MIP has 1228 rows, 2870 columns, and 73701 nonzeros.
Reduced MIP has 2804 binaries, 0 generals, 0 SOSs, and 0 indicators.
Presolve time = 0.04 sec. (58.56 ticks)
Represolve time = 0.19 sec. (475.97 ticks)
   1030     0       36.4300   352       57.1210      Cuts: 12   205110   24.23%
   1030     0       36.6277   370       57.1210      Cuts: 10   205842   24.23%
   1030     0       37.0656   366       57.1210      Cuts: 11   207781   24.23%
*  1030+    0                           55.2048       43.2788            21.60%
   1030     0       37.2342   322       55.2048      Cuts: 22   209288   21.60%
   1030     0       37.4168   344       55.2048      Cuts: 20   210775   21.60%
   1030     0       37.5989   315       55.2048      Cuts: 12   212051   21.60%
   1030     0       37.6973   323       55.2048      Cuts: 19   213200   21.60%
   1030     2       37.6973   284       55.2048       43.2788   213301   21.60%
   1031     3       37.7256   280       55.2048       43.2788   214530   21.60%
   1032     4       37.7659   323       55.2048       43.2788   216124   21.60%
   1033     4       46.6450    81       55.2048       43.2788   219081   21.60%
Elapsed time = 15.40 sec. (40095.78 ticks, tree = 0.01 MB, solutions = 8)
   1036     6       47.4303   119       55.2048       43.2788   221171   21.60%
   1043    10       48.1527    91       55.2048       43.2788   223997   21.60%
   1059    16       48.4196    90       55.2048       43.2788   224449   21.60%
   1077    20       43.0374    76       55.2048       43.2788   227312   21.60%
   1084    27       49.0400    99       55.2048       43.2788   230722   21.60%
   1108    39       37.8676   282       55.2048       43.2788   232417   21.60%
   1110    41       44.1732   107       55.2048       43.2788   234179   21.60%
   1122    52       45.1129   108       55.2048       43.2788   236226   21.60%
   1136    65       45.1926   128       55.2048       43.2788   237925   21.60%
   1176    96       45.4081   100       55.2048       43.2788   239624   21.60%
Elapsed time = 19.85 sec. (52303.82 ticks, tree = 0.36 MB, solutions = 8)
   1210   120       45.5765    61       55.2048       43.2788   240740   21.60%
   1233   130       47.1254   118       55.2048       43.2788   243725   21.60%
   1244   139       51.4053    42       55.2048       43.2788   246974   21.60%
   1257   147       37.8790   254       55.2048       43.2788   247227   21.60%
   1259   149       46.2273   112       55.2048       43.2788   250391   21.60%
   1262   152       46.7236   103       55.2048       43.2788   252062   21.60%
   1272   161       47.1910   138       55.2048       43.2788   254752   21.60%
   1302   189       48.1875    89       55.2048       43.2788   257841   21.60%
   1329   203       48.8040   102       55.2048       43.2788   260624   21.60%
   1338   206       37.9947   266       55.2048       43.2788   263653   21.60%
Elapsed time = 24.13 sec. (63916.16 ticks, tree = 0.50 MB, solutions = 8)
   1341   209       38.0566   282       55.2048       43.2788   266006   21.60%
   1342   210       38.1066   307       55.2048       43.2788   268039   21.60%
   1346   214       38.2247   298       55.2048       43.2788   270086   21.60%
   1348   216       38.3170   285       55.2048       43.2788   272969   21.60%
   1350   218       38.4003   273       55.2048       43.2788   276659   21.60%
   1364   232       38.5989   263       55.2048       43.2788   280015   21.60%
   1379   247       38.8996   243       55.2048       43.2788   284501   21.60%
   1389   257       40.0949   210       55.2048       43.2788   291146   21.60%
   1408   276       40.8052   171       55.2048       43.2788   295348   21.60%
   1426   294       42.1832   112       55.2048       43.2788   301682   21.60%
Elapsed time = 28.38 sec. (75592.33 ticks, tree = 0.64 MB, solutions = 8)
   1465   329       47.3565    80       55.2048       43.2788   307650   21.60%
   1505   355       45.0231   107       55.2048       43.2788   312747   21.60%
   1540   384       47.7987   174       55.2048       43.2788   320109   21.60%
   1559   402       50.7412   163       55.2048       43.2788   326719   21.60%
   1589   424       49.0689   124       55.2048       43.2788   336582   21.60%
   1664   481       52.5957    73       55.2048       43.2788   342812   21.60%
   1732   528       51.3869    18       55.2048       43.2788   349556   21.60%
   1771   558       55.4869    83       55.2048       43.2788   358213   21.60%
   1776   563       44.1964   105       55.2048       43.2788   365411   21.60%
   1815   601       47.8439   114       55.2048       43.2788   372496   21.60%
Elapsed time = 32.04 sec. (85529.25 ticks, tree = 1.18 MB, solutions = 8)
   1847   625       44.2949   137       55.2048       43.2788   378436   21.60%
   1850   628       49.9205    82       55.2048       43.2788   380103   21.60%
   1857   634       53.0147    70       55.2048       43.2788   381451   21.60%
   1865   636       50.1897    45       55.2048       43.2788   383631   21.60%
   1871   642       52.6018    55       55.2048       43.2788   385637   21.60%
   1903   660       50.1843    39       55.2048       43.2788   393872   21.60%
   1935   675       47.2491   181       55.2048       43.2788   399142   21.60%
   1965   693       44.6322   181       55.2048       43.2788   408505   21.60%
   1983   709       52.0573   101       55.2048       43.2788   416629   21.60%
   2016   728       50.0101   141       55.2048       43.2788   426342   21.60%
Elapsed time = 35.99 sec. (96586.36 ticks, tree = 1.38 MB, solutions = 8)
   2025   728       41.6677   115       55.2048       43.2788   430220   21.60%
   2028   731       44.4255    76       55.2048       43.2788   433005   21.60%
   2032   735       44.7328    78       55.2048       43.2788   433663   21.60%
   2069   767       48.9763   103       55.2048       43.2788   441163   21.60%
   2126   813       44.1497   114       55.2048       43.2788   447532   21.60%
   2223   896       49.4128    62       55.2048       43.2788   455321   21.60%
   2246   909       45.0330    45       55.2048       43.2788   459548   21.60%

Performing restart 2

Repeating presolve.
Tried aggregator 1 time.
MIP Presolve eliminated 0 rows and 26 columns.
MIP Presolve modified 77 coefficients.
Reduced MIP has 1226 rows, 2844 columns, and 73594 nonzeros.
Reduced MIP has 2778 binaries, 0 generals, 0 SOSs, and 0 indicators.
Presolve time = 0.03 sec. (52.99 ticks)
Tried aggregator 1 time.
MIP Presolve modified 22 coefficients.
Reduced MIP has 1224 rows, 2844 columns, and 73572 nonzeros.
Reduced MIP has 2778 binaries, 0 generals, 0 SOSs, and 0 indicators.
Presolve time = 0.03 sec. (41.50 ticks)
Represolve time = 0.17 sec. (276.43 ticks)
   2266     0       38.3340   260       55.2048      Cuts: 16   465572   21.60%
   2266     0       38.5499   275       55.2048      Cuts: 40   465873   21.60%
   2266     0       38.6260   269       55.2048      Cuts: 22   466028   21.60%
   2266     0       38.6871   309       55.2048      Cuts: 17   467349   21.60%
   2266     0       38.6999   311       55.2048      Cuts: 10   467544   21.60%
   2266     0       38.7499   338       55.2048      Cuts: 13   468284   21.60%
   2266     0       38.7797   287       55.2048      Cuts: 14   468633   21.60%
   2266     0       38.7797   308       55.2048      Cuts: 30   468782   21.60%
   2266     0       38.7797   305       55.2048       Cuts: 8   468904   21.60%
   2266     2       38.7797   286       55.2048       43.2788   468904   21.60%
   2286    20       46.5428    49       55.2048       43.2788   479315   21.60%
   2315    36       39.5628   226       55.2048       43.2788   487509   21.60%
Elapsed time = 50.01 sec. (140933.45 ticks, tree = 0.15 MB, solutions = 8)
   2350    63       39.6035   255       55.2048       43.2788   497431   21.60%
   2387    89       51.8506    63       55.2048       43.2788   509980   21.60%
   2469   146    infeasible             55.2048       43.2788   520844   21.60%
   2526   189       46.4351   134       55.2048       43.2788   532296   21.60%
   2590   235       45.9612   159       55.2048       43.2788   544267   21.60%
   2619   253       47.5121   136       55.2048       43.2788   550174   21.60%
   2666   285       43.7721    89       55.2048       43.2788   561232   21.60%
   2746   341       42.4049   153       55.2048       43.2788   574182   21.60%
   2834   399       49.9810    61       55.2048       43.2788   587464   21.60%
   3110   561       43.9742   160       55.2048       43.2788   637546   21.60%
Elapsed time = 54.78 sec. (154002.42 ticks, tree = 1.03 MB, solutions = 8)
   3492   799       46.0939   107       55.2048       43.2788   687456   21.60%
   3862  1052       45.7709   166       55.2048       43.2788   727216   21.60%
   4266  1305       48.0197   150       55.2048       43.5034   766676   21.20%
   4712  1598       49.4078    71       55.2048       43.8393   816085   20.59%
*  4759  1546      integral     0       54.1077       43.8393   819895   18.98%
   4817  1589       44.1703   145       54.1077       43.8587   826538   18.94%
   4987  1690       46.6624   201       54.1077       44.0009   845531   18.68%
   5324  1887       52.6286    95       54.1077       44.2736   887075   18.17%
   5766  2104       51.0721    69       54.1077       44.4710   936459   17.81%
   5845  2122       48.2654    78       54.1077       44.5264   943939   17.71%
   5861  2132       51.8312    58       54.1077       44.5333   944896   17.70%
Elapsed time = 68.67 sec. (193868.57 ticks, tree = 3.78 MB, solutions = 9)
   5892  2131       47.4926    62       54.1077       44.5532   949615   17.66%
   6301  2336       48.2755    54       54.1077       44.7118   984922   17.37%
   6359  2356        cutoff             54.1077       44.7364   989808   17.32%
   6690  2506       45.1828   107       54.1077       44.9404  1020688   16.94%
*  6709  2482      integral     0       54.0000       44.9404  1021732   16.78%
*  6809+ 1936                           51.7077       44.9821            13.01%
   6915  1951       45.2784    93       51.7077       45.1119  1049491   12.76%
   7061  1975        cutoff             51.7077       45.2560  1065737   12.48%
   7267  1999        cutoff             51.7077       45.5071  1088592   11.99%
   7396  2046       50.5937    82       51.7077       45.5975  1098246   11.82%
   7667  2109       49.2511    37       51.7077       45.8642  1127297   11.30%
   7756  2126        cutoff             51.7077       45.9354  1138914   11.16%
Elapsed time = 81.87 sec. (233197.51 ticks, tree = 3.74 MB, solutions = 11)
   8016  2168       47.8125   145       51.7077       46.1247  1165426   10.80%
   8182  2195       47.7361   133       51.7077       46.2592  1184132   10.54%
   8501  2249       46.7387   131       51.7077       46.4893  1218646   10.09%
   8673  2258       47.2188    91       51.7077       46.6226  1238764    9.83%
   8863  2261       47.3728   178       51.7077       46.8038  1259014    9.48%
   9204  2364       50.9073    63       51.7077       46.9593  1287404    9.18%
   9529  2394        cutoff             51.7077       47.1581  1317129    8.80%
   9882  2373       51.4342    48       51.7077       47.3537  1341639    8.42%
  10108  2442        cutoff             51.7077       47.4456  1356369    8.24%
  10267  2432       49.4118    99       51.7077       47.5383  1369556    8.06%
Elapsed time = 95.65 sec. (273127.13 ticks, tree = 4.26 MB, solutions = 11)
  10487  2431       48.4880    80       51.7077       47.6599  1395610    7.83%
  11041  2424       51.0622    83       51.7077       47.9400  1428619    7.29%
  11255  2447       50.3287    54       51.7077       48.0206  1441917    7.13%
  11275  2437        cutoff             51.7077       48.0350  1444768    7.10%
  11301  2430        cutoff             51.7077       48.0492  1448782    7.08%
  11376  2422        cutoff             51.7077       48.0779  1455048    7.02%
  11610  2409       49.2562    64       51.7077       48.1828  1472994    6.82%
  11892  2392       49.5669    50       51.7077       48.3657  1490163    6.46%
  12239  2330        cutoff             51.7077       48.5801  1512721    6.05%
  12508  2269        cutoff             51.7077       48.7376  1529386    5.74%
Elapsed time = 109.22 sec. (313059.07 ticks, tree = 4.03 MB, solutions = 11)
  12711  2267       51.2126    37       51.7077       48.8375  1540813    5.55%
  13007  2179        cutoff             51.7077       49.0330  1559273    5.17%
  13445  2052    infeasible             51.7077       49.2776  1579887    4.70%
  13796  1897        cutoff             51.7077       49.4751  1598419    4.32%
  14291  1658       50.8114    78       51.7077       49.7874  1620122    3.71%
  14767  1423        cutoff             51.7077       50.1166  1638018    3.08%
  15284  1098       50.4726    56       51.7077       50.4704  1656399    2.39%
  15952   742        cutoff             51.7077       50.8282  1674988    1.70%
  16547   370        cutoff             51.7077       51.2715  1689362    0.84%

GUB cover cuts applied:  8
Clique cuts applied:  6
Cover cuts applied:  1
Implied bound cuts applied:  5
Mixed integer rounding cuts applied:  1
Zero-half cuts applied:  42
Lift and project cuts applied:  5
Gomory fractional cuts applied:  5

Root node processing (before b&c):
  Real time             =    1.93 sec. (4223.03 ticks)
Sequential b&c:
  Real time             =  121.11 sec. (347266.05 ticks)
                          ------------
Total (root+branch&cut) =  123.04 sec. (351489.08 ticks)
Feasible solution found!
Truck nodes:
Stage 1 at customer 0 with arrival time is: 
Stage 2 at customer 8 with arrival time is: 
Stage 3 at customer 4 with arrival time is: 
Stage 4 at customer 3 with arrival time is: 
Stage 5 at customer 10 with arrival time is: 
Stage 6 at customer 5 with arrival time is: 
Stage 7 at customer 7 with arrival time is: 
Stage 8 at customer 2 with arrival time is: 
Stage 9 at customer 6 with arrival time is: 
Stage 10 at customer 1 with arrival time is: 
Stage 11 at customer 11 with arrival time is: 
Truck arcs:
Arc 1 connecting 0 and 8 with cost 1.22306 
Arc 2 connecting 8 and 4 with cost 5.54215 
Arc 3 connecting 4 and 3 with cost 6.71587 
Arc 4 connecting 3 and 10 with cost 6.22861 
Arc 5 connecting 10 and 5 with cost 11.4906 
Arc 6 connecting 5 and 7 with cost 1.61466 
Arc 7 connecting 7 and 2 with cost 6.42059 
Arc 8 connecting 2 and 6 with cost 3.99917 
Arc 9 connecting 6 and 1 with cost 3.41898 
Arc 10 connecting 1 and 11 with cost 3.05404 
Customer 9 served by drone.
Drone fly from 8 at stage 2 to serve 9 and then fly back to 10 at stage 5. 
Truck arcs during this sortie: 8--->4--->3--->10
Truck travel time from stage 2 to 5 is: 18.4866
Total drone travel time: 15.6217
Customer 9 served, start stage = 2, end stage = 5
Wait time for this sortie: 0
Printing Y(k,i,h):
Y[2][8][9] == 1
Done!
-------------------------Re-calculated objective-----------------------
51.7077
------------------------------------------------------------------------
Solve time: 123.039
OBJECTIVE VALUE: 51.7077, NUMBER OF SORTIES: 0.
Number of loop(s):0
Number of revisit: 0
In write mode
