Instance name: /home/cuong/CLionProjects/uMV-FSTSP/50_dis_rand_ins/v100
Write arg val: 1

drone speed: 1 miles/minute
uav non-eligible customer: 8 9 11 
Printing tau:
0 18.241 57.6045 57.5208 43.6131 64.58 57.4524 49.4331 47.944 112.151 116.089 0 
18.241 0 56.2332 56.1495 25.372 46.339 39.2114 34.5165 49.3153 93.9095 97.8476 18.241 
57.6045 56.2332 0 1.10642 50.9119 60.4022 55.1125 90.7497 105.548 64.5691 68.5072 57.6045 
57.5208 56.1495 1.10642 0 50.8282 60.3186 55.0288 90.666 105.465 63.4627 67.4008 57.5208 
43.6131 25.372 50.9119 50.8282 0 20.9669 13.8393 39.8378 54.6365 68.5375 72.4756 43.6131 
64.58 46.339 60.4022 60.3186 20.9669 0 7.12761 30.3474 45.1462 47.5705 51.5086 64.58 
57.4524 39.2114 55.1125 55.0288 13.8393 7.12761 0 35.6372 50.4359 54.6981 58.6362 57.4524 
49.4331 34.5165 90.7497 90.666 39.8378 30.3474 35.6372 0 16.1865 62.7174 66.6555 49.4331 
47.944 49.3153 105.548 105.465 54.6365 45.1462 50.4359 16.1865 0 78.9039 82.842 47.944 
112.151 93.9095 64.5691 63.4627 68.5375 47.5705 54.6981 62.7174 78.9039 0 3.9381 112.151 
116.089 97.8476 68.5072 67.4008 72.4756 51.5086 58.6362 66.6555 82.842 3.9381 0 116.089 
0 0 0 0 0 0 0 0 0 0 0 0 
Printing tau_prime:
0 4.85053 19.8117 19.9829 11.7 17.1404 15.2487 15.7818 15.4707 29.7426 30.7842 0 
4.85053 0 16.8187 16.9369 6.87415 12.3371 10.4017 12.3361 13.6686 24.9166 25.9545 4.85053 
19.8117 16.8187 0 0.294222 13.541 16.6387 14.8465 24.0687 28.2447 23.2821 23.9352 19.8117 
19.9829 16.9369 0.294222 0 13.5449 16.5402 14.7756 24.0423 28.2637 23.052 23.6987 19.9829 
11.7 6.87415 13.541 13.5449 0 6.10271 3.83503 10.6757 14.7462 18.3158 19.3308 11.7 
17.1404 12.3371 16.6387 16.5402 6.10271 0 2.35361 8.99373 14.5719 12.6163 13.6651 17.1404 
15.2487 10.4017 14.8465 14.7756 3.83503 2.35361 0 9.68603 14.8343 14.5506 15.5786 15.2487 
15.7818 12.3361 24.0687 24.0423 10.6757 8.99373 9.68603 0 5.81557 18.5807 19.603 15.7818 
15.4707 13.6686 28.2447 28.2637 14.7462 14.5719 14.8343 5.81557 0 24.2252 25.2262 15.4707 
29.7426 24.9166 23.2821 23.052 18.3158 12.6163 14.5506 18.5807 24.2252 0 1.06168 29.7426 
30.7842 25.9545 23.9352 23.6987 19.3308 13.6651 15.5786 19.603 25.2262 1.06168 0 30.7842 
0 0 0 0 0 0 0 0 0 0 0 0 
Warning:  Output names have been modified due to duplicate names or characters invalid in LP format.
Version identifier: 22.1.1.0 | 2022-11-28 | 9160aff4d
CPXPARAM_TimeLimit                               200
CPXPARAM_MIP_Tolerances_Integrality              0
Tried aggregator 2 times.
MIP Presolve eliminated 1546 rows and 2047 columns.
MIP Presolve modified 1757 coefficients.
Aggregator did 35 substitutions.
Reduced MIP has 988 rows, 2694 columns, and 24014 nonzeros.
Reduced MIP has 2673 binaries, 0 generals, 0 SOSs, and 0 indicators.
Presolve time = 0.02 sec. (38.13 ticks)
Probing fixed 143 vars, tightened 0 bounds.
Probing changed sense of 4 constraints.
Probing time = 0.04 sec. (83.42 ticks)
Tried aggregator 2 times.
Detecting symmetries...
MIP Presolve eliminated 79 rows and 177 columns.
MIP Presolve modified 174 coefficients.
Aggregator did 6 substitutions.
Reduced MIP has 903 rows, 2511 columns, and 21125 nonzeros.
Reduced MIP has 2490 binaries, 0 generals, 0 SOSs, and 0 indicators.
Presolve time = 0.02 sec. (27.73 ticks)
Probing time = 0.01 sec. (5.37 ticks)
Clique table members: 11721.
MIP emphasis: balance optimality and feasibility.
MIP search method: dynamic search.
Parallel mode: deterministic, using up to 20 threads.
Root relaxation solution time = 0.09 sec. (148.45 ticks)

        Nodes                                         Cuts/
   Node  Left     Objective  IInf  Best Integer    Best Bound    ItCnt     Gap

      0     0      165.8971   159                    165.8971       26         
      0     0      196.8414   184                    Cuts: 31      873         
      0     0      224.5161   215                    Cuts: 22     2174         
      0     0      227.0484   172                    Cuts: 14     3131         
      0     0      230.9954   176                    Cuts: 24     3237         
      0     0      232.6192   162                    Cuts: 13     3580         
Detecting symmetries...
      0     0      233.5347   178                    Cuts: 16     3834         
*     0+    0                        53300.7263      233.5347            99.56%
      0     0      234.9661    64    53300.7263      Cuts: 12     4120   99.56%
*     0+    0                          498.5502      234.9661            52.87%
*     0+    0                          496.0269      234.9661            52.63%
*     0+    0                          449.3903      234.9661            47.71%
      0     0  -1.00000e+75     0      449.3903      234.9661     4120   47.71%
      0     0      235.1338   184      449.3903   ZeroHalf: 8     4646   47.68%
*     0+    0                          439.6274      235.1338            46.52%
      0     0      235.8394   206      439.6274      Cuts: 17     5649   46.35%
      0     0      242.7959   197      439.6274      Cuts: 19     6929   44.77%
*     0+    0                          366.8591      242.7959            33.82%
      0     0      244.8492   189      366.8591      Cuts: 15     7506   33.26%
      0     0      246.0854   213      366.8591      Cuts: 17     8063   32.92%
      0     0      246.2978   260      366.8591      Cuts: 13     8278   32.86%
      0     0      251.1220   262      366.8591   ZeroHalf: 5     9266   31.55%
      0     0      251.5471   279      366.8591      Cuts: 12    10007   31.43%
*     0+    0                          321.3648      251.5471            21.73%
      0     0      254.1863   284      321.3648       Cuts: 6    11123   20.90%
      0     0      257.6337   309      321.3648       Cuts: 4    11845   19.83%
      0     0      259.6332   299      321.3648  ZeroHalf: 12    12469   19.21%
      0     0      259.8795   319      321.3648      Cuts: 13    13098   19.13%
      0     0      260.4231   328      321.3648       Cuts: 4    14179   18.96%
      0     0      261.2331   326      321.3648       Cuts: 3    14857   18.71%
      0     0      261.3389   326      321.3648   ZeroHalf: 4    15058   18.68%
      0     0      261.8620   327      321.3648   ZeroHalf: 4    16145   18.52%
      0     0      263.9193   341      321.3648      Cuts: 15    17420   17.88%
      0     0      265.0172   374      321.3648       Cuts: 9    18842   17.45%
      0     0      266.0149   331      321.3648       Cuts: 7    19295   17.22%
      0     0      267.0022   312      321.3648       Cuts: 9    20041   16.92%
      0     0      267.4715   367      321.3648      Cuts: 11    20866   16.77%
      0     0      267.4766   368      321.3648       Cuts: 2    20941   16.77%
*     0+    0                          308.9008      267.4766            13.41%
      0     0  -1.00000e+75     0      308.9008      267.4766    20941   13.41%
Detecting symmetries...
      0     2      267.4810   327      308.9008      267.4766    21190   13.41%
Elapsed time = 2.52 sec. (4447.08 ticks, tree = 0.02 MB, solutions = 8)
*     4+    1                          302.7185      267.4810            11.64%
    153    20        cutoff            302.7185      267.9446    35787   11.49%
    496    84      284.5271   186      302.7185      271.3226    76714   10.37%
    650   149        cutoff            302.7185      271.3226   109096   10.37%
    816   153      295.0756    88      302.7185      271.5527   139521   10.30%
   1419   262      296.1780   138      302.7185      271.5527   190190   10.30%
   2251   355      299.9415    86      302.7185      276.2440   255389    8.75%
   2797   305      297.3246    28      302.7185      276.3884   313694    8.70%
   3944   234      293.3494   102      302.7185      276.7218   386555    8.59%
   4630   265        cutoff            302.7185      279.0516   463941    7.82%
   6053    13        cutoff            302.7185      284.8743   573356    5.89%
Elapsed time = 5.52 sec. (7564.41 ticks, tree = 0.03 MB, solutions = 9)

GUB cover cuts applied:  7
Clique cuts applied:  24
Cover cuts applied:  84
Implied bound cuts applied:  187
Zero-half cuts applied:  62
Lift and project cuts applied:  4
Gomory fractional cuts applied:  6

Root node processing (before b&c):
  Real time             =    2.45 sec. (4312.39 ticks)
Parallel b&c, 20 threads:
  Real time             =    3.29 sec. (3600.13 ticks)
  Sync time (average)   =    1.50 sec.
  Wait time (average)   =    0.00 sec.
                          ------------
Total (root+branch&cut) =    5.75 sec. (7912.52 ticks)
Feasible solution found!
Truck nodes:
Stage 1 at customer 0 with arrival time is: 0
Stage 1 at customer 0 with departure time is: 0
Stage 2 at customer 1 with arrival time is: 18.241
Stage 2 at customer 1 with departure time is: 19.5742
Stage 3 at customer 2 with arrival time is: 75.8073
Stage 3 at customer 2 with departure time is: 75.8073
Stage 4 at customer 3 with arrival time is: 76.9138
Stage 4 at customer 3 with departure time is: 76.9138
Stage 5 at customer 9 with arrival time is: 140.376
Stage 5 at customer 9 with departure time is: 140.376
Stage 6 at customer 10 with arrival time is: 144.315
Stage 6 at customer 10 with departure time is: 144.315
Stage 7 at customer 9 with arrival time is: 148.253
Stage 7 at customer 9 with departure time is: 148.253
Stage 8 at customer 5 with arrival time is: 195.823
Stage 8 at customer 5 with departure time is: 195.823
Stage 9 at customer 6 with arrival time is: 202.951
Stage 9 at customer 6 with departure time is: 202.951
Stage 10 at customer 7 with arrival time is: 238.588
Stage 10 at customer 7 with departure time is: 238.588
Stage 11 at customer 8 with arrival time is: 254.774
Stage 11 at customer 8 with departure time is: 254.774
Stage 12 at customer 11 with arrival time is: 302.718
Stage 12 at customer 11 with departure time is: 302.718
Truck arcs:
Arc 1 connecting 0 and 1 with cost 18.241 
Arc 2 connecting 1 and 2 with cost 56.2332 
Arc 3 connecting 2 and 3 with cost 1.10642 
Arc 4 connecting 3 and 9 with cost 63.4627 
Arc 5 connecting 9 and 10 with cost 3.9381 
Arc 6 connecting 10 and 9 with cost 3.9381 
Arc 7 connecting 9 and 5 with cost 47.5705 
Arc 8 connecting 5 and 6 with cost 7.12761 
Arc 9 connecting 6 and 7 with cost 35.6372 
Arc 10 connecting 7 and 8 with cost 16.1865 
Arc 11 connecting 8 and 11 with cost 47.944 
Customer 4 served by drone.
Drone fly from 0 at stage 1 to serve 4 and then fly back to 1 at stage 2. 
Truck arcs during this sortie: 0--->1
Truck travel time from stage 1 to 2 is: 18.241
Total drone travel time: 18.5741
Drone arrival time: 18.5741
Truck arrival time: 18.241
Truck departure time = max(d/a, t/a) plus (sl/sr): 19.5742
Done!
-------------------------Re-calculated objective-----------------------
302.718
------------------------------------------------------------------------
Solve time: 5.754
Node 9 was revisited 1 times!
OBJECTIVE VALUE: 302.718, NUMBER OF SORTIES: 1.
Number of revisit: 1
In write mode
