Instance name: /home/cuong/CLionProjects/uMV-FSTSP/50_dis_rand_ins/v20
Write arg val: 1

drone speed: 1 miles/minute
uav non-eligible customer: 7 11 
Printing tau:
0 7.08758 62.0804 61.5169 45.0449 20.6097 23.9562 32.6991 37.4952 86.8314 74.389 0 
7.08758 0 54.9929 54.4293 43.5227 19.0875 22.4341 31.1769 41.6184 85.3092 72.8668 7.08758 
62.0804 54.9929 0 3.99655 52.6716 61.0762 50.84 84.7617 96.6113 61.5388 58.5827 62.0804 
61.5169 54.4293 3.99655 0 52.1081 60.5126 50.2764 84.1981 96.0477 60.9752 58.0192 61.5169 
45.0449 43.5227 52.6716 52.1081 0 24.4351 21.0886 32.0901 43.9396 41.7865 29.3441 45.0449 
20.6097 19.0875 61.0762 60.5126 24.4351 0 10.2361 23.6856 35.5351 66.2217 53.7793 20.6097 
23.9562 22.4341 50.84 50.2764 21.0886 10.2361 0 33.9217 45.7713 62.8752 50.4328 23.9562 
32.6991 31.1769 84.7617 84.1981 32.0901 23.6856 33.9217 0 11.8496 54.1323 41.6899 32.6991 
37.4952 41.6184 96.6113 96.0477 43.9396 35.5351 45.7713 11.8496 0 49.3362 38.0285 37.4952 
86.8314 85.3092 61.5388 60.9752 41.7865 66.2217 62.8752 54.1323 49.3362 0 12.4424 86.8314 
74.389 72.8668 58.5827 58.0192 29.3441 53.7793 50.4328 41.6899 38.0285 12.4424 0 74.389 
0 0 0 0 0 0 0 0 0 0 0 0 
Printing tau_prime:
0 1.92223 18.4286 18.7989 12.2021 5.47146 7.01685 10.5523 13.5163 23.0251 19.7472 0 
1.92223 0 16.5755 16.9776 11.5571 5.31218 6.04979 11.4304 14.5868 22.6875 19.3452 1.92223 
18.4286 16.5755 0 1.07023 14.4382 16.4389 13.6187 22.4792 25.6715 21.9898 19.2926 18.4286 
18.7989 16.9776 1.07023 0 14.0598 16.5081 13.6631 22.3366 25.4755 21.1796 18.5595 18.7989 
12.2021 11.5571 14.4382 14.0598 0 6.8519 5.61302 9.11718 11.822 11.3271 7.93734 12.2021 
5.47146 5.31218 16.4389 16.5081 6.8519 0 2.85564 7.05138 10.4324 17.5601 14.2757 5.47146 
7.01685 6.04979 13.6187 13.6631 5.61302 2.85564 0 9.2888 12.6568 16.9119 13.5297 7.01685 
10.5523 11.4304 22.4792 22.3366 9.11718 7.05138 9.2888 0 3.3897 15.6191 13.0535 10.5523 
13.5163 14.5868 25.6715 25.4755 11.822 10.4324 12.6568 3.3897 0 16.051 14.0496 13.5163 
23.0251 22.6875 21.9898 21.1796 11.3271 17.5601 16.9119 15.6191 16.051 0 3.39112 23.0251 
19.7472 19.3452 19.2926 18.5595 7.93734 14.2757 13.5297 13.0535 14.0496 3.39112 0 19.7472 
0 0 0 0 0 0 0 0 0 0 0 0 
Warning:  Output names have been modified due to duplicate names or characters invalid in LP format.
Version identifier: 22.1.1.0 | 2022-11-28 | 9160aff4d
CPXPARAM_TimeLimit                               200
CPXPARAM_MIP_Tolerances_Integrality              0
Tried aggregator 2 times.
MIP Presolve eliminated 1195 rows and 1761 columns.
MIP Presolve modified 1712 coefficients.
Aggregator did 40 substitutions.
Reduced MIP has 1021 rows, 2975 columns, and 27655 nonzeros.
Reduced MIP has 2954 binaries, 0 generals, 0 SOSs, and 0 indicators.
Presolve time = 0.02 sec. (42.40 ticks)
Probing fixed 307 vars, tightened 0 bounds.
Probing changed sense of 4 constraints.
Probing time = 0.05 sec. (105.72 ticks)
Tried aggregator 2 times.
MIP Presolve eliminated 80 rows and 310 columns.
MIP Presolve modified 187 coefficients.
Aggregator did 9 substitutions.
Reduced MIP has 932 rows, 2656 columns, and 22693 nonzeros.
Reduced MIP has 2635 binaries, 0 generals, 0 SOSs, and 0 indicators.
Presolve time = 0.01 sec. (26.55 ticks)
Probing time = 0.00 sec. (5.54 ticks)
Tried aggregator 2 times.
Detecting symmetries...
MIP Presolve eliminated 11 rows and 0 columns.
MIP Presolve modified 6 coefficients.
Aggregator did 2 substitutions.
Reduced MIP has 919 rows, 2654 columns, and 22678 nonzeros.
Reduced MIP has 2633 binaries, 0 generals, 0 SOSs, and 0 indicators.
Presolve time = 0.01 sec. (14.28 ticks)
Probing time = 0.00 sec. (5.54 ticks)
Clique table members: 13589.
MIP emphasis: balance optimality and feasibility.
MIP search method: dynamic search.
Parallel mode: deterministic, using up to 20 threads.
Root relaxation solution time = 0.08 sec. (156.02 ticks)

        Nodes                                         Cuts/
   Node  Left     Objective  IInf  Best Integer    Best Bound    ItCnt     Gap

      0     0      115.6902   256                    115.6902       32         
      0     0      152.3203   226                    Cuts: 53     1216         
      0     0      155.9895   268                    Cuts: 37     2180         
      0     0      156.4734   233                    Cuts: 17     2750         
      0     0      157.3167   245                    Cuts: 15     3768         
      0     0      183.1656   195                    Cuts: 22     5206         
Detecting symmetries...
      0     0      187.6805   259                    Cuts: 18     6500         
      0     0      188.1202   277                    Cuts: 18     7236         
      0     0      188.6136   257                    Cuts: 10     7439         
      0     0      188.6136   270                ZeroHalf: 10     7691         
*     0+    0                        45739.0134      188.6136            99.59%
      0     0      189.2274   239    45739.0134      Cuts: 10     8787   99.59%
*     0+    0                          531.3548      189.2274            64.39%
*     0+    0                          337.9154      189.2274            44.00%
*     0+    0                          309.8391      189.2274            38.93%
      0     0  -1.00000e+75     0      309.8391      189.2274     8787   38.93%
      0     0      189.3907   231      309.8391       Cuts: 9     9281   38.87%
      0     0      189.5240   256      309.8391       Cuts: 8     9699   38.83%
      0     0      189.6421   285      309.8391      Cuts: 18    10301   38.79%
      0     0      189.6421   294      309.8391       Cuts: 6    10482   38.79%
Detecting symmetries...
      0     2      189.6421   280      309.8391      189.6421    10482   38.79%
Elapsed time = 1.85 sec. (3144.99 ticks, tree = 0.02 MB, solutions = 4)
     20    10      282.5393   150      309.8391      189.7124    18062   38.77%
*    73+   15                          306.4060      189.7124            38.08%
    461    19      238.3297    91      306.4060      193.1569    58910   36.96%
   1283   172    infeasible            306.4060      195.6148   112822   36.16%
   1671   223    infeasible            306.4060      195.6148   156463   36.16%
*  1705   230      integral     0      296.4447      195.6148   161067   34.01%
   2225   264        cutoff            296.4447      196.1352   182267   33.84%
   3042   635      277.5415   138      296.4447      197.7044   240388   33.31%
*  3367+  794                          276.4628      197.7044            28.49%
   3961   716      248.8877   115      276.4628      197.7486   281554   28.47%
   4182   858      266.3003    56      276.4628      197.9895   333252   28.38%
*  4731+ 1004                          266.5313      197.9895            25.72%
*  4900+  998                          261.6050      197.9895            24.32%
*  5599+  572                          257.0448      200.9673            21.82%
   6641   906    infeasible            257.0448      200.9673   522306   21.82%
Elapsed time = 4.92 sec. (6177.67 ticks, tree = 2.76 MB, solutions = 11)

Performing restart 1

Repeating presolve.
Tried aggregator 2 times.
MIP Presolve eliminated 14 rows and 69 columns.
MIP Presolve modified 7912 coefficients.
Aggregator did 2 substitutions.
Reduced MIP has 903 rows, 2583 columns, and 18527 nonzeros.
Reduced MIP has 2562 binaries, 0 generals, 0 SOSs, and 0 indicators.
Presolve time = 0.02 sec. (30.91 ticks)
Tried aggregator 1 time.
MIP Presolve eliminated 2 rows and 17 columns.
MIP Presolve modified 3 coefficients.
Reduced MIP has 901 rows, 2566 columns, and 18389 nonzeros.
Reduced MIP has 2545 binaries, 0 generals, 0 SOSs, and 0 indicators.
Presolve time = 0.01 sec. (11.43 ticks)
Represolve time = 0.09 sec. (131.93 ticks)
   6719     0      190.7388   344      257.0448      Cuts: 13   549532   21.82%
   6719     0      190.9028   345      257.0448      Cuts: 22   550090   21.82%
   6719     0      191.0848   331      257.0448      Cuts: 22   550441   21.82%
   6719     0      191.1629   340      257.0448      Cuts: 24   550704   21.82%
   6719     0      191.3457   363      257.0448      Cuts: 30   551155   21.82%
   6719     2      191.3457   362      257.0448      200.9673   551155   21.82%
   6723     4      252.7871    77      257.0448      200.9673   553802   21.82%
*  6744+    9                          251.4714      200.9673            20.08%
   6791    13        cutoff            251.4714      200.9673   579715   20.08%
   7082    18      228.6423   115      251.4714      200.9673   627912   20.08%
   7286    24      238.5425    96      251.4714      200.9673   676053   20.08%
   8115   103      240.5785    45      251.4714      200.9673   743034   20.08%
   9728    28      242.5482   138      251.4714      200.9673   861596   20.08%
   9855    11      236.0609    95      251.4714      210.1178   903203   16.44%
  10162    21      243.2619    58      251.4714      214.9538   935246   14.52%
  10544    22        cutoff            251.4714      217.4784  1007906   13.52%
Elapsed time = 15.39 sec. (19904.38 ticks, tree = 0.02 MB, solutions = 12)
  12176   268      233.3281   136      251.4714      218.1174  1152924   13.26%
  14157   526        cutoff            251.4714      221.3787  1345997   11.97%

GUB cover cuts applied:  12
Clique cuts applied:  16
Cover cuts applied:  21
Mixed integer rounding cuts applied:  4
Zero-half cuts applied:  29
Lift and project cuts applied:  7
Gomory fractional cuts applied:  5

Root node processing (before b&c):
  Real time             =    1.81 sec. (3083.49 ticks)
Parallel b&c, 20 threads:
  Real time             =   16.47 sec. (19290.14 ticks)
  Sync time (average)   =    6.64 sec.
  Wait time (average)   =    0.01 sec.
                          ------------
Total (root+branch&cut) =   18.29 sec. (22373.63 ticks)
Feasible solution found!
Truck nodes:
Stage 1 at customer 0 with arrival time is: 0
Stage 1 at customer 0 with departure time is: 0
Stage 2 at customer 1 with arrival time is: 7.08758
Stage 2 at customer 1 with departure time is: 7.08758
Stage 3 at customer 7 with arrival time is: 38.2645
Stage 3 at customer 7 with departure time is: 38.2645
Stage 4 at customer 8 with arrival time is: 50.1141
Stage 4 at customer 8 with departure time is: 50.1141
Stage 5 at customer 10 with arrival time is: 88.1426
Stage 5 at customer 10 with departure time is: 88.1426
Stage 6 at customer 9 with arrival time is: 100.585
Stage 6 at customer 9 with departure time is: 100.585
Stage 7 at customer 2 with arrival time is: 162.124
Stage 7 at customer 2 with departure time is: 162.124
Stage 8 at customer 3 with arrival time is: 166.12
Stage 8 at customer 3 with departure time is: 166.12
Stage 9 at customer 6 with arrival time is: 216.397
Stage 9 at customer 6 with departure time is: 217.397
Stage 10 at customer 5 with arrival time is: 227.633
Stage 10 at customer 5 with departure time is: 230.862
Stage 11 at customer 11 with arrival time is: 251.471
Stage 11 at customer 11 with departure time is: 251.471
Truck arcs:
Arc 1 connecting 0 and 1 with cost 7.08758 
Arc 2 connecting 1 and 7 with cost 31.1769 
Arc 3 connecting 7 and 8 with cost 11.8496 
Arc 4 connecting 8 and 10 with cost 38.0285 
Arc 5 connecting 10 and 9 with cost 12.4424 
Arc 6 connecting 9 and 2 with cost 61.5388 
Arc 7 connecting 2 and 3 with cost 3.99655 
Arc 8 connecting 3 and 6 with cost 50.2764 
Arc 9 connecting 6 and 5 with cost 10.2361 
Arc 10 connecting 5 and 11 with cost 20.6097 
Customer 4 served by drone.
Drone fly from 6 at stage 9 to serve 4 and then fly back to 5 at stage 10. 
Truck arcs during this sortie: 6--->5
Truck travel time from stage 9 to 10 is: 10.2361
Total drone travel time: 12.4649
Drone arrival time: 229.862
Truck arrival time: 227.633
Truck departure time = max(d/a, t/a) plus (sl/sr): 230.862
Done!
-------------------------Re-calculated objective-----------------------
251.471
------------------------------------------------------------------------
Solve time: 18.29
OBJECTIVE VALUE: 251.471, NUMBER OF SORTIES: 1.
Number of revisit: 0
In write mode
