Instance name: /home/cuong/CLionProjects/uMV-FSTSP/50_dis_rand_ins/v21
Write arg val: 1

drone speed: 1 miles/minute
uav non-eligible customer: 11 
Printing tau:
0 22.3063 32.1461 25.4806 45.1336 26.6158 30.4662 35.0846 39.8659 58.9692 84.7096 0 
22.3063 0 45.273 47.7869 67.4399 48.9221 52.7725 48.0519 48.9139 81.2755 107.016 22.3063 
32.1461 45.273 0 6.88852 40.3843 43.6653 42.5199 67.2306 72.012 36.0026 61.7429 32.1461 
25.4806 47.7869 6.88852 0 33.4958 36.7767 35.6314 60.3421 65.1234 33.4886 59.229 25.4806 
45.1336 67.4399 40.3843 33.4958 0 18.5177 14.6674 26.8463 31.6276 13.8357 39.5761 45.1336 
26.6158 48.9221 43.6653 36.7767 18.5177 0 3.85033 23.5654 28.3467 32.3534 58.0938 26.6158 
30.4662 52.7725 42.5199 35.6314 14.6674 3.85033 0 24.7107 29.492 28.503 54.2434 30.4662 
35.0846 48.0519 67.2306 60.3421 26.8463 23.5654 24.7107 0 4.78132 33.2236 58.964 35.0846 
39.8659 48.9139 72.012 65.1234 31.6276 28.3467 29.492 4.78132 0 37.1292 58.102 39.8659 
58.9692 81.2755 36.0026 33.4886 13.8357 32.3534 28.503 33.2236 37.1292 0 25.7404 58.9692 
84.7096 107.016 61.7429 59.229 39.5761 58.0938 54.2434 58.964 58.102 25.7404 0 84.7096 
0 0 0 0 0 0 0 0 0 0 0 0 
Printing tau_prime:
0 5.93737 10.476 9.51349 12.1656 7.69022 8.53405 11.5393 12.7093 15.6534 22.4681 0 
5.93737 0 15.0283 14.5811 17.9603 13.2183 14.1706 15.4775 16.4109 21.5524 28.3959 5.93737 
10.476 15.0283 0 1.94443 12.2156 11.6189 11.4488 17.8424 19.1194 13.2927 18.2222 10.476 
9.51349 14.5811 1.94443 0 10.2979 9.75655 9.54024 16.0008 17.271 11.574 16.8753 9.51349 
12.1656 17.9603 12.2156 10.2979 0 4.98672 3.93029 8.781 9.71937 3.94813 10.838 12.1656 
7.69022 13.2183 11.6189 9.75655 4.98672 0 1.06519 6.25298 7.51656 8.88945 15.8146 7.69022 
8.53405 14.1706 11.4488 9.54024 3.93029 1.06519 0 6.67091 7.88691 7.82461 14.7515 8.53405 
11.5393 15.4775 17.8424 16.0008 8.781 6.25298 6.67091 0 1.28828 12.2958 18.467 11.5393 
12.7093 16.4109 19.1194 17.271 9.71937 7.51656 7.88691 1.28828 0 13.0602 18.9858 12.7093 
15.6534 21.5524 13.2927 11.574 3.94813 8.88945 7.82461 12.2958 13.0602 0 6.93887 15.6534 
22.4681 28.3959 18.2222 16.8753 10.838 15.8146 14.7515 18.467 18.9858 6.93887 0 22.4681 
0 0 0 0 0 0 0 0 0 0 0 0 
Warning:  Output names have been modified due to duplicate names or characters invalid in LP format.
Version identifier: 22.1.1.0 | 2022-11-28 | 9160aff4d
CPXPARAM_TimeLimit                               200
CPXPARAM_MIP_Tolerances_Integrality              0
Tried aggregator 2 times.
MIP Presolve eliminated 865 rows and 1399 columns.
MIP Presolve modified 2103 coefficients.
Aggregator did 41 substitutions.
Reduced MIP has 1025 rows, 3336 columns, and 32642 nonzeros.
Reduced MIP has 3315 binaries, 0 generals, 0 SOSs, and 0 indicators.
Presolve time = 0.03 sec. (60.77 ticks)
Probing fixed 377 vars, tightened 0 bounds.
Probing changed sense of 4 constraints.
Probing time = 0.05 sec. (130.92 ticks)
Cover probing fixed 0 vars, tightened 5 bounds.
Tried aggregator 2 times.
MIP Presolve eliminated 85 rows and 377 columns.
MIP Presolve modified 75 coefficients.
Aggregator did 9 substitutions.
Reduced MIP has 931 rows, 2950 columns, and 26843 nonzeros.
Reduced MIP has 2929 binaries, 0 generals, 0 SOSs, and 0 indicators.
Presolve time = 0.02 sec. (36.95 ticks)
Probing time = 0.00 sec. (6.18 ticks)
Tried aggregator 2 times.
Detecting symmetries...
MIP Presolve eliminated 11 rows and 0 columns.
MIP Presolve modified 6 coefficients.
Aggregator did 2 substitutions.
Reduced MIP has 918 rows, 2948 columns, and 26828 nonzeros.
Reduced MIP has 2927 binaries, 0 generals, 0 SOSs, and 0 indicators.
Presolve time = 0.01 sec. (16.67 ticks)
Probing time = 0.01 sec. (5.91 ticks)
Clique table members: 10662.
MIP emphasis: balance optimality and feasibility.
MIP search method: dynamic search.
Parallel mode: deterministic, using up to 20 threads.
Root relaxation solution time = 0.09 sec. (156.97 ticks)

        Nodes                                         Cuts/
   Node  Left     Objective  IInf  Best Integer    Best Bound    ItCnt     Gap

      0     0      133.1370   209                    133.1370       27         
*     0+    0                        40499.6267      133.1370            99.67%
      0     0      148.4798   300    40499.6267      Cuts: 53     2686   99.63%
      0     0      149.1104   284    40499.6267      Cuts: 29     4922   99.63%
      0     0      151.1057   272    40499.6267      Cuts: 27     6629   99.63%
*     0+    0                          274.5464      151.1057            44.96%
*     0+    0                          224.0710      151.1057            32.56%
*     0+    0                          219.8503      151.1057            31.27%
*     0+    0                          208.2972      151.1057            27.46%
      0     0  -1.00000e+75     0      208.2972      151.1057     6629   27.46%
*     0+    0                          198.4531      151.1057            23.86%
      0     0      151.3979   246      198.4531      Cuts: 17     7026   23.71%
      0     0      152.6867   290      198.4531      Cuts: 17     8539   23.06%
Detecting symmetries...
      0     0      154.4087   304      198.4531      Cuts: 32    10546   22.19%
*     0+    0                          198.2817      154.4087            22.13%
      0     0      156.0003   319      198.2817      Cuts: 13    13449   21.32%
      0     0      156.6380   335      198.2817       Cuts: 8    14141   21.00%
      0     0      156.9698   291      198.2817       Cuts: 8    15874   20.83%
      0     0      157.3162   350      198.2817      Cuts: 12    17145   20.66%
      0     0      157.5849   327      198.2817      Cuts: 10    18410   20.52%
      0     0      157.7186   295      198.2817      Cuts: 11    19009   20.46%
      0     0      157.8715   326      198.2817      Cuts: 10    20483   20.38%
      0     0      157.8849   353      198.2817      Cuts: 13    20965   20.37%
      0     0      158.0114   356      198.2817       Cuts: 4    22021   20.31%
      0     0      158.0114   357      198.2817    Cliques: 1    22253   20.31%
*     0+    0                          193.9072      158.0114            18.51%
Detecting symmetries...
      0     2      158.0114   325      193.9072      158.0114    22253   18.51%
Elapsed time = 3.11 sec. (5687.33 ticks, tree = 0.02 MB, solutions = 8)
      1     3      159.2118   322      193.9072      158.0215    24487   18.51%
      7     4      160.6460   269      193.9072      159.4007    30425   17.80%
*    47    19      integral     0      189.2045      162.0325    39599   14.36%
*    56    20      integral     0      188.8793      162.0325    39994   14.21%
     69    21        cutoff            188.8793      162.0411    41720   14.21%
    446    33    infeasible            188.8793      163.6921    75771   13.34%
    937    63    infeasible            188.8793      164.1255   114388   13.11%
   1367    11        cutoff            188.8793      165.9069   168847   12.16%
   1384    20      169.9563   183      188.8793      165.9069   168693   12.16%
   1398     6        cutoff            188.8793      166.2616   177261   11.97%
   1413     8      179.4390    41      188.8793      166.3496   180536   11.93%
   1710     6        cutoff            188.8793      171.2508   215271    9.33%
Elapsed time = 5.25 sec. (8888.86 ticks, tree = 0.04 MB, solutions = 10)

GUB cover cuts applied:  13
Clique cuts applied:  17
Cover cuts applied:  15
Implied bound cuts applied:  126
Mixed integer rounding cuts applied:  2
Zero-half cuts applied:  48
Lift and project cuts applied:  1
Gomory fractional cuts applied:  1

Root node processing (before b&c):
  Real time             =    3.03 sec. (5554.00 ticks)
Parallel b&c, 20 threads:
  Real time             =    2.48 sec. (3964.76 ticks)
  Sync time (average)   =    1.75 sec.
  Wait time (average)   =    0.00 sec.
                          ------------
Total (root+branch&cut) =    5.52 sec. (9518.76 ticks)
Feasible solution found!
Truck nodes:
Stage 1 at customer 0 with arrival time is: 0
Stage 1 at customer 0 with departure time is: 0
Stage 2 at customer 1 with arrival time is: 22.3063
Stage 2 at customer 1 with departure time is: 22.3063
Stage 3 at customer 2 with arrival time is: 67.5793
Stage 3 at customer 2 with departure time is: 67.5793
Stage 4 at customer 3 with arrival time is: 74.4678
Stage 4 at customer 3 with departure time is: 74.4678
Stage 5 at customer 9 with arrival time is: 107.956
Stage 5 at customer 9 with departure time is: 108.956
Stage 6 at customer 4 with arrival time is: 122.792
Stage 6 at customer 4 with departure time is: 128.733
Stage 7 at customer 6 with arrival time is: 143.401
Stage 7 at customer 6 with departure time is: 148.34
Stage 8 at customer 5 with arrival time is: 152.19
Stage 8 at customer 5 with departure time is: 162.263
Stage 9 at customer 11 with arrival time is: 188.879
Stage 9 at customer 11 with departure time is: 188.879
Truck arcs:
Arc 1 connecting 0 and 1 with cost 22.3063 
Arc 2 connecting 1 and 2 with cost 45.273 
Arc 3 connecting 2 and 3 with cost 6.88852 
Arc 4 connecting 3 and 9 with cost 33.4886 
Arc 5 connecting 9 and 4 with cost 13.8357 
Arc 6 connecting 4 and 6 with cost 14.6674 
Arc 7 connecting 6 and 5 with cost 3.85033 
Arc 8 connecting 5 and 11 with cost 26.6158 
Customer 7 served by drone.
Drone fly from 6 at stage 7 to serve 7 and then fly back to 5 at stage 8. 
Truck arcs during this sortie: 6--->5
Truck travel time from stage 7 to 8 is: 3.85033
Total drone travel time: 12.9239
Drone arrival time: 161.263
Truck arrival time: 152.19
Truck departure time = max(d/a, t/a) plus (sl/sr): 162.263
Customer 8 served by drone.
Drone fly from 4 at stage 6 to serve 8 and then fly back to 6 at stage 7. 
Truck arcs during this sortie: 4--->6
Truck travel time from stage 6 to 7 is: 14.6674
Total drone travel time: 17.6063
Drone arrival time: 146.34
Truck arrival time: 143.401
Truck departure time = max(d/a, t/a) plus (sl/sr): 148.34
Customer 10 served by drone.
Drone fly from 9 at stage 5 to serve 10 and then fly back to 4 at stage 6. 
Truck arcs during this sortie: 9--->4
Truck travel time from stage 5 to 6 is: 13.8357
Total drone travel time: 17.7769
Drone arrival time: 126.733
Truck arrival time: 122.792
Truck departure time = max(d/a, t/a) plus (sl/sr): 128.733
Done!
-------------------------Re-calculated objective-----------------------
188.879
------------------------------------------------------------------------
Solve time: 5.519
OBJECTIVE VALUE: 188.879, NUMBER OF SORTIES: 3.
Number of revisit: 0
In write mode
