Instance name: /home/cuong/CLionProjects/uMV-FSTSP/50_dis_rand_ins/v24
Write arg val: 1

drone speed: 1 miles/minute
uav non-eligible customer: 11 
Printing tau:
0 24.5149 56.0428 36.4905 43.0054 54.5225 49.4829 53.6569 72.8433 97.5426 92.5684 0 
24.5149 0 49.5867 54.9576 31.6048 43.122 38.0823 42.2563 48.3284 86.142 81.1679 24.5149 
56.0428 49.5867 0 19.5524 27.655 33.9584 38.7223 78.4552 97.9151 41.4998 36.5256 56.0428 
36.4905 54.9576 19.5524 0 33.026 39.3293 44.0932 83.8262 103.286 61.0521 56.078 36.4905 
43.0054 31.6048 27.655 33.026 0 11.5172 11.0673 50.8002 70.26 54.5372 49.5631 43.0054 
54.5225 43.122 33.9584 39.3293 11.5172 0 5.03968 44.4969 63.9567 43.02 38.0459 54.5225 
49.4829 38.0823 38.7223 44.0932 11.0673 5.03968 0 39.7329 59.1928 48.0597 43.0856 49.4829 
53.6569 42.2563 78.4552 83.8262 50.8002 44.4969 39.7329 0 19.4598 56.1444 58.8987 53.6569 
72.8433 48.3284 97.9151 103.286 70.26 63.9567 59.1928 19.4598 0 75.6042 78.3586 72.8433 
97.5426 86.142 41.4998 61.0521 54.5372 43.02 48.0597 56.1444 75.6042 0 4.97412 97.5426 
92.5684 81.1679 36.5256 56.078 49.5631 38.0459 43.0856 58.8987 78.3586 4.97412 0 92.5684 
0 0 0 0 0 0 0 0 0 0 0 0 
Printing tau_prime:
0 7.16905 16.2799 12.6011 11.4241 14.6482 13.6112 20.0701 23.511 25.8752 24.5894 0 
7.16905 0 17.6922 16.0197 10.2006 12.1622 10.501 13.5701 16.4923 23.9596 22.9487 7.16905 
16.2799 17.6922 0 5.37665 8.10718 9.01359 10.4141 20.8132 26.0045 12.4938 10.9862 16.2799 
12.6011 16.0197 5.37665 0 8.9261 11.4726 12.189 22.6891 27.6404 17.7752 16.2728 12.6011 
11.4241 10.2006 8.10718 8.9261 0 3.48142 3.40035 13.7634 18.7376 14.5306 13.3167 11.4241 
14.6482 12.1622 9.01359 11.4726 3.48142 0 1.83891 11.8013 16.9917 11.8181 10.7871 14.6482 
13.6112 10.501 10.4141 12.189 3.40035 1.83891 0 10.5938 15.6984 13.4663 12.5041 13.6112 
20.0701 13.5701 20.8132 22.6891 13.7634 11.8013 10.5938 0 5.22537 18.8959 18.7184 20.0701 
23.511 16.4923 26.0045 27.6404 18.7376 16.9917 15.6984 5.22537 0 23.6044 23.5766 23.511 
25.8752 23.9596 12.4938 17.7752 14.5306 11.8181 13.4663 18.8959 23.6044 0 1.50768 25.8752 
24.5894 22.9487 10.9862 16.2728 13.3167 10.7871 12.5041 18.7184 23.5766 1.50768 0 24.5894 
0 0 0 0 0 0 0 0 0 0 0 0 
Warning:  Output names have been modified due to duplicate names or characters invalid in LP format.
Version identifier: 22.1.1.0 | 2022-11-28 | 9160aff4d
CPXPARAM_TimeLimit                               200
CPXPARAM_MIP_Tolerances_Integrality              0
Tried aggregator 2 times.
MIP Presolve eliminated 1204 rows and 1624 columns.
MIP Presolve modified 1798 coefficients.
Aggregator did 42 substitutions.
Reduced MIP has 1033 rows, 3110 columns, and 29377 nonzeros.
Reduced MIP has 3089 binaries, 0 generals, 0 SOSs, and 0 indicators.
Presolve time = 0.03 sec. (55.98 ticks)
Probing fixed 304 vars, tightened 0 bounds.
Probing changed sense of 4 constraints.
Probing time = 0.05 sec. (113.57 ticks)
Cover probing fixed 0 vars, tightened 45 bounds.
Tried aggregator 2 times.
MIP Presolve eliminated 80 rows and 329 columns.
MIP Presolve modified 198 coefficients.
Aggregator did 7 substitutions.
Reduced MIP has 946 rows, 2774 columns, and 23847 nonzeros.
Reduced MIP has 2753 binaries, 0 generals, 0 SOSs, and 0 indicators.
Presolve time = 0.02 sec. (38.69 ticks)
Probing time = 0.00 sec. (6.74 ticks)
Tried aggregator 2 times.
Detecting symmetries...
MIP Presolve eliminated 11 rows and 0 columns.
MIP Presolve modified 6 coefficients.
Aggregator did 2 substitutions.
Reduced MIP has 933 rows, 2772 columns, and 23832 nonzeros.
Reduced MIP has 2751 binaries, 0 generals, 0 SOSs, and 0 indicators.
Presolve time = 0.01 sec. (14.86 ticks)
Probing time = 0.00 sec. (6.79 ticks)
Clique table members: 12682.
MIP emphasis: balance optimality and feasibility.
MIP search method: dynamic search.
Parallel mode: deterministic, using up to 20 threads.
Root relaxation solution time = 0.12 sec. (163.08 ticks)

        Nodes                                         Cuts/
   Node  Left     Objective  IInf  Best Integer    Best Bound    ItCnt     Gap

      0     0      152.2072   306                    152.2072       34         
      0     0      171.9667   350                    Cuts: 47     1805         
      0     0      178.7584   345                    Cuts: 39     2596         
      0     0      182.8577   333                    Cuts: 22     3348         
      0     0      191.4086   373                    Cuts: 17     3953         
      0     0      197.4570   378                    Cuts: 15     4904         
Detecting symmetries...
      0     0      200.9781   297                 ZeroHalf: 3     5794         
      0     0      201.7614   365                     Cuts: 9     6175         
      0     0      202.2246   367                 ZeroHalf: 4     6432         
      0     0      207.4444   358                     Cuts: 6     7067         
      0     0      210.0492   378                    Cuts: 15     7493         
      0     0      210.5489   390                     Cuts: 6     7809         
      0     0      211.9114   336                     Cuts: 3     8394         
      0     0      214.7924   384                ZeroHalf: 12     9102         
      0     0      215.4114   367                     Cuts: 9     9457         
      0     0      216.4159   384                     Cuts: 3     9834         
      0     0      218.8922   345                     Cuts: 6    10847         
      0     0      220.2992   394                    Cuts: 12    11395         
      0     0      220.6466   390                    Cuts: 10    11584         
      0     0      220.7363   387                     Cuts: 2    11803         
      0     0      220.7363   387                  MIRcuts: 1    11815         
      0     0      220.7367   387                     Cuts: 2    11867         
*     0+    0                          511.2947      220.7367            56.83%
Detecting symmetries...
      0     2      220.7367   385      511.2947      220.7367    11867   56.83%
Elapsed time = 2.79 sec. (4282.74 ticks, tree = 0.02 MB, solutions = 1)
*     2+    1                          309.0930      220.7368            28.59%
      3     1    infeasible            309.0930      221.6212    13589   28.30%
*    16+    2                          295.3903      224.6299            23.95%
     18    10        cutoff            295.3903      224.6299    19970   23.95%
*    71+   16                          293.5482      224.6299            23.48%
*    83+   15                          291.2724      224.6299            22.88%
    358   129      279.5561   128      291.2724      225.3834    63588   22.62%
    839   290        cutoff            291.2724      226.9884   133887   22.07%
   1336   481      270.3968   118      291.2724      229.6499   204424   21.16%
   1512   531        cutoff            291.2724      229.6499   250371   21.16%
   1717   450      273.5407    79      291.2724      229.6499   285464   21.16%
*  2204+  387                          281.4805      229.6499            18.41%
   2443   281    infeasible            281.4805      229.6499   350842   18.41%
*  2948   230      integral     0      281.4804      229.6499   401630   18.41%
*  3007+  211                          280.1048      229.6499            18.01%
   3200    68        cutoff            280.1048      229.6499   422217   18.01%
   4275    64        cutoff            280.1048      244.5833   677865   12.68%
Elapsed time = 6.07 sec. (7405.83 ticks, tree = 0.05 MB, solutions = 10)
   4876    11      270.4142   202      280.1048      256.8261   788344    8.31%

GUB cover cuts applied:  9
Clique cuts applied:  20
Cover cuts applied:  98
Implied bound cuts applied:  8
Mixed integer rounding cuts applied:  3
Zero-half cuts applied:  51
Lift and project cuts applied:  1
Gomory fractional cuts applied:  3

Root node processing (before b&c):
  Real time             =    2.70 sec. (4203.51 ticks)
Parallel b&c, 20 threads:
  Real time             =    4.22 sec. (4601.62 ticks)
  Sync time (average)   =    1.85 sec.
  Wait time (average)   =    0.00 sec.
                          ------------
Total (root+branch&cut) =    6.92 sec. (8805.12 ticks)
Feasible solution found!
Truck nodes:
Stage 1 at customer 0 with arrival time is: 0
Stage 1 at customer 0 with departure time is: 0
Stage 2 at customer 1 with arrival time is: 24.5149
Stage 2 at customer 1 with departure time is: 24.5149
Stage 3 at customer 8 with arrival time is: 72.8433
Stage 3 at customer 8 with departure time is: 72.8433
Stage 4 at customer 7 with arrival time is: 92.3031
Stage 4 at customer 7 with departure time is: 92.3031
Stage 5 at customer 9 with arrival time is: 148.447
Stage 5 at customer 9 with departure time is: 148.447
Stage 6 at customer 10 with arrival time is: 153.422
Stage 6 at customer 10 with departure time is: 153.422
Stage 7 at customer 5 with arrival time is: 191.468
Stage 7 at customer 5 with departure time is: 192.468
Stage 8 at customer 6 with arrival time is: 197.507
Stage 8 at customer 6 with departure time is: 197.507
Stage 9 at customer 4 with arrival time is: 208.574
Stage 9 at customer 4 with departure time is: 210.588
Stage 10 at customer 3 with arrival time is: 243.614
Stage 10 at customer 3 with departure time is: 243.614
Stage 11 at customer 11 with arrival time is: 280.105
Stage 11 at customer 11 with departure time is: 280.105
Truck arcs:
Arc 1 connecting 0 and 1 with cost 24.5149 
Arc 2 connecting 1 and 8 with cost 48.3284 
Arc 3 connecting 8 and 7 with cost 19.4598 
Arc 4 connecting 7 and 9 with cost 56.1444 
Arc 5 connecting 9 and 10 with cost 4.97412 
Arc 6 connecting 10 and 5 with cost 38.0459 
Arc 7 connecting 5 and 6 with cost 5.03968 
Arc 8 connecting 6 and 4 with cost 11.0673 
Arc 9 connecting 4 and 3 with cost 33.026 
Arc 10 connecting 3 and 11 with cost 36.4905 
Customer 2 served by drone.
Drone fly from 5 at stage 7 to serve 2 and then fly back to 4 at stage 9. 
Truck arcs during this sortie: 5--->6--->4
Truck travel time from stage 7 to 9 is: 16.107
Total drone travel time: 17.1208
Drone arrival time: 209.588
Truck arrival time: 208.574
Truck departure time = max(d/a, t/a) plus (sl/sr): 210.588
Done!
-------------------------Re-calculated objective-----------------------
280.105
------------------------------------------------------------------------
Solve time: 6.924
OBJECTIVE VALUE: 280.105, NUMBER OF SORTIES: 1.
Number of revisit: 0
In write mode
