Instance name: /home/cuong/CLionProjects/uMV-FSTSP/50_dis_rand_ins/v28
Write arg val: 1

drone speed: 1 miles/minute
uav non-eligible customer: 1 6 11 
Printing tau:
0 8.18101 53.0287 52.8995 15.8623 44.2672 32.9058 33.3441 65.1126 65.6185 71.8002 0 
8.18101 0 54.2382 54.109 24.0433 52.4482 41.0868 41.4787 63.9032 73.7995 79.9812 8.18101 
53.0287 54.2382 0 0.386987 53.9142 60.3361 41.8436 86.3728 118.141 56.9921 48.012 53.0287 
52.8995 54.109 0.386987 0 53.785 60.2069 41.7145 86.2436 118.012 56.8629 47.8828 52.8995 
15.8623 24.0433 53.9142 53.785 0 28.4049 17.0434 32.4586 64.2271 49.7561 55.9378 15.8623 
44.2672 52.4482 60.3361 60.2069 28.4049 0 18.4925 26.0367 57.8052 21.3512 27.5329 44.2672 
32.9058 41.0868 41.8436 41.7145 17.0434 18.4925 0 44.5292 76.2977 32.7127 38.8944 32.9058 
33.3441 41.4787 86.3728 86.2436 32.4586 26.0367 44.5292 0 31.7685 32.3208 38.5025 33.3441 
65.1126 63.9032 118.141 118.012 64.2271 57.8052 76.2977 31.7685 0 61.1492 70.1294 65.1126 
65.6185 73.7995 56.9921 56.8629 49.7561 21.3512 32.7127 32.3208 61.1492 0 8.98013 65.6185 
71.8002 79.9812 48.012 47.8828 55.9378 27.5329 38.8944 38.5025 70.1294 8.98013 0 71.8002 
0 0 0 0 0 0 0 0 0 0 0 0 
Printing tau_prime:
0 2.1929 16.4049 16.4287 4.21268 11.897 9.21575 12.4953 18.8446 17.4314 19.0853 0 
2.1929 0 17.8776 17.9113 6.37603 14.0011 11.3797 13.9132 19.535 19.5827 21.2724 2.1929 
16.4049 17.8776 0 0.108182 14.9127 16.3335 11.0989 22.9062 31.3398 17.5637 16.5593 16.4049 
16.4287 17.9113 0.108182 0 14.9095 16.2795 11.0626 22.8705 31.3087 17.4821 16.4674 16.4287 
4.21268 6.37603 14.9127 14.9095 0 7.72209 5.53793 9.77 17.3562 13.2188 14.9151 4.21268 
11.897 14.0011 16.3335 16.2795 7.72209 0 5.75508 7.49175 15.8895 5.73061 7.99878 11.897 
9.21575 11.3797 11.0989 11.0626 5.53793 5.75508 0 11.808 20.2655 9.55918 10.4423 9.21575 
12.4953 13.9132 22.9062 22.8705 9.77 7.49175 11.808 0 8.52034 11.5822 14.4119 12.4953 
18.8446 19.535 31.3398 31.3087 17.3562 15.8895 20.2655 8.52034 0 18.9713 21.8581 18.8446 
17.4314 19.5827 17.5637 17.4821 13.2188 5.73061 9.55918 11.5822 18.9713 0 2.89086 17.4314 
19.0853 21.2724 16.5593 16.4674 14.9151 7.99878 10.4423 14.4119 21.8581 2.89086 0 19.0853 
0 0 0 0 0 0 0 0 0 0 0 0 
Warning:  Output names have been modified due to duplicate names or characters invalid in LP format.
Version identifier: 22.1.1.0 | 2022-11-28 | 9160aff4d
CPXPARAM_TimeLimit                               200
CPXPARAM_MIP_Tolerances_Integrality              0
Tried aggregator 2 times.
MIP Presolve eliminated 1189 rows and 2030 columns.
MIP Presolve modified 1779 coefficients.
Aggregator did 38 substitutions.
Reduced MIP has 994 rows, 2708 columns, and 24160 nonzeros.
Reduced MIP has 2687 binaries, 0 generals, 0 SOSs, and 0 indicators.
Presolve time = 0.02 sec. (41.88 ticks)
Probing fixed 352 vars, tightened 0 bounds.
Probing changed sense of 4 constraints.
Probing time = 0.04 sec. (83.60 ticks)
Tried aggregator 2 times.
MIP Presolve eliminated 113 rows and 357 columns.
MIP Presolve modified 172 coefficients.
Aggregator did 8 substitutions.
Reduced MIP has 873 rows, 2343 columns, and 18762 nonzeros.
Reduced MIP has 2322 binaries, 0 generals, 0 SOSs, and 0 indicators.
Presolve time = 0.01 sec. (22.24 ticks)
Probing time = 0.00 sec. (5.79 ticks)
Tried aggregator 2 times.
Detecting symmetries...
MIP Presolve eliminated 11 rows and 0 columns.
MIP Presolve modified 6 coefficients.
Aggregator did 2 substitutions.
Reduced MIP has 860 rows, 2341 columns, and 18747 nonzeros.
Reduced MIP has 2320 binaries, 0 generals, 0 SOSs, and 0 indicators.
Presolve time = 0.01 sec. (11.92 ticks)
Probing time = 0.00 sec. (6.00 ticks)
Clique table members: 11869.
MIP emphasis: balance optimality and feasibility.
MIP search method: dynamic search.
Parallel mode: deterministic, using up to 20 threads.
Root relaxation solution time = 0.10 sec. (151.37 ticks)

        Nodes                                         Cuts/
   Node  Left     Objective  IInf  Best Integer    Best Bound    ItCnt     Gap

      0     0      138.0357   408                    138.0357       34         
      0     0      152.8293   330                    Cuts: 52     1113         
      0     0      156.6702   341                    Cuts: 20     2037         
      0     0      161.1469   308                    Cuts: 30     2561         
      0     0      161.3493   311                    Cuts: 10     2910         
      0     0      161.6574   291                    Cuts: 10     3241         
Detecting symmetries...
      0     0      168.3221   262                    Cuts: 12     3882         
      0     0      169.3201   315                    Cuts: 14     4417         
      0     0      169.9371   360                    Cuts: 14     5251         
*     0+    0                        48100.3298      171.4363            99.64%
      0     0      178.8760   322    48100.3298       Cuts: 6     6612   99.63%
*     0+    0                          424.5561      178.8760            57.87%
*     0+    0                          327.3307      178.8760            45.35%
      0     0  -1.00000e+75     0      327.3307      178.8760     6612   45.35%
      0     0      185.0576   296      327.3307      Cuts: 17     7652   43.46%
      0     0      185.5133   340      327.3307      Cuts: 13     8518   43.33%
      0     0      188.6159   383      327.3307      Cuts: 10     9308   42.38%
      0     0      212.9046   265      327.3307       Cuts: 6    10840   34.96%
      0     0      213.8790   338      327.3307      Cuts: 17    11844   34.66%
      0     0      214.3662   272      327.3307      Cuts: 13    13151   34.51%
      0     0      214.4817   278      327.3307       Cuts: 6    13849   34.48%
*     0+    0                          318.0338      214.4817            32.56%
      0     0      214.5126   316      318.0338       Cuts: 3    13958   32.55%
*     0+    0                          292.1357      214.5126            26.57%
*     0+    0                          291.9941      214.5126            26.54%
      0     0      214.5201   323      291.9941       Cuts: 2    14140   26.53%
*     0+    0                          290.5864      214.5201            26.18%
*     0+    0                          290.3236      215.7992            25.67%
*     0+    0                          276.8078      215.7992            22.04%
      0     0  -1.00000e+75     0      276.8078      215.7992    14141   22.04%
Detecting symmetries...
      0     2      214.5201   317      276.8078      215.7992    14141   22.04%
Elapsed time = 1.91 sec. (3043.60 ticks, tree = 0.02 MB, solutions = 9)
     21    14        cutoff            276.8078      215.7992    19418   22.04%
    278    65      271.8439   147      276.8078      217.7029    50551   21.35%
    684   159      241.4737    97      276.8078      218.1639    99609   21.19%
    774   182      267.3451   147      276.8078      218.9518   123587   20.90%
   1351   283        cutoff            276.8078      218.9518   160129   20.90%
   2033   583        cutoff            276.8078      221.8233   220210   19.86%
   2266   800        cutoff            276.8078      223.0833   271891   19.41%
   2822   859    infeasible            276.8078      223.0833   307482   19.41%
   3393  1227      254.1144    84      276.8078      223.1167   390353   19.40%
*  3984+ 1301                          276.5550      223.1167            19.32%
*  5094+ 1851                          276.0338      230.7968            16.39%
   5560  2023      263.8649   163      276.0338      230.7968   594027   16.39%
Elapsed time = 4.88 sec. (6151.23 ticks, tree = 5.93 MB, solutions = 12)

Performing restart 1

Repeating presolve.
Tried aggregator 2 times.
MIP Presolve eliminated 35 rows and 200 columns.
MIP Presolve modified 5389 coefficients.
Aggregator did 7 substitutions.
Reduced MIP has 818 rows, 2134 columns, and 14276 nonzeros.
Reduced MIP has 2113 binaries, 0 generals, 0 SOSs, and 0 indicators.
Presolve time = 0.02 sec. (24.20 ticks)
Tried aggregator 2 times.
MIP Presolve eliminated 2 rows and 6 columns.
MIP Presolve modified 32 coefficients.
Aggregator did 1 substitutions.
Reduced MIP has 815 rows, 2127 columns, and 14217 nonzeros.
Reduced MIP has 2106 binaries, 0 generals, 0 SOSs, and 0 indicators.
Presolve time = 0.01 sec. (11.52 ticks)
Represolve time = 0.07 sec. (106.93 ticks)
   7114     0      216.7881   328      276.0338      Cuts: 24   804321   10.40%
   7114     0      216.9604   315      276.0338      Cuts: 17   804832   10.40%
   7114     0      217.3770   363      276.0338      Cuts: 16   805967   10.40%
   7114     0      217.4451   353      276.0338      Cuts: 33   806750   10.40%
   7114     0      217.4476   376      276.0338      Cuts: 20   807240   10.40%
   7114     0      217.4509   381      276.0338      Cuts: 14   807408   10.40%
   7114     2      217.4509   380      276.0338      247.3277   807408   10.40%
   7150     4      275.1434   104      276.0338      247.3277   812037   10.40%
   7227     6      268.5921    71      276.0338      247.3277   826419   10.40%
*  7611    14      integral     0      270.1727      247.3277   878171    8.46%
   7660     5        cutoff            270.1727      247.3277   885301    8.46%
   7748     7        cutoff            270.1727      247.3277   900206    8.46%
   8369    54      266.8823    63      270.1727      247.3277   969311    8.46%
   8826    26        cutoff            270.1727      247.3277  1030144    8.46%
   9306    57      266.8578    42      270.1727      247.3277  1091874    8.46%

GUB cover cuts applied:  6
Clique cuts applied:  13
Cover cuts applied:  4
Implied bound cuts applied:  1
Zero-half cuts applied:  32
Lift and project cuts applied:  5
Gomory fractional cuts applied:  5

Root node processing (before b&c):
  Real time             =    1.86 sec. (2966.95 ticks)
Parallel b&c, 20 threads:
  Real time             =   12.21 sec. (15443.33 ticks)
  Sync time (average)   =    5.22 sec.
  Wait time (average)   =    0.01 sec.
                          ------------
Total (root+branch&cut) =   14.07 sec. (18410.28 ticks)
Feasible solution found!
Truck nodes:
Stage 1 at customer 0 with arrival time is: 0
Stage 1 at customer 0 with departure time is: 0
Stage 2 at customer 1 with arrival time is: 8.18101
Stage 2 at customer 1 with departure time is: 8.18101
Stage 3 at customer 8 with arrival time is: 72.0842
Stage 3 at customer 8 with departure time is: 72.0842
Stage 4 at customer 7 with arrival time is: 103.853
Stage 4 at customer 7 with departure time is: 103.853
Stage 5 at customer 9 with arrival time is: 136.174
Stage 5 at customer 9 with departure time is: 136.174
Stage 6 at customer 10 with arrival time is: 145.154
Stage 6 at customer 10 with departure time is: 145.154
Stage 7 at customer 3 with arrival time is: 193.036
Stage 7 at customer 3 with departure time is: 193.036
Stage 8 at customer 2 with arrival time is: 193.423
Stage 8 at customer 2 with departure time is: 193.423
Stage 9 at customer 6 with arrival time is: 235.267
Stage 9 at customer 6 with departure time is: 236.267
Stage 10 at customer 4 with arrival time is: 253.31
Stage 10 at customer 4 with departure time is: 254.31
Stage 11 at customer 11 with arrival time is: 270.173
Stage 11 at customer 11 with departure time is: 270.173
Truck arcs:
Arc 1 connecting 0 and 1 with cost 8.18101 
Arc 2 connecting 1 and 8 with cost 63.9032 
Arc 3 connecting 8 and 7 with cost 31.7685 
Arc 4 connecting 7 and 9 with cost 32.3208 
Arc 5 connecting 9 and 10 with cost 8.98013 
Arc 6 connecting 10 and 3 with cost 47.8828 
Arc 7 connecting 3 and 2 with cost 0.386987 
Arc 8 connecting 2 and 6 with cost 41.8436 
Arc 9 connecting 6 and 4 with cost 17.0434 
Arc 10 connecting 4 and 11 with cost 15.8623 
Customer 5 served by drone.
Drone fly from 6 at stage 9 to serve 5 and then fly back to 4 at stage 10. 
Truck arcs during this sortie: 6--->4
Truck travel time from stage 9 to 10 is: 17.0434
Total drone travel time: 13.4772
Drone arrival time: 249.744
Truck arrival time: 253.31
Truck departure time = max(d/a, t/a) plus (sl/sr): 254.31
Done!
-------------------------Re-calculated objective-----------------------
270.173
------------------------------------------------------------------------
Solve time: 14.071
OBJECTIVE VALUE: 270.173, NUMBER OF SORTIES: 1.
Number of revisit: 0
In write mode
