Instance name: /home/cuong/CLionProjects/uMV-FSTSP/50_dis_rand_ins/v49
Write arg val: 1

drone speed: 1 miles/minute
uav non-eligible customer: 3 11 
Printing tau:
0 12.9813 65.6897 49.4335 18.9352 26.9756 32.074 36.1261 34.1315 83.4413 62.923 0 
12.9813 0 52.7084 48.3914 28.1453 36.1857 41.2841 49.1074 43.3417 92.6514 72.1331 12.9813 
65.6897 52.7084 0 16.2561 54.194 65.3802 73.7763 101.816 93.5648 56.6032 55.0983 65.6897 
49.4335 48.3914 16.2561 0 37.9379 49.1241 57.5202 85.5596 77.3087 44.26 38.8422 49.4335 
18.9352 28.1453 54.194 37.9379 0 11.1862 19.5823 47.6217 39.3708 64.5061 43.9878 18.9352 
26.9756 36.1857 65.3802 49.1241 11.1862 0 8.39609 36.4355 28.1845 56.4657 35.9475 26.9756 
32.074 41.2841 73.7763 57.5202 19.5823 8.39609 0 28.0395 19.7885 51.3673 30.8491 32.074 
36.1261 49.1074 101.816 85.5596 47.6217 36.4355 28.0395 0 15.3978 64.7076 46.7175 36.1261 
34.1315 43.3417 93.5648 77.3087 39.3708 28.1845 19.7885 15.3978 0 49.3097 38.4665 34.1315 
83.4413 92.6514 56.6032 44.26 64.5061 56.4657 51.3673 64.7076 49.3097 0 20.5183 83.4413 
62.923 72.1331 55.0983 38.8422 43.9878 35.9475 30.8491 46.7175 38.4665 20.5183 0 62.923 
0 0 0 0 0 0 0 0 0 0 0 0 
Printing tau_prime:
0 4.22054 19.6951 16.7261 5.87381 7.15344 8.77104 10.7908 11.6853 22.2565 16.9197 0 
4.22054 0 18.1849 16.0649 7.47354 10.1665 12.2901 14.9822 15.794 24.5896 19.1377 4.22054 
19.6951 18.1849 0 4.47386 14.9634 17.456 19.575 27.3265 24.8105 19.8132 16.4196 19.6951 
16.7261 16.0649 4.47386 0 11.4027 13.4221 15.3683 23.3263 20.5432 15.8808 12.0712 16.7261 
5.87381 7.47354 14.9634 11.4027 0 3.65292 6.25303 12.6277 11.1904 17.1167 11.6665 5.87381 
7.15344 10.1665 17.456 13.4221 3.65292 0 2.60467 9.90553 7.71068 15.1525 9.91426 7.15344 
8.77104 12.2901 19.575 15.3683 6.25303 2.60467 0 8.23368 5.2755 14.3619 9.56262 8.77104 
10.7908 14.9822 27.3265 23.3263 12.6277 9.90553 8.23368 0 4.63221 20.9317 17.0516 10.7908 
11.6853 15.794 24.8105 20.5432 11.1904 7.71068 5.2755 4.63221 0 16.3407 12.7407 11.6853 
22.2565 24.5896 19.8132 15.8808 17.1167 15.1525 14.3619 20.9317 16.3407 0 5.45534 22.2565 
16.9197 19.1377 16.4196 12.0712 11.6665 9.91426 9.56262 17.0516 12.7407 5.45534 0 16.9197 
0 0 0 0 0 0 0 0 0 0 0 0 
Warning:  Output names have been modified due to duplicate names or characters invalid in LP format.
Version identifier: 22.1.1.0 | 2022-11-28 | 9160aff4d
CPXPARAM_TimeLimit                               200
CPXPARAM_MIP_Tolerances_Integrality              0
Tried aggregator 2 times.
MIP Presolve eliminated 1193 rows and 1822 columns.
MIP Presolve modified 1799 coefficients.
Aggregator did 40 substitutions.
Reduced MIP has 1023 rows, 2914 columns, and 26673 nonzeros.
Reduced MIP has 2893 binaries, 0 generals, 0 SOSs, and 0 indicators.
Presolve time = 0.02 sec. (45.64 ticks)
Probing fixed 359 vars, tightened 0 bounds.
Probing changed sense of 4 constraints.
Probing time = 0.04 sec. (89.76 ticks)
Cover probing fixed 0 vars, tightened 2 bounds.
Tried aggregator 2 times.
MIP Presolve eliminated 88 rows and 372 columns.
MIP Presolve modified 206 coefficients.
Aggregator did 13 substitutions.
Reduced MIP has 922 rows, 2529 columns, and 20991 nonzeros.
Reduced MIP has 2508 binaries, 0 generals, 0 SOSs, and 0 indicators.
Presolve time = 0.01 sec. (25.05 ticks)
Probing time = 0.00 sec. (7.04 ticks)
Tried aggregator 2 times.
Detecting symmetries...
MIP Presolve eliminated 11 rows and 0 columns.
MIP Presolve modified 6 coefficients.
Aggregator did 2 substitutions.
Reduced MIP has 909 rows, 2527 columns, and 20976 nonzeros.
Reduced MIP has 2506 binaries, 0 generals, 0 SOSs, and 0 indicators.
Presolve time = 0.01 sec. (13.26 ticks)
Probing time = 0.01 sec. (6.91 ticks)
Clique table members: 11281.
MIP emphasis: balance optimality and feasibility.
MIP search method: dynamic search.
Parallel mode: deterministic, using up to 20 threads.
Root relaxation solution time = 0.17 sec. (200.40 ticks)

        Nodes                                         Cuts/
   Node  Left     Objective  IInf  Best Integer    Best Bound    ItCnt     Gap

      0     0      140.0029   220                    140.0029       86         
      0     0      165.4192   192                    Cuts: 33     2510         
      0     0      165.9480   232                    Cuts: 29     3112         
      0     0      166.9107   256                    Cuts: 22     3937         
      0     0      167.1010   241                    Cuts: 15     4549         
*     0+    0                          380.4637      167.1010            56.08%
      0     0      169.3527   272      380.4637      Cuts: 15     5424   55.49%
*     0+    0                          319.7458      169.3527            47.04%
*     0+    0                          278.7092      169.3527            39.24%
Detecting symmetries...
*     0+    0                          238.5486      169.3527            29.01%
      0     0      170.2125   276      238.5486      Cuts: 20     5818   28.65%
      0     0      170.9612   279      238.5486      Cuts: 15     6152   28.33%
      0     0      171.5977   296      238.5486      Cuts: 12     6520   28.07%
      0     0      171.7104   296      238.5486       Cuts: 4     6620   28.02%
      0     0      172.5465   291      238.5486       Cuts: 9     6978   27.67%
      0     0      172.8749   241      238.5486       Cuts: 6     7233   27.53%
      0     0      173.1091   284      238.5486      Cuts: 12     7595   26.09%
      0     0      173.1094   297      238.5486       Cuts: 3     7607   26.09%
Detecting symmetries...
      0     2      173.1094   293      238.5486      182.0096     7613   23.70%
Elapsed time = 1.64 sec. (2607.39 ticks, tree = 0.02 MB, solutions = 4)
      6     6      199.2921   232      238.5486      182.0096    10399   23.70%
    121     7      208.1347   122      238.5486      182.0096    26755   23.70%
*   348    25      integral     0      235.6357      184.6679    48418   21.63%
    551    25      199.7059    97      235.6357      184.7142    72572   21.61%
*   653+   34                          234.6357      187.2574            20.19%
    994   132      196.0544   137      234.6357      187.2574   119527   20.19%
   1617    94      226.2270   123      234.6357      189.8628   171029   19.08%
   2551   209        cutoff            234.6357      189.8628   274266   19.08%
   3014   154    infeasible            234.6357      194.5182   329585   17.10%
   3373    19      227.9618    63      234.6357      200.0579   364286   14.74%

GUB cover cuts applied:  8
Clique cuts applied:  18
Cover cuts applied:  33
Implied bound cuts applied:  70
Flow cuts applied:  1
Mixed integer rounding cuts applied:  2
Zero-half cuts applied:  20
Lift and project cuts applied:  1
Gomory fractional cuts applied:  1

Root node processing (before b&c):
  Real time             =    1.60 sec. (2556.27 ticks)
Parallel b&c, 20 threads:
  Real time             =    2.09 sec. (2103.34 ticks)
  Sync time (average)   =    1.12 sec.
  Wait time (average)   =    0.00 sec.
                          ------------
Total (root+branch&cut) =    3.69 sec. (4659.61 ticks)
Feasible solution found!
Truck nodes:
Stage 1 at customer 0 with arrival time is: 0
Stage 1 at customer 0 with departure time is: 0
Stage 2 at customer 4 with arrival time is: 18.9352
Stage 2 at customer 4 with departure time is: 20.9352
Stage 3 at customer 5 with arrival time is: 32.1214
Stage 3 at customer 5 with departure time is: 41.8363
Stage 4 at customer 6 with arrival time is: 50.2324
Stage 4 at customer 6 with departure time is: 60.9755
Stage 5 at customer 10 with arrival time is: 91.8246
Stage 5 at customer 10 with departure time is: 91.8246
Stage 6 at customer 9 with arrival time is: 112.343
Stage 6 at customer 9 with departure time is: 112.343
Stage 7 at customer 2 with arrival time is: 168.946
Stage 7 at customer 2 with departure time is: 168.946
Stage 8 at customer 3 with arrival time is: 185.202
Stage 8 at customer 3 with departure time is: 185.202
Stage 9 at customer 11 with arrival time is: 234.636
Stage 9 at customer 11 with departure time is: 234.636
Truck arcs:
Arc 1 connecting 0 and 4 with cost 18.9352 
Arc 2 connecting 4 and 5 with cost 11.1862 
Arc 3 connecting 5 and 6 with cost 8.39609 
Arc 4 connecting 6 and 10 with cost 30.8491 
Arc 5 connecting 10 and 9 with cost 20.5183 
Arc 6 connecting 9 and 2 with cost 56.6032 
Arc 7 connecting 2 and 3 with cost 16.2561 
Arc 8 connecting 3 and 11 with cost 49.4335 
Customer 1 served by drone.
Drone fly from 0 at stage 1 to serve 1 and then fly back to 4 at stage 2. 
Truck arcs during this sortie: 0--->4
Truck travel time from stage 1 to 2 is: 18.9352
Total drone travel time: 11.6941
Drone arrival time: 11.6941
Truck arrival time: 18.9352
Truck departure time = max(d/a, t/a) plus (sl/sr): 20.9352
Customer 7 served by drone.
Drone fly from 5 at stage 3 to serve 7 and then fly back to 6 at stage 4. 
Truck arcs during this sortie: 5--->6
Truck travel time from stage 3 to 4 is: 8.39609
Total drone travel time: 18.1392
Drone arrival time: 59.9755
Truck arrival time: 50.2324
Truck departure time = max(d/a, t/a) plus (sl/sr): 60.9755
Customer 8 served by drone.
Drone fly from 4 at stage 2 to serve 8 and then fly back to 5 at stage 3. 
Truck arcs during this sortie: 4--->5
Truck travel time from stage 2 to 3 is: 11.1862
Total drone travel time: 18.9011
Drone arrival time: 39.8363
Truck arrival time: 32.1214
Truck departure time = max(d/a, t/a) plus (sl/sr): 41.8363
Done!
-------------------------Re-calculated objective-----------------------
234.636
------------------------------------------------------------------------
Solve time: 3.691
OBJECTIVE VALUE: 234.636, NUMBER OF SORTIES: 3.
Number of revisit: 0
In write mode
