Instance name: /home/cuong/CLionProjects/uMV-FSTSP/50_dis_rand_ins/v6
Write arg val: 1

drone speed: 1 miles/minute
uav non-eligible customer: 1 9 11 
Printing tau:
0 15.4871 54.1758 60.5421 38.4623 48.7859 56.5296 46.3234 50.245 82.2381 83.1682 0 
15.4871 0 43.4921 45.055 46.1366 56.4601 64.2039 53.9976 57.9193 89.9123 90.8424 15.4871 
54.1758 43.4921 0 6.36628 51.6014 59.6076 54.0352 90.0666 85.5711 46.4202 47.3504 54.1758 
60.5421 45.055 6.36628 0 57.9676 65.9739 60.4015 96.4329 91.9374 49.2236 47.2979 60.5421 
38.4623 46.1366 51.6014 57.9676 0 10.3236 18.0673 38.4652 33.9697 43.7757 44.7059 38.4623 
48.7859 56.4601 59.6076 65.9739 10.3236 0 7.74373 30.459 25.9635 33.4522 34.3823 48.7859 
56.5296 64.2039 54.0352 60.4015 18.0673 7.74373 0 36.0314 31.5359 25.7084 26.6386 56.5296 
46.3234 53.9976 90.0666 96.4329 38.4652 30.459 36.0314 0 4.4955 47.2092 52.7528 46.3234 
50.245 57.9193 85.5711 91.9374 33.9697 25.9635 31.5359 4.4955 0 42.7137 48.2573 50.245 
82.2381 89.9123 46.4202 49.2236 43.7757 33.4522 25.7084 47.2092 42.7137 0 5.54352 82.2381 
83.1682 90.8424 47.3504 47.2979 44.7059 34.3823 26.6386 52.7528 48.2573 5.54352 0 83.1682 
0 0 0 0 0 0 0 0 0 0 0 0 
Printing tau_prime:
0 4.58318 17.2213 18.6598 10.2217 13.0162 14.9897 15.5388 15.7103 22.0122 22.502 0 
4.58318 0 15.4352 16.6148 12.7039 15.9658 17.5042 19.764 19.759 23.8672 24.091 4.58318 
17.2213 15.4352 0 1.68817 13.7008 16.1756 15.3448 24.0444 23.0107 16.7529 15.9857 17.2213 
18.6598 16.6148 1.68817 0 15.3864 17.826 16.9273 25.7204 24.6748 17.9314 17.0719 18.6598 
10.2217 12.7039 13.7008 15.3864 0 3.46419 4.83409 10.4105 9.53406 11.8371 12.4451 10.2217 
13.0162 15.9658 16.1756 17.826 3.46419 0 2.52974 8.10301 6.89548 9.92022 10.8658 13.0162 
14.9897 17.5042 15.3448 16.9273 4.83409 2.52974 0 9.93016 8.52664 7.43347 8.33993 14.9897 
15.5388 19.764 24.0444 25.7204 10.4105 8.10301 9.93016 0 1.58188 15.729 17.0623 15.5388 
15.7103 19.759 23.0107 24.6748 9.53406 6.89548 8.52664 1.58188 0 14.151 15.4905 15.7103 
22.0122 23.8672 16.7529 17.9314 11.8371 9.92022 7.43347 15.729 14.151 0 1.4905 22.0122 
22.502 24.091 15.9857 17.0719 12.4451 10.8658 8.33993 17.0623 15.4905 1.4905 0 22.502 
0 0 0 0 0 0 0 0 0 0 0 0 
Warning:  Output names have been modified due to duplicate names or characters invalid in LP format.
Version identifier: 22.1.1.0 | 2022-11-28 | 9160aff4d
CPXPARAM_TimeLimit                               200
CPXPARAM_MIP_Tolerances_Integrality              0
Tried aggregator 2 times.
MIP Presolve eliminated 1177 rows and 1811 columns.
MIP Presolve modified 2095 coefficients.
Aggregator did 38 substitutions.
Reduced MIP has 994 rows, 2927 columns, and 27351 nonzeros.
Reduced MIP has 2906 binaries, 0 generals, 0 SOSs, and 0 indicators.
Presolve time = 0.03 sec. (47.46 ticks)
Probing fixed 211 vars, tightened 0 bounds.
Probing changed sense of 4 constraints.
Probing time = 0.05 sec. (109.22 ticks)
Tried aggregator 2 times.
Detecting symmetries...
MIP Presolve eliminated 86 rows and 213 columns.
MIP Presolve modified 122 coefficients.
Aggregator did 2 substitutions.
Reduced MIP has 906 rows, 2712 columns, and 23942 nonzeros.
Reduced MIP has 2691 binaries, 0 generals, 0 SOSs, and 0 indicators.
Presolve time = 0.02 sec. (25.69 ticks)
Probing time = 0.00 sec. (5.89 ticks)
Clique table members: 10250.
MIP emphasis: balance optimality and feasibility.
MIP search method: dynamic search.
Parallel mode: deterministic, using up to 20 threads.
Root relaxation solution time = 0.10 sec. (159.52 ticks)

        Nodes                                         Cuts/
   Node  Left     Objective  IInf  Best Integer    Best Bound    ItCnt     Gap

      0     0      146.8973   237                    146.8973       31         
*     0+    0                        45688.6494      146.8973            99.68%
      0     0      185.6733   220    45688.6494      Cuts: 29     1874   99.59%
      0     0      186.8405   145    45688.6494      Cuts: 39     2398   99.59%
      0     0      187.2003   221    45688.6494      Cuts: 22     3460   99.59%
*     0+    0                          344.9667      187.2003            45.73%
*     0+    0                          311.7428      187.2003            39.95%
      0     0      190.6883   227      311.7428      Cuts: 24     4253   38.83%
      0     0      190.7744   212      311.7428      Cuts: 10     4476   38.80%
Detecting symmetries...
      0     0      191.0175   206      311.7428      Cuts: 13     4869   38.73%
      0     0      191.4411   202      311.7428      Cuts: 19     5378   38.59%
*     0+    0                          234.2362      191.4411            18.27%
      0     0      191.5633   299      234.2362      Cuts: 13     6797   17.78%
*     0+    0                          232.9957      192.5860            17.34%
      0     0      193.0625   243      232.9957      Cuts: 24     7459   17.14%
      0     0      193.0625   230      232.9957       Cuts: 4     7573   17.14%
      0     0      193.0625   237      232.9957       Cuts: 9     7712   17.14%
*     0+    0                          228.1023      193.0625            15.36%
      0     0      193.1284   157      228.1023       Cuts: 7     7953   15.33%
      0     0      193.1395   180      228.1023       Cuts: 7     8234   15.33%
*     0+    0                          227.2391      193.1395            15.01%
*     0+    0                          226.7120      193.1395            14.81%
Detecting symmetries...
      0     2      193.1395   128      226.7120      193.1395     8234   14.81%
Elapsed time = 1.61 sec. (2721.14 ticks, tree = 0.02 MB, solutions = 8)
      4     3      193.6826   253      226.7120      193.4351    10884   14.68%
     70     5      216.0027    99      226.7120      195.6374    19915   13.71%
    443    71        cutoff            226.7120      197.4714    59181   12.90%
    821    15      209.3723   146      226.7120      197.4714    95173   12.90%
*  1116+   18                          220.2932      197.4863            10.35%
   1285    13    infeasible            220.2932      197.4863   128749   10.35%
   1739    83      204.8331    64      220.2932      198.6606   165520    9.82%
   2219   201        cutoff            220.2932      198.6606   222050    9.82%
   3214   161        cutoff            220.2932      200.7114   261419    8.89%
   3787    18      219.1803   150      220.2932      210.8965   340684    4.27%

GUB cover cuts applied:  4
Clique cuts applied:  19
Cover cuts applied:  58
Implied bound cuts applied:  87
Flow cuts applied:  2
Mixed integer rounding cuts applied:  2
Zero-half cuts applied:  32
Lift and project cuts applied:  2
Gomory fractional cuts applied:  7

Root node processing (before b&c):
  Real time             =    1.58 sec. (2669.81 ticks)
Parallel b&c, 20 threads:
  Real time             =    1.95 sec. (2344.54 ticks)
  Sync time (average)   =    1.03 sec.
  Wait time (average)   =    0.00 sec.
                          ------------
Total (root+branch&cut) =    3.53 sec. (5014.35 ticks)
Feasible solution found!
Truck nodes:
Stage 1 at customer 0 with arrival time is: 0
Stage 1 at customer 0 with departure time is: 0
Stage 2 at customer 1 with arrival time is: 15.4871
Stage 2 at customer 1 with departure time is: 15.4871
Stage 3 at customer 2 with arrival time is: 58.9792
Stage 3 at customer 2 with departure time is: 58.9792
Stage 4 at customer 3 with arrival time is: 65.3455
Stage 4 at customer 3 with departure time is: 65.3455
Stage 5 at customer 10 with arrival time is: 112.643
Stage 5 at customer 10 with departure time is: 112.643
Stage 6 at customer 9 with arrival time is: 118.187
Stage 6 at customer 9 with departure time is: 118.187
Stage 7 at customer 6 with arrival time is: 143.895
Stage 7 at customer 6 with departure time is: 144.895
Stage 8 at customer 5 with arrival time is: 152.639
Stage 8 at customer 5 with departure time is: 162.317
Stage 9 at customer 4 with arrival time is: 172.641
Stage 9 at customer 4 with departure time is: 181.831
Stage 10 at customer 11 with arrival time is: 220.293
Stage 10 at customer 11 with departure time is: 220.293
Truck arcs:
Arc 1 connecting 0 and 1 with cost 15.4871 
Arc 2 connecting 1 and 2 with cost 43.4921 
Arc 3 connecting 2 and 3 with cost 6.36628 
Arc 4 connecting 3 and 10 with cost 47.2979 
Arc 5 connecting 10 and 9 with cost 5.54352 
Arc 6 connecting 9 and 6 with cost 25.7084 
Arc 7 connecting 6 and 5 with cost 7.74373 
Arc 8 connecting 5 and 4 with cost 10.3236 
Arc 9 connecting 4 and 11 with cost 38.4623 
Customer 7 served by drone.
Drone fly from 5 at stage 8 to serve 7 and then fly back to 4 at stage 9. 
Truck arcs during this sortie: 5--->4
Truck travel time from stage 8 to 9 is: 10.3236
Total drone travel time: 18.5135
Drone arrival time: 180.831
Truck arrival time: 172.641
Truck departure time = max(d/a, t/a) plus (sl/sr): 181.831
Customer 8 served by drone.
Drone fly from 6 at stage 7 to serve 8 and then fly back to 5 at stage 8. 
Truck arcs during this sortie: 6--->5
Truck travel time from stage 7 to 8 is: 7.74373
Total drone travel time: 15.4221
Drone arrival time: 160.317
Truck arrival time: 152.639
Truck departure time = max(d/a, t/a) plus (sl/sr): 162.317
Done!
-------------------------Re-calculated objective-----------------------
220.293
------------------------------------------------------------------------
Solve time: 3.533
OBJECTIVE VALUE: 220.293, NUMBER OF SORTIES: 2.
Number of revisit: 0
In write mode
