Instance name: /home/cuong/CLionProjects/uMV-FSTSP/50_dis_rand_ins/v62
Write arg val: 1

drone speed: 1 miles/minute
uav non-eligible customer: 5 11 
Printing tau:
0 11.2695 60.1543 55.4199 48.2509 54.2142 45.3035 50.0415 52.6882 106.958 81.4954 0 
11.2695 0 48.8849 55.4941 36.9814 42.9448 34.034 45.4604 41.4187 95.6881 70.2259 11.2695 
60.1543 48.8849 0 26.8629 38.0144 28.1591 23.8381 74.0916 62.8698 46.8033 31.7214 60.1543 
55.4199 55.4941 26.8629 0 64.8773 55.022 50.701 100.954 89.7327 51.8904 58.5844 55.4199 
48.2509 36.9814 38.0144 64.8773 0 9.85529 14.1763 36.0772 24.8554 58.7067 33.2445 48.2509 
54.2142 42.9448 28.1591 55.022 9.85529 0 8.91074 45.9324 34.7107 52.7434 27.2812 54.2142 
45.3035 34.034 23.8381 50.701 14.1763 8.91074 0 50.2535 39.0317 61.6541 36.1919 45.3035 
50.0415 45.4604 74.0916 100.954 36.0772 45.9324 50.2535 0 16.6913 70.9607 45.4986 50.0415 
52.6882 41.4187 62.8698 89.7327 24.8554 34.7107 39.0317 16.6913 0 54.2694 31.1484 52.6882 
106.958 95.6881 46.8033 51.8904 58.7067 52.7434 61.6541 70.9607 54.2694 0 25.4622 106.958 
81.4954 70.2259 31.7214 58.5844 33.2445 27.2812 36.1919 45.4986 31.1484 25.4622 0 81.4954 
0 0 0 0 0 0 0 0 0 0 0 0 
Printing tau_prime:
0 3.22574 17.1784 19.9553 13.3195 14.417 12.013 16.3457 17.3537 28.3626 21.7053 0 
3.22574 0 15.0222 18.804 10.1169 11.3881 9.1137 13.7224 14.2495 25.3911 18.6395 3.22574 
17.1784 15.0222 0 7.23289 10.5627 7.63114 7.44732 20.6644 16.788 14.0736 10.1378 17.1784 
19.9553 18.804 7.23289 0 17.3079 14.5934 13.7091 27.2605 23.805 19.3929 17.0038 19.9553 
13.3195 10.1169 10.5627 17.3079 0 3.05444 3.83945 10.1032 6.69499 15.9433 8.97182 13.3195 
14.417 11.3881 7.63114 14.5934 3.05444 0 2.62597 13.1026 9.21296 14.0103 7.29542 14.417 
12.013 9.1137 7.44732 13.7091 3.83945 2.62597 0 13.5521 10.5335 16.3516 9.82186 12.013 
16.3457 13.7224 20.6644 27.2605 10.1032 13.1026 13.5521 0 5.33323 22.8761 16.4858 16.3457 
17.3537 14.2495 16.788 23.805 6.69499 9.21296 10.5335 5.33323 0 17.5435 11.2502 17.3537 
28.3626 25.3911 14.0736 19.3929 15.9433 14.0103 16.3516 22.8761 17.5435 0 6.98111 28.3626 
21.7053 18.6395 10.1378 17.0038 8.97182 7.29542 9.82186 16.4858 11.2502 6.98111 0 21.7053 
0 0 0 0 0 0 0 0 0 0 0 0 
Warning:  Output names have been modified due to duplicate names or characters invalid in LP format.
Version identifier: 22.1.1.0 | 2022-11-28 | 9160aff4d
CPXPARAM_TimeLimit                               200
CPXPARAM_MIP_Tolerances_Integrality              0
Tried aggregator 2 times.
MIP Presolve eliminated 1087 rows and 1813 columns.
MIP Presolve modified 1886 coefficients.
Aggregator did 40 substitutions.
Reduced MIP has 1021 rows, 2923 columns, and 27077 nonzeros.
Reduced MIP has 2902 binaries, 0 generals, 0 SOSs, and 0 indicators.
Presolve time = 0.02 sec. (44.94 ticks)
Probing fixed 382 vars, tightened 0 bounds.
Probing changed sense of 4 constraints.
Probing time = 0.04 sec. (96.08 ticks)
Cover probing fixed 0 vars, tightened 4 bounds.
Tried aggregator 2 times.
MIP Presolve eliminated 89 rows and 434 columns.
MIP Presolve modified 159 coefficients.
Aggregator did 10 substitutions.
Reduced MIP has 922 rows, 2479 columns, and 20358 nonzeros.
Reduced MIP has 2458 binaries, 0 generals, 0 SOSs, and 0 indicators.
Presolve time = 0.01 sec. (24.61 ticks)
Probing time = 0.00 sec. (7.21 ticks)
Tried aggregator 2 times.
Detecting symmetries...
MIP Presolve eliminated 11 rows and 0 columns.
MIP Presolve modified 6 coefficients.
Aggregator did 2 substitutions.
Reduced MIP has 909 rows, 2477 columns, and 20343 nonzeros.
Reduced MIP has 2456 binaries, 0 generals, 0 SOSs, and 0 indicators.
Presolve time = 0.01 sec. (12.93 ticks)
Probing time = 0.01 sec. (6.84 ticks)
Clique table members: 11286.
MIP emphasis: balance optimality and feasibility.
MIP search method: dynamic search.
Parallel mode: deterministic, using up to 20 threads.
Root relaxation solution time = 0.10 sec. (153.22 ticks)

        Nodes                                         Cuts/
   Node  Left     Objective  IInf  Best Integer    Best Bound    ItCnt     Gap

      0     0      183.7510   299                    183.7510       32         
      0     0      200.5685   290                    Cuts: 43     1226         
      0     0      205.6563   259                    Cuts: 25     2343         
      0     0      207.5030   293                    Cuts: 12     2783         
      0     0      209.9692   313                    Cuts: 14     3849         
      0     0      210.9907   291                    Cuts: 17     4544         
Detecting symmetries...
      0     0      211.5021   307                    Cuts: 13     5481         
      0     0      211.7325   294                     Cuts: 7     5895         
      0     0      212.2779   311                     Cuts: 7     6895         
      0     0      212.7899   277                     Cuts: 7     7608         
*     0+    0                        44994.6693      212.7899            99.53%
      0     0      213.1017   277    44994.6693       Cuts: 8     7919   99.53%
*     0+    0                          432.2388      213.1017            50.70%
*     0+    0                          372.9988      213.1017            42.87%
*     0+    0                          296.5031      213.1017            28.13%
      0     0  -1.00000e+75     0      296.5031      213.1017     7919   28.13%
      0     0      213.4351   288      296.5031   ZeroHalf: 1     8469   28.02%
      0     0      213.7495   305      296.5031       Cuts: 7     8991   27.91%
      0     0      213.9374   323      296.5031       Cuts: 6     9547   27.85%
      0     0      213.9379   315      296.5031       Cuts: 2     9571   27.85%
*     0+    0                          294.1620      213.9379            27.27%
Detecting symmetries...
      0     2      213.9379   315      294.1620      213.9379     9571   27.27%
Elapsed time = 1.62 sec. (2189.35 ticks, tree = 0.02 MB, solutions = 5)
      2     3      214.1076   302      294.1620      213.9497     9981   27.27%
      5     3      226.2155   190      294.1620      215.2901    13197   26.81%
    158    50      272.7334    54      294.1620      222.8943    35778   24.23%
   1121   375      282.6485   154      294.1620      225.9583   119562   23.19%
   1382   602      242.5386   133      294.1620      226.2658   157838   23.08%
   2011   844      279.6539   142      294.1620      229.2928   213674   22.05%
   2704  1279      288.2818    57      294.1620      230.3552   290594   21.69%
   3417  1719      252.7934   247      294.1620      234.8047   381212   20.18%
   3736  2048      283.0488   183      294.1620      236.0274   451841   19.76%
*  5967+ 3052                          291.1667      245.5996            15.65%
   6653  2917      257.0091    82      291.1667      251.4902   721418   13.63%
Elapsed time = 4.86 sec. (5595.83 ticks, tree = 4.21 MB, solutions = 6)

Performing restart 1

Repeating presolve.
Tried aggregator 2 times.
MIP Presolve eliminated 17 rows and 43 columns.
MIP Presolve modified 7099 coefficients.
Aggregator did 3 substitutions.
Reduced MIP has 887 rows, 2431 columns, and 16530 nonzeros.
Reduced MIP has 2410 binaries, 0 generals, 0 SOSs, and 0 indicators.
Presolve time = 0.02 sec. (30.45 ticks)
Tried aggregator 2 times.
MIP Presolve eliminated 4 rows and 9 columns.
MIP Presolve modified 5 coefficients.
Aggregator did 1 substitutions.
Reduced MIP has 882 rows, 2421 columns, and 16473 nonzeros.
Reduced MIP has 2400 binaries, 0 generals, 0 SOSs, and 0 indicators.
Presolve time = 0.01 sec. (18.68 ticks)
Represolve time = 0.09 sec. (122.58 ticks)
   7198     0      214.7654   357      291.1667      Cuts: 17   839930   12.49%
   7198     0      214.7654   363      291.1667  LiftProj: 17   840355   12.49%
   7198     0      214.7654   333      291.1667       Cuts: 2   840388   12.49%
*  7198+    0                          291.0598      254.7982            12.46%
   7198     2      214.7654   330      291.0598      254.7982   840388   12.46%
   7201     3        cutoff            291.0598      254.7982   845540   12.46%
   7212     9      253.6077   148      291.0598      254.7982   852373   12.46%
   7739    46        cutoff            291.0598      254.7982   939911   12.46%
*  7832    12      integral     0      288.2284      254.7982   965655   11.60%
   7920    13      268.7161    22      288.2284      254.7982   986696   11.60%
*  7974    14      integral     0      285.8873      254.7982   994469   10.87%
   8216    16      274.2788    54      285.8873      254.7982  1017165   10.87%
   9524   367        cutoff            285.8873      254.7982  1130573   10.87%
  11459   935        cutoff            285.8873      254.7982  1263120   10.87%
  12216   769        cutoff            285.8873      254.7982  1393544   10.87%
* 12511   618      integral     0      282.7589      254.7982  1427010    9.89%
  13166    21        cutoff            282.7589      254.7982  1463794    9.89%
Elapsed time = 15.37 sec. (17587.69 ticks, tree = 0.05 MB, solutions = 10)

GUB cover cuts applied:  6
Clique cuts applied:  19
Cover cuts applied:  12
Implied bound cuts applied:  1
Mixed integer rounding cuts applied:  5
Zero-half cuts applied:  31
Lift and project cuts applied:  5
Gomory fractional cuts applied:  2

Root node processing (before b&c):
  Real time             =    1.53 sec. (2137.94 ticks)
Parallel b&c, 20 threads:
  Real time             =   14.16 sec. (16010.52 ticks)
  Sync time (average)   =    5.63 sec.
  Wait time (average)   =    0.01 sec.
                          ------------
Total (root+branch&cut) =   15.69 sec. (18148.47 ticks)
Feasible solution found!
Truck nodes:
Stage 1 at customer 0 with arrival time is: 0
Stage 1 at customer 0 with departure time is: 0
Stage 2 at customer 3 with arrival time is: 55.4199
Stage 2 at customer 3 with departure time is: 55.4199
Stage 3 at customer 9 with arrival time is: 107.31
Stage 3 at customer 9 with departure time is: 107.31
Stage 4 at customer 10 with arrival time is: 132.773
Stage 4 at customer 10 with departure time is: 132.773
Stage 5 at customer 8 with arrival time is: 163.921
Stage 5 at customer 8 with departure time is: 163.921
Stage 6 at customer 7 with arrival time is: 180.612
Stage 6 at customer 7 with departure time is: 180.612
Stage 7 at customer 4 with arrival time is: 216.689
Stage 7 at customer 4 with departure time is: 217.689
Stage 8 at customer 5 with arrival time is: 227.545
Stage 8 at customer 5 with departure time is: 227.545
Stage 9 at customer 6 with arrival time is: 236.455
Stage 9 at customer 6 with departure time is: 237.455
Stage 10 at customer 1 with arrival time is: 271.489
Stage 10 at customer 1 with departure time is: 271.489
Stage 11 at customer 11 with arrival time is: 282.759
Stage 11 at customer 11 with departure time is: 282.759
Truck arcs:
Arc 1 connecting 0 and 3 with cost 55.4199 
Arc 2 connecting 3 and 9 with cost 51.8904 
Arc 3 connecting 9 and 10 with cost 25.4622 
Arc 4 connecting 10 and 8 with cost 31.1484 
Arc 5 connecting 8 and 7 with cost 16.6913 
Arc 6 connecting 7 and 4 with cost 36.0772 
Arc 7 connecting 4 and 5 with cost 9.85529 
Arc 8 connecting 5 and 6 with cost 8.91074 
Arc 9 connecting 6 and 1 with cost 34.034 
Arc 10 connecting 1 and 11 with cost 11.2695 
Customer 2 served by drone.
Drone fly from 4 at stage 7 to serve 2 and then fly back to 6 at stage 9. 
Truck arcs during this sortie: 4--->5--->6
Truck travel time from stage 7 to 9 is: 18.766
Total drone travel time: 18.01
Drone arrival time: 235.699
Truck arrival time: 236.455
Truck departure time = max(d/a, t/a) plus (sl/sr): 237.455
Done!
-------------------------Re-calculated objective-----------------------
282.759
------------------------------------------------------------------------
Solve time: 15.697
OBJECTIVE VALUE: 282.759, NUMBER OF SORTIES: 1.
Number of revisit: 0
In write mode
