Instance name: /home/cuong/CLionProjects/uMV-FSTSP/50_dis_rand_ins/v66
Write arg val: 1

drone speed: 1 miles/minute
uav non-eligible customer: 11 
Printing tau:
0 17.7021 40.7104 49.7339 39.0333 50.4843 51.422 48.3521 56.7247 98.7209 95.5553 0 
17.7021 0 54.2521 49.023 56.7354 68.1864 69.1241 55.4327 63.8053 116.423 113.257 17.7021 
40.7104 54.2521 0 9.02356 46.8391 24.9809 33.4926 89.0625 97.435 62.1709 59.0054 40.7104 
49.7339 49.023 9.02356 0 55.8627 34.0045 42.5162 98.086 106.459 67.4 64.2345 49.7339 
39.0333 56.7354 46.8391 55.8627 0 21.8582 13.3465 42.2233 50.5959 59.6876 56.522 39.0333 
50.4843 68.1864 24.9809 34.0045 21.8582 0 8.5117 64.0816 72.4541 48.2366 45.0711 50.4843 
51.422 69.1241 33.4926 42.5162 13.3465 8.5117 0 55.5699 63.9424 47.2988 44.1333 51.422 
48.3521 55.4327 89.0625 98.086 42.2233 64.0816 55.5699 0 8.37257 64.169 61.5414 48.3521 
56.7247 63.8053 97.435 106.459 50.5959 72.4541 63.9424 8.37257 0 62.1697 69.914 56.7247 
98.7209 116.423 62.1709 67.4 59.6876 48.2366 47.2988 64.169 62.1697 0 7.74431 98.7209 
95.5553 113.257 59.0054 64.2345 56.522 45.0711 44.1333 61.5414 69.914 7.74431 0 95.5553 
0 0 0 0 0 0 0 0 0 0 0 0 
Printing tau_prime:
0 5.05554 14.5073 15.585 10.4771 14.0214 13.769 15.7584 18.0874 26.2171 25.5782 0 
5.05554 0 16.9254 17.2307 15.4466 18.2255 18.3293 20.2001 22.4388 30.8743 30.0756 5.05554 
14.5073 16.9254 0 2.76546 12.4375 7.58488 9.71725 23.6222 25.8388 18.953 17.2643 14.5073 
15.585 17.2307 2.76546 0 14.9533 10.3501 12.4703 26.0231 28.2827 21.3853 19.5964 15.585 
10.4771 15.4466 12.4375 14.9533 0 6.54322 4.8287 11.259 13.4197 16.1219 15.8389 10.4771 
14.0214 18.2255 7.58488 10.3501 6.54322 0 2.27066 17.5095 19.5007 13.0781 11.9702 14.0214 
13.769 18.3293 9.71725 12.4703 4.8287 2.27066 0 15.3992 17.3312 12.5508 11.8093 13.769 
15.7584 20.2001 23.6222 26.0231 11.259 17.5095 15.3992 0 2.38942 22.204 22.9774 15.7584 
18.0874 22.4388 25.8388 28.2827 13.4197 19.5007 17.3312 2.38942 0 23.0652 24.0322 18.0874 
26.2171 30.8743 18.953 21.3853 16.1219 13.0781 12.5508 22.204 23.0652 0 2.21845 26.2171 
25.5782 30.0756 17.2643 19.5964 15.8389 11.9702 11.8093 22.9774 24.0322 2.21845 0 25.5782 
0 0 0 0 0 0 0 0 0 0 0 0 
Warning:  Output names have been modified due to duplicate names or characters invalid in LP format.
Version identifier: 22.1.1.0 | 2022-11-28 | 9160aff4d
CPXPARAM_TimeLimit                               200
CPXPARAM_MIP_Tolerances_Integrality              0
Tried aggregator 2 times.
MIP Presolve eliminated 1469 rows and 1864 columns.
MIP Presolve modified 1555 coefficients.
Aggregator did 41 substitutions.
Reduced MIP has 1033 rows, 2871 columns, and 25266 nonzeros.
Reduced MIP has 2850 binaries, 0 generals, 0 SOSs, and 0 indicators.
Presolve time = 0.02 sec. (39.09 ticks)
Probing fixed 424 vars, tightened 0 bounds.
Probing changed sense of 4 constraints.
Probing time = 0.04 sec. (90.87 ticks)
Cover probing fixed 0 vars, tightened 4 bounds.
Tried aggregator 2 times.
MIP Presolve eliminated 116 rows and 424 columns.
MIP Presolve modified 150 coefficients.
Aggregator did 9 substitutions.
Reduced MIP has 908 rows, 2438 columns, and 19405 nonzeros.
Reduced MIP has 2417 binaries, 0 generals, 0 SOSs, and 0 indicators.
Presolve time = 0.01 sec. (22.74 ticks)
Probing time = 0.00 sec. (5.28 ticks)
Cover probing fixed 0 vars, tightened 20 bounds.
Tried aggregator 2 times.
Detecting symmetries...
MIP Presolve eliminated 11 rows and 0 columns.
MIP Presolve modified 96 coefficients.
Aggregator did 2 substitutions.
Reduced MIP has 895 rows, 2436 columns, and 19390 nonzeros.
Reduced MIP has 2415 binaries, 0 generals, 0 SOSs, and 0 indicators.
Presolve time = 0.01 sec. (12.20 ticks)
Probing time = 0.00 sec. (5.22 ticks)
Cover probing fixed 0 vars, tightened 19 bounds.
Clique table members: 12581.
MIP emphasis: balance optimality and feasibility.
MIP search method: dynamic search.
Parallel mode: deterministic, using up to 20 threads.
Root relaxation solution time = 0.10 sec. (153.32 ticks)

        Nodes                                         Cuts/
   Node  Left     Objective  IInf  Best Integer    Best Bound    ItCnt     Gap

      0     0      157.3679   326                    157.3679       32         
*     0+    0                        53668.1037      157.3679            99.71%
      0     0      166.4872   352    53668.1037      Cuts: 42     2209   99.69%
      0     0      197.7554   311    53668.1037      Cuts: 24     3332   99.63%
      0     0      198.7380   309    53668.1037      Cuts: 15     3687   99.63%
*     0+    0                          422.9317      198.7380            53.01%
*     0+    0                          357.0649      198.7380            44.34%
      0     0      199.9063   380      357.0649      Cuts: 20     4097   44.01%
      0     0      200.9093   370      357.0649      Cuts: 11     4442   43.73%
Detecting symmetries...
      0     0      201.0812   337      357.0649       Cuts: 4     4592   43.68%
      0     0      201.9961   423      357.0649       Cuts: 9     4818   43.43%
      0     0      202.0632   427      357.0649       Cuts: 2     4903   43.41%
      0     0      202.2735   440      357.0649   ZeroHalf: 1     5011   43.35%
*     0+    0                          349.1110      202.2735            42.06%
*     0+    0                          346.6067      202.2735            41.64%
Detecting symmetries...
      0     2      202.2735   437      346.6067      203.8166     5011   41.20%
Elapsed time = 1.29 sec. (2135.71 ticks, tree = 0.02 MB, solutions = 5)
      3     3      202.8705   415      346.6067      203.8166     5442   41.20%
*    11+    3                          345.2420      203.8166            40.96%
*    12+    4                          332.3479      203.8166            38.67%
     12     6      236.0557   155      332.3479      203.8166     9978   38.67%
*    17+    6                          323.2896      203.8166            36.96%
*    36+    9                          310.0359      216.2615            30.25%
     74    31      272.2684   178      310.0359      217.2422    61237   29.93%
    173    48      266.4759    94      310.0359      217.3024    87490   29.91%
*   247+   74                          310.0359      217.3024            29.91%
*   297+   74                          309.4980      217.3024            29.79%
    667   147      287.6642   212      309.4980      219.3020   128151   29.14%
*   971+  262                          295.2453      219.3020            25.72%
   1381   251        cutoff            295.2453      219.3020   255103   25.72%
   1887   278      256.4196   134      295.2453      219.3020   288828   25.72%
   2261   406      286.9690   132      295.2453      219.3020   346565   25.72%
   2965   620    infeasible            295.2453      219.3020   438813   25.72%
*  4084   992      integral     0      284.8735      232.1627   590965   18.50%
   5568    34      259.8149   138      284.8735      249.2471   701916   12.51%
Elapsed time = 4.81 sec. (5271.07 ticks, tree = 0.07 MB, solutions = 16)

GUB cover cuts applied:  10
Clique cuts applied:  13
Cover cuts applied:  65
Implied bound cuts applied:  28
Mixed integer rounding cuts applied:  1
Zero-half cuts applied:  40
Gomory fractional cuts applied:  3

Root node processing (before b&c):
  Real time             =    1.25 sec. (2099.33 ticks)
Parallel b&c, 20 threads:
  Real time             =    3.64 sec. (3342.63 ticks)
  Sync time (average)   =    1.52 sec.
  Wait time (average)   =    0.00 sec.
                          ------------
Total (root+branch&cut) =    4.90 sec. (5441.95 ticks)
Feasible solution found!
Truck nodes:
Stage 1 at customer 0 with arrival time is: 0
Stage 1 at customer 0 with departure time is: 0
Stage 2 at customer 7 with arrival time is: 48.3521
Stage 2 at customer 7 with departure time is: 48.3521
Stage 3 at customer 8 with arrival time is: 56.7247
Stage 3 at customer 8 with departure time is: 56.7247
Stage 4 at customer 9 with arrival time is: 118.894
Stage 4 at customer 9 with departure time is: 118.894
Stage 5 at customer 10 with arrival time is: 126.639
Stage 5 at customer 10 with departure time is: 126.639
Stage 6 at customer 6 with arrival time is: 170.772
Stage 6 at customer 6 with departure time is: 171.772
Stage 7 at customer 5 with arrival time is: 180.284
Stage 7 at customer 5 with departure time is: 184.144
Stage 8 at customer 2 with arrival time is: 209.125
Stage 8 at customer 2 with departure time is: 209.125
Stage 9 at customer 3 with arrival time is: 218.148
Stage 9 at customer 3 with departure time is: 218.148
Stage 10 at customer 1 with arrival time is: 267.171
Stage 10 at customer 1 with departure time is: 267.171
Stage 11 at customer 11 with arrival time is: 284.873
Stage 11 at customer 11 with departure time is: 284.873
Truck arcs:
Arc 1 connecting 0 and 7 with cost 48.3521 
Arc 2 connecting 7 and 8 with cost 8.37257 
Arc 3 connecting 8 and 9 with cost 62.1697 
Arc 4 connecting 9 and 10 with cost 7.74431 
Arc 5 connecting 10 and 6 with cost 44.1333 
Arc 6 connecting 6 and 5 with cost 8.5117 
Arc 7 connecting 5 and 2 with cost 24.9809 
Arc 8 connecting 2 and 3 with cost 9.02356 
Arc 9 connecting 3 and 1 with cost 49.023 
Arc 10 connecting 1 and 11 with cost 17.7021 
Customer 4 served by drone.
Drone fly from 6 at stage 6 to serve 4 and then fly back to 5 at stage 7. 
Truck arcs during this sortie: 6--->5
Truck travel time from stage 6 to 7 is: 8.5117
Total drone travel time: 11.3719
Drone arrival time: 183.144
Truck arrival time: 180.284
Truck departure time = max(d/a, t/a) plus (sl/sr): 184.144
Done!
-------------------------Re-calculated objective-----------------------
284.873
------------------------------------------------------------------------
Solve time: 4.901
OBJECTIVE VALUE: 284.873, NUMBER OF SORTIES: 1.
Number of revisit: 0
In write mode
