Instance name: /home/cuong/CLionProjects/uMV-FSTSP/50_dis_rand_ins/v83
Write arg val: 1

drone speed: 1 miles/minute
uav non-eligible customer: 3 5 11 
Printing tau:
0 1.54479 54.9764 44.882 48.6261 31.1967 38.8542 66.3919 72.5848 87.6952 84.378 0 
1.54479 0 53.5794 43.4851 47.2292 29.7997 37.4572 67.9367 74.1295 86.2983 82.9811 1.54479 
54.9764 53.5794 0 20.0946 44.7149 55.481 59.9324 107.826 114.018 42.5863 45.6347 54.9764 
44.882 43.4851 20.0946 0 24.6203 35.3864 39.8378 87.7311 93.9239 42.8132 39.496 44.882 
48.6261 47.2292 44.7149 24.6203 0 17.4294 15.2175 63.1108 69.3036 39.0691 35.7519 48.6261 
31.1967 29.7997 55.481 35.3864 17.4294 0 7.65751 52.3446 58.5375 56.4985 53.1813 31.1967 
38.8542 37.4572 59.9324 39.8378 15.2175 7.65751 0 47.8932 54.0861 48.841 45.5238 38.8542 
66.3919 67.9367 107.826 87.7311 63.1108 52.3446 47.8932 0 6.19282 65.2394 62.1909 66.3919 
72.5848 74.1295 114.018 93.9239 69.3036 58.5375 54.0861 6.19282 0 71.4322 68.3837 72.5848 
87.6952 86.2983 42.5863 42.8132 39.0691 56.4985 48.841 65.2394 71.4322 0 3.31721 87.6952 
84.378 82.9811 45.6347 39.496 35.7519 53.1813 45.5238 62.1909 68.3837 3.31721 0 84.378 
0 0 0 0 0 0 0 0 0 0 0 0 
Printing tau_prime:
0 0.552275 18.2544 13.1778 12.9233 9.07221 11.4109 22.3478 23.3563 23.2557 22.4018 0 
0.552275 0 17.7123 12.6691 12.5887 8.91813 11.2649 22.4489 23.4901 22.8945 22.0564 0.552275 
18.2544 17.7123 0 5.9629 11.9758 16.006 16.4569 28.6031 30.2637 14.2404 14.3948 18.2544 
13.1778 12.6691 5.9629 0 6.60351 10.0605 10.6838 23.3378 24.9408 12.8238 12.4719 13.1778 
12.9233 12.5887 11.9758 6.60351 0 5.43229 4.79548 16.7575 18.38 10.3751 9.48329 12.9233 
9.07221 8.91813 16.006 10.0605 5.43229 0 2.34865 14.9275 16.295 15.3667 14.3415 9.07221 
11.4109 11.2649 16.4569 10.6838 4.79548 2.34865 0 13.1633 14.6377 13.7435 12.6527 11.4109 
22.3478 22.4489 28.6031 23.3378 16.7575 14.9275 13.1633 0 1.72682 19.7303 18.6025 22.3478 
23.3563 23.4901 30.2637 24.9408 18.38 16.295 14.6377 1.72682 0 21.4294 20.3075 23.3563 
23.2557 22.8945 14.2404 12.8238 10.3751 15.3667 13.7435 19.7303 21.4294 0 1.19462 23.2557 
22.4018 22.0564 14.3948 12.4719 9.48329 14.3415 12.6527 18.6025 20.3075 1.19462 0 22.4018 
0 0 0 0 0 0 0 0 0 0 0 0 
Warning:  Output names have been modified due to duplicate names or characters invalid in LP format.
Version identifier: 22.1.1.0 | 2022-11-28 | 9160aff4d
CPXPARAM_TimeLimit                               200
CPXPARAM_MIP_Tolerances_Integrality              0
Tried aggregator 2 times.
MIP Presolve eliminated 1402 rows and 2100 columns.
MIP Presolve modified 1537 coefficients.
Aggregator did 36 substitutions.
Reduced MIP has 987 rows, 2640 columns, and 23366 nonzeros.
Reduced MIP has 2619 binaries, 0 generals, 0 SOSs, and 0 indicators.
Presolve time = 0.02 sec. (36.55 ticks)
Probing fixed 261 vars, tightened 0 bounds.
Probing changed sense of 4 constraints.
Probing time = 0.04 sec. (94.29 ticks)
Cover probing fixed 0 vars, tightened 4 bounds.
Tried aggregator 2 times.
MIP Presolve eliminated 85 rows and 261 columns.
MIP Presolve modified 198 coefficients.
Aggregator did 4 substitutions.
Reduced MIP has 898 rows, 2375 columns, and 19175 nonzeros.
Reduced MIP has 2354 binaries, 0 generals, 0 SOSs, and 0 indicators.
Presolve time = 0.01 sec. (16.65 ticks)
Probing fixed 3 vars, tightened 0 bounds.
Probing time = 0.01 sec. (23.88 ticks)
Tried aggregator 2 times.
Detecting symmetries...
MIP Presolve eliminated 13 rows and 4 columns.
MIP Presolve modified 6 coefficients.
Aggregator did 2 substitutions.
Reduced MIP has 883 rows, 2369 columns, and 19133 nonzeros.
Reduced MIP has 2348 binaries, 0 generals, 0 SOSs, and 0 indicators.
Presolve time = 0.01 sec. (20.22 ticks)
Probing time = 0.01 sec. (5.23 ticks)
Clique table members: 11073.
MIP emphasis: balance optimality and feasibility.
MIP search method: dynamic search.
Parallel mode: deterministic, using up to 20 threads.
Root relaxation solution time = 0.10 sec. (158.01 ticks)

        Nodes                                         Cuts/
   Node  Left     Objective  IInf  Best Integer    Best Bound    ItCnt     Gap

      0     0      128.1672   339                    128.1672       44         
      0     0      137.5139   360                    Cuts: 73     1721         
      0     0      151.8873   291                    Cuts: 34     3137         
      0     0      154.7075   339                    Cuts: 16     4434         
      0     0      155.2914   312                    Cuts: 10     5639         
      0     0      157.2395   306                    Cuts: 17     6678         
Detecting symmetries...
      0     0      160.0563   329                    Cuts: 18     8177         
      0     0      166.1401   310                    Cuts: 13     9701         
      0     0      166.5102   328                     Cuts: 6    10257         
      0     0      167.3027   305                     Cuts: 7    10580         
      0     0      168.5600   309                     Cuts: 7    11045         
      0     0      168.9406   321                     Cuts: 7    11261         
      0     0      169.1653   343                     Cuts: 6    11434         
      0     0      169.2934   337                     Cuts: 8    11529         
      0     0      170.0227   340                     Cuts: 8    12320         
      0     0      170.0245   329                     Cuts: 6    12480         
*     0+    0                        50202.6138      170.0245            99.66%
      0     0      170.3738   344    50202.6138       Cuts: 6    12818   99.66%
*     0+    0                          498.6266      170.3738            65.83%
      0     0      170.5059   362      498.6266       Cuts: 7    12958   65.80%
      0     0      171.1697   308      498.6266       Cuts: 4    13264   65.67%
      0     0      171.1733   308      498.6266       Cuts: 6    13382   65.67%
*     0+    0                          430.6492      171.1733            60.25%
*     0+    0                          395.3626      171.1733            56.70%
*     0+    0                          393.9378      171.1733            56.55%
*     0+    0                          342.7996      171.1733            50.07%
      0     0  -1.00000e+75     0      342.7996      171.1733    13382   50.07%
Detecting symmetries...
      0     2      171.1733   308      342.7996      171.1733    13382   50.07%
Elapsed time = 1.85 sec. (2914.32 ticks, tree = 0.02 MB, solutions = 6)
*     3+    1                          342.7991      171.1733            50.07%
      7     6      200.1639   108      342.7991      171.1733    16723   50.07%
*    11+    7                          299.3413      175.9568            41.22%
*    14+    7                          288.4576      175.9568            39.00%
    233    45      215.5014   106      288.4576      179.9379    47275   37.62%
    770   370      228.7644   108      288.4576      180.0294   131253   37.59%
   1096   623        cutoff            288.4576      185.8400   207415   35.57%
   1183   693      269.7226   140      288.4576      190.1105   237063   34.09%
   1583   819      223.7091    60      288.4576      192.2701   273000   33.35%
   2030  1197      216.9592   136      288.4576      192.2701   389552   33.35%
*  2382+ 1300                          287.3025      199.1840            30.67%
   2554  1410      213.1530   114      287.3025      200.3563   447010   30.26%
*  2794  1530      integral     0      283.2878      200.3563   477072   29.27%
   3055  1697      267.0989   164      283.2878      204.2939   544829   27.88%
   4247  2161      242.2340   154      283.2878      214.8036   727511   24.17%
Elapsed time = 4.88 sec. (6050.33 ticks, tree = 4.36 MB, solutions = 14)
   6013  3260      247.9477   157      283.2878      221.2741  1117995   21.89%

Performing restart 1

Repeating presolve.
Tried aggregator 2 times.
MIP Presolve eliminated 18 rows and 25 columns.
MIP Presolve modified 6162 coefficients.
Aggregator did 2 substitutions.
Reduced MIP has 863 rows, 2342 columns, and 15900 nonzeros.
Reduced MIP has 2321 binaries, 0 generals, 0 SOSs, and 0 indicators.
Presolve time = 0.01 sec. (21.15 ticks)
Tried aggregator 2 times.
MIP Presolve eliminated 3 rows and 6 columns.
MIP Presolve modified 142 coefficients.
Aggregator did 2 substitutions.
Reduced MIP has 858 rows, 2334 columns, and 15851 nonzeros.
Reduced MIP has 2313 binaries, 0 generals, 0 SOSs, and 0 indicators.
Presolve time = 0.01 sec. (20.64 ticks)
Represolve time = 0.08 sec. (112.52 ticks)
   7030     0      180.8514   330      283.2878      Cuts: 15  1304717   20.29%
   7030     0      181.0497   318      283.2878      Cuts: 14  1305203   20.29%
   7030     0      183.5110   316      283.2878      Cuts: 10  1306706   20.29%
*  7030+    0                          283.0191      225.8220            20.21%
   7030     0      185.3488   289      283.0191       Cuts: 6  1307832   20.21%
   7030     0      191.7488   293      283.0191      Cuts: 13  1309268   20.21%
   7030     0      192.4954   307      283.0191      Cuts: 11  1309868   20.21%
   7030     0      197.2944   223      283.0191       Cuts: 7  1310748   20.21%
   7030     0      198.3129   287      283.0191      Cuts: 14  1311160   20.21%
   7030     0      199.8004   287      283.0191      Cuts: 10  1312028   20.21%
   7030     2      199.8004   287      283.0191      225.8220  1312028   20.21%
   7036     4      202.9709   217      283.0191      225.8220  1313759   20.21%
*  7044+    5                          276.9222      225.8220            18.45%
   7360    22      260.2002    75      276.9222      225.8220  1341299   18.45%
*  7459    15      integral     0      276.9221      225.8220  1376160   18.45%
   7471    17      268.4276    99      276.9221      225.8220  1377310   18.45%
   9266    27        cutoff            276.9221      225.8220  1495006   18.45%
   9457    19      271.0010   127      276.9221      233.1978  1562790   15.79%
   9892    16      275.5509   101      276.9221      244.1157  1617169   11.85%

GUB cover cuts applied:  6
Clique cuts applied:  17
Cover cuts applied:  7
Mixed integer rounding cuts applied:  5
Zero-half cuts applied:  48
Gomory fractional cuts applied:  2

Root node processing (before b&c):
  Real time             =    1.81 sec. (2843.15 ticks)
Parallel b&c, 20 threads:
  Real time             =   12.47 sec. (16311.22 ticks)
  Sync time (average)   =    4.73 sec.
  Wait time (average)   =    0.00 sec.
                          ------------
Total (root+branch&cut) =   14.28 sec. (19154.37 ticks)
Feasible solution found!
Truck nodes:
Stage 1 at customer 0 with arrival time is: 0
Stage 1 at customer 0 with departure time is: 0
Stage 2 at customer 3 with arrival time is: 44.882
Stage 2 at customer 3 with departure time is: 44.882
Stage 3 at customer 2 with arrival time is: 64.9766
Stage 3 at customer 2 with departure time is: 64.9766
Stage 4 at customer 9 with arrival time is: 107.563
Stage 4 at customer 9 with departure time is: 107.563
Stage 5 at customer 10 with arrival time is: 110.88
Stage 5 at customer 10 with departure time is: 110.88
Stage 6 at customer 8 with arrival time is: 179.264
Stage 6 at customer 8 with departure time is: 179.264
Stage 7 at customer 7 with arrival time is: 185.457
Stage 7 at customer 7 with departure time is: 185.457
Stage 8 at customer 6 with arrival time is: 233.35
Stage 8 at customer 6 with departure time is: 234.35
Stage 9 at customer 5 with arrival time is: 242.007
Stage 9 at customer 5 with departure time is: 245.578
Stage 10 at customer 1 with arrival time is: 275.377
Stage 10 at customer 1 with departure time is: 275.377
Stage 11 at customer 11 with arrival time is: 276.922
Stage 11 at customer 11 with departure time is: 276.922
Truck arcs:
Arc 1 connecting 0 and 3 with cost 44.882 
Arc 2 connecting 3 and 2 with cost 20.0946 
Arc 3 connecting 2 and 9 with cost 42.5863 
Arc 4 connecting 9 and 10 with cost 3.31721 
Arc 5 connecting 10 and 8 with cost 68.3837 
Arc 6 connecting 8 and 7 with cost 6.19282 
Arc 7 connecting 7 and 6 with cost 47.8932 
Arc 8 connecting 6 and 5 with cost 7.65751 
Arc 9 connecting 5 and 1 with cost 29.7997 
Arc 10 connecting 1 and 11 with cost 1.54479 
Customer 4 served by drone.
Drone fly from 6 at stage 8 to serve 4 and then fly back to 5 at stage 9. 
Truck arcs during this sortie: 6--->5
Truck travel time from stage 8 to 9 is: 7.65751
Total drone travel time: 10.2278
Drone arrival time: 244.578
Truck arrival time: 242.007
Truck departure time = max(d/a, t/a) plus (sl/sr): 245.578
Done!
-------------------------Re-calculated objective-----------------------
276.922
------------------------------------------------------------------------
Solve time: 14.284
OBJECTIVE VALUE: 276.922, NUMBER OF SORTIES: 1.
Number of revisit: 0
In write mode
