Instance name: /home/cuong/CLionProjects/uMV-FSTSP/50_dis_rand_ins/v85
Write arg val: 1

drone speed: 1 miles/minute
uav non-eligible customer: 1 7 11 
Printing tau:
0 18.4686 63.5784 46.0956 49.0303 40.3597 45.2527 52.4933 46.6077 79.9873 89.8372 0 
18.4686 0 45.1098 37.7781 42.9367 34.2661 39.1591 56.7828 44.6929 73.8937 83.7436 18.4686 
63.5784 45.1098 0 17.4828 43.5578 54.7251 40.149 101.893 89.8027 64.4793 60.956 63.5784 
46.0956 37.7781 17.4828 0 26.075 37.2423 22.6662 84.4098 72.3199 46.9965 45.9655 46.0956 
49.0303 42.9367 43.5578 26.075 0 11.1673 3.77763 58.3348 46.2449 30.957 40.8069 49.0303 
40.3597 34.2661 54.7251 37.2423 11.1673 0 14.5761 47.1675 35.0776 39.6276 49.4775 40.3597 
45.2527 39.1591 40.149 22.6662 3.77763 14.5761 0 61.7436 49.6537 34.7347 44.5845 45.2527 
52.4933 56.7828 101.893 84.4098 58.3348 47.1675 61.7436 0 12.0899 37.4133 55.4608 52.4933 
46.6077 44.6929 89.8027 72.3199 46.2449 35.0776 49.6537 12.0899 0 33.3797 43.3709 46.6077 
79.9873 73.8937 64.4793 46.9965 30.957 39.6276 34.7347 37.4133 33.3797 0 18.0476 79.9873 
89.8372 83.7436 60.956 45.9655 40.8069 49.4775 44.5845 55.4608 43.3709 18.0476 0 89.8372 
0 0 0 0 0 0 0 0 0 0 0 0 
Printing tau_prime:
0 5.15691 18.5167 16.874 14.0432 10.9564 13.5123 17.2327 14.1807 21.2112 24.2517 0 
5.15691 0 13.4011 12.4103 11.3927 9.43712 10.4666 19.4444 15.9955 20.256 22.2086 5.15691 
18.5167 13.4011 0 6.10665 12.7259 14.8269 11.4972 27.7343 24.272 21.8168 20.3185 18.5167 
16.874 12.4103 6.10665 0 7.04819 9.91917 6.02144 22.499 19.1904 15.7165 14.4043 16.874 
14.0432 11.3927 12.7259 7.04819 0 3.74894 1.34923 15.4956 12.2793 9.90755 10.8474 14.0432 
10.9564 9.43712 14.8269 9.91917 3.74894 0 4.07701 12.9144 9.44775 10.8215 13.3027 10.9564 
13.5123 10.4666 11.4972 6.02144 1.34923 4.07701 0 16.4844 13.1713 11.2452 11.9391 13.5123 
17.2327 19.4444 27.7343 22.499 15.4956 12.9144 16.4844 0 3.56552 12.3114 17.7294 17.2327 
14.1807 15.9955 24.272 19.1904 12.2793 9.44775 13.1713 3.56552 0 11.11 16.2376 14.1807 
21.2112 20.256 21.8168 15.7165 9.90755 10.8215 11.2452 12.3114 11.11 0 5.45193 21.2112 
24.2517 22.2086 20.3185 14.4043 10.8474 13.3027 11.9391 17.7294 16.2376 5.45193 0 24.2517 
0 0 0 0 0 0 0 0 0 0 0 0 
Warning:  Output names have been modified due to duplicate names or characters invalid in LP format.
Version identifier: 22.1.1.0 | 2022-11-28 | 9160aff4d
CPXPARAM_TimeLimit                               200
CPXPARAM_MIP_Tolerances_Integrality              0
Tried aggregator 2 times.
MIP Presolve eliminated 1230 rows and 1913 columns.
MIP Presolve modified 1849 coefficients.
Aggregator did 38 substitutions.
Reduced MIP has 989 rows, 2825 columns, and 26031 nonzeros.
Reduced MIP has 2804 binaries, 0 generals, 0 SOSs, and 0 indicators.
Presolve time = 0.03 sec. (52.52 ticks)
Probing fixed 219 vars, tightened 0 bounds.
Probing changed sense of 4 constraints.
Probing time = 0.04 sec. (103.44 ticks)
Cover probing fixed 0 vars, tightened 3 bounds.
Tried aggregator 2 times.
Detecting symmetries...
MIP Presolve eliminated 80 rows and 219 columns.
MIP Presolve modified 166 coefficients.
Aggregator did 8 substitutions.
Reduced MIP has 901 rows, 2598 columns, and 22318 nonzeros.
Reduced MIP has 2577 binaries, 0 generals, 0 SOSs, and 0 indicators.
Presolve time = 0.01 sec. (22.82 ticks)
Probing time = 0.01 sec. (6.09 ticks)
Clique table members: 9507.
MIP emphasis: balance optimality and feasibility.
MIP search method: dynamic search.
Parallel mode: deterministic, using up to 20 threads.
Root relaxation solution time = 0.10 sec. (158.14 ticks)

        Nodes                                         Cuts/
   Node  Left     Objective  IInf  Best Integer    Best Bound    ItCnt     Gap

      0     0      154.8641   257                    154.8641       37         
      0     0      167.1384   252                    Cuts: 75     2220         
      0     0      190.5424   272                    Cuts: 46     4744         
      0     0      195.8840   270                    Cuts: 24     5239         
      0     0      196.1060   276                    Cuts: 13     5666         
      0     0      197.3311   349                    Cuts: 20     6902         
Detecting symmetries...
      0     0      197.4218   368                    Cuts: 10     7223         
      0     0      197.4600   377                     Cuts: 5     7525         
      0     0      197.7056   379                     Cuts: 3     7895         
      0     0      197.7060   381                 Flowcuts: 1     7908         
      0     0      197.7061   391                 ZeroHalf: 1     8067         
*     0+    0                          350.3891      197.7061            43.58%
Detecting symmetries...
      0     2      197.7061   391      350.3891      197.7061     8067   43.58%
Elapsed time = 2.24 sec. (4185.47 ticks, tree = 0.02 MB, solutions = 1)
*     2+    1                          345.1733      197.7127            42.72%
      2     3      198.8347   306      345.1733      197.7127     9857   42.72%
      4     3      200.9776   350      345.1733      198.9142    11492   42.37%
      8     4      211.5541    34      345.1733      202.4224    15804   41.36%
*    59+   10                          340.3536      205.6910            39.57%
*    76+   18                          336.4331      205.6910            38.86%
    335   123      334.7203    58      336.4331      206.6090    56751   38.59%
    976   423      230.5902   137      336.4331      206.6090   120692   38.59%
   1204   660      229.8761   112      336.4331      207.3501   167141   38.37%
   1659   788      249.9427    44      336.4331      207.3501   204937   38.37%
   2429  1130    infeasible            336.4331      207.3501   259201   38.37%
   3071  1733      334.3624    73      336.4331      208.9519   342709   37.89%
*  3549  2072      integral     0      325.4521      208.9519   396180   35.80%

Performing restart 1

Repeating presolve.
Tried aggregator 2 times.
MIP Presolve eliminated 21 rows and 2 columns.
MIP Presolve modified 7555 coefficients.
Aggregator did 2 substitutions.
Reduced MIP has 878 rows, 2594 columns, and 18515 nonzeros.
Reduced MIP has 2573 binaries, 0 generals, 0 SOSs, and 0 indicators.
Presolve time = 0.01 sec. (22.20 ticks)
Tried aggregator 2 times.
MIP Presolve eliminated 7 rows and 9 columns.
MIP Presolve modified 79 coefficients.
Aggregator did 2 substitutions.
Reduced MIP has 869 rows, 2583 columns, and 18436 nonzeros.
Reduced MIP has 2562 binaries, 0 generals, 0 SOSs, and 0 indicators.
Presolve time = 0.01 sec. (18.62 ticks)
Represolve time = 0.09 sec. (130.45 ticks)
*  4756+    0                          318.9177      211.2523            33.76%
   4756     0      201.0137   319      318.9177      Cuts: 31   558881   33.76%
   4756     0      201.6543   283      318.9177      Cuts: 36   561014   33.76%
   4756     0      201.7695   352      318.9177      Cuts: 24   561494   33.76%
   4756     0      201.7861   373      318.9177      Cuts: 26   561999   33.76%
*  4756+    0                          300.3152      211.2523            29.66%
   4756     0      201.7917   386      300.3152      Cuts: 30   562139   29.66%
   4756     0      201.8053   378      300.3152      Cuts: 31   562380   29.66%
*  4756+    0                          293.1288      211.2523            27.93%
   4756     0      201.8183   401      293.1288      Cuts: 34   562589   27.93%
   4756     2      201.8183   399      293.1288      211.2523   562589   27.93%
Elapsed time = 8.62 sec. (13875.23 ticks, tree = 0.02 MB, solutions = 9)
   4758     3      201.8266   390      293.1288      211.2523   562735   27.93%
*  4762+    2                          285.0725      211.2523            25.90%
   4765     3      272.2876    35      285.0725      211.2523   566459   25.90%
   4773     6      237.5259   153      285.0725      211.2523   568462   25.90%
   4989    58      263.0175    46      285.0725      211.2523   592471   25.90%
   5856   251      256.7990    70      285.0725      211.2523   680789   25.90%
*  6367    28      integral     0      284.6101      211.2523   736063   25.77%
*  6370    22      integral     0      284.5743      211.2523   745400   25.77%
   6436    26        cutoff            284.5743      211.2523   753701   25.77%
*  6623    26      integral     0      276.7163      211.2523   746761   23.66%
*  6706+   36                          268.5187      211.2523            21.33%
   8421   379        cutoff            268.5187      211.2523   858345   21.33%
  10261   312      249.5826    48      268.5187      211.2523   977843   21.33%
  11556   581      215.6979   174      268.5187      211.2523  1103143   21.33%
  13007  1520      226.2261   232      268.5187      211.2523  1235304   21.33%
Elapsed time = 16.57 sec. (23763.74 ticks, tree = 1.60 MB, solutions = 15)
  13994  1649        cutoff            268.5187      211.2523  1324630   21.33%
  14607  2402        cutoff            268.5187      211.2523  1488643   21.33%
  16045  2685        cutoff            268.5187      211.2523  1606373   21.33%
  16722  3100      239.8508   127      268.5187      211.2523  1724165   21.33%
  17084  2966      248.9902   114      268.5187      211.2523  1849754   21.33%
  18952  3642        cutoff            268.5187      211.2523  2020539   21.33%
  19606  3241      248.1977    93      268.5187      211.2523  2151368   21.33%
  20602  2471        cutoff            268.5187      211.2523  2277246   21.33%
  23965   430        cutoff            268.5187      211.2523  2435975   21.33%
  24043    14      247.7135   165      268.5187      220.8016  2454924   17.77%
Elapsed time = 26.58 sec. (33328.09 ticks, tree = 0.19 MB, solutions = 15)

GUB cover cuts applied:  10
Clique cuts applied:  30
Cover cuts applied:  23
Mixed integer rounding cuts applied:  9
Zero-half cuts applied:  28
Lift and project cuts applied:  11
Gomory fractional cuts applied:  7

Root node processing (before b&c):
  Real time             =    2.21 sec. (4131.08 ticks)
Parallel b&c, 20 threads:
  Real time             =   24.82 sec. (30001.92 ticks)
  Sync time (average)   =    8.96 sec.
  Wait time (average)   =    0.01 sec.
                          ------------
Total (root+branch&cut) =   27.03 sec. (34133.00 ticks)
Feasible solution found!
Truck nodes:
Stage 1 at customer 0 with arrival time is: 0
Stage 1 at customer 0 with departure time is: 0
Stage 2 at customer 1 with arrival time is: 18.4686
Stage 2 at customer 1 with departure time is: 18.4686
Stage 3 at customer 2 with arrival time is: 63.5784
Stage 3 at customer 2 with departure time is: 63.5784
Stage 4 at customer 3 with arrival time is: 81.0612
Stage 4 at customer 3 with departure time is: 81.0612
Stage 5 at customer 6 with arrival time is: 103.727
Stage 5 at customer 6 with departure time is: 104.727
Stage 6 at customer 4 with arrival time is: 108.505
Stage 6 at customer 4 with departure time is: 113.553
Stage 7 at customer 10 with arrival time is: 154.36
Stage 7 at customer 10 with departure time is: 154.36
Stage 8 at customer 9 with arrival time is: 172.408
Stage 8 at customer 9 with departure time is: 172.408
Stage 9 at customer 7 with arrival time is: 209.821
Stage 9 at customer 7 with departure time is: 209.821
Stage 10 at customer 8 with arrival time is: 221.911
Stage 10 at customer 8 with departure time is: 221.911
Stage 11 at customer 11 with arrival time is: 268.519
Stage 11 at customer 11 with departure time is: 268.519
Truck arcs:
Arc 1 connecting 0 and 1 with cost 18.4686 
Arc 2 connecting 1 and 2 with cost 45.1098 
Arc 3 connecting 2 and 3 with cost 17.4828 
Arc 4 connecting 3 and 6 with cost 22.6662 
Arc 5 connecting 6 and 4 with cost 3.77763 
Arc 6 connecting 4 and 10 with cost 40.8069 
Arc 7 connecting 10 and 9 with cost 18.0476 
Arc 8 connecting 9 and 7 with cost 37.4133 
Arc 9 connecting 7 and 8 with cost 12.0899 
Arc 10 connecting 8 and 11 with cost 46.6077 
Customer 5 served by drone.
Drone fly from 6 at stage 5 to serve 5 and then fly back to 4 at stage 6. 
Truck arcs during this sortie: 6--->4
Truck travel time from stage 5 to 6 is: 3.77763
Total drone travel time: 7.82595
Drone arrival time: 112.553
Truck arrival time: 108.505
Truck departure time = max(d/a, t/a) plus (sl/sr): 113.553
Done!
-------------------------Re-calculated objective-----------------------
268.519
------------------------------------------------------------------------
Solve time: 27.04
OBJECTIVE VALUE: 268.519, NUMBER OF SORTIES: 1.
Number of revisit: 0
In write mode
