Instance name: /home/cuong/CLionProjects/uMV-FSTSP/50_dis_rand_ins/v86
Write arg val: 1

drone speed: 1 miles/minute
uav non-eligible customer: 6 8 11 
Printing tau:
0 34.5971 50.172 51.2934 35.5962 41.4163 47.0179 68.0473 60.5553 85.78 88.5476 0 
34.5971 0 65.4991 63.6564 34.7241 40.5442 46.1458 48.5205 59.6831 84.9079 87.6755 34.5971 
50.172 65.4991 0 1.84267 42.4639 54.9625 58.0117 98.9493 84.2802 38.5646 57.9128 50.172 
51.2934 63.6564 1.84267 0 40.6212 53.1198 56.1691 97.1066 82.4375 36.722 56.0701 51.2934 
35.5962 34.7241 42.4639 40.6212 0 12.4986 15.5479 56.4854 41.8163 50.1838 52.9514 35.5962 
41.4163 40.5442 54.9625 53.1198 12.4986 0 5.60162 43.9868 29.3177 44.3637 47.1313 41.4163 
47.0179 46.1458 58.0117 56.1691 15.5479 5.60162 0 40.9376 26.2684 38.7621 41.5297 47.0179 
68.0473 48.5205 98.9493 97.1066 56.4854 43.9868 40.9376 0 14.6691 60.3847 41.0365 68.0473 
60.5553 59.6831 84.2802 82.4375 41.8163 29.3177 26.2684 14.6691 0 45.7155 27.9923 60.5553 
85.78 84.9079 38.5646 36.722 50.1838 44.3637 38.7621 60.3847 45.7155 0 19.3481 85.78 
88.5476 87.6755 57.9128 56.0701 52.9514 47.1313 41.5297 41.0365 27.9923 19.3481 0 88.5476 
0 0 0 0 0 0 0 0 0 0 0 0 
Printing tau_prime:
0 9.17685 15.6249 15.6323 9.92429 12.7009 14.3915 22.2961 21.4049 22.8364 24.5478 0 
9.17685 0 21.7381 21.533 11.0494 11.108 12.3963 15.6271 16.591 23.6203 23.3353 9.17685 
15.6249 21.7381 0 0.571985 11.9048 14.7579 15.4054 26.2387 22.5171 13.9184 18.422 15.6249 
15.6323 21.533 0.571985 0 11.5476 14.327 14.9372 25.7542 21.9971 13.3582 17.8504 15.6323 
9.92429 11.0494 11.9048 11.5476 0 3.65591 5.11563 15.4183 12.9132 13.3471 14.6262 9.92429 
12.7009 11.108 14.7579 14.327 3.65591 0 1.69116 11.854 9.2839 12.5416 12.522 12.7009 
14.3915 12.3963 15.4054 14.9372 5.11563 1.69116 0 10.8735 7.83602 11.4994 11.0123 14.3915 
22.2961 15.6271 26.2387 25.7542 15.4183 11.854 10.8735 0 4.88787 18.6943 15.04 22.2961 
21.4049 16.591 22.5171 21.9971 12.9132 9.2839 7.83602 4.88787 0 13.8451 10.197 21.4049 
22.8364 23.6203 13.9184 13.3582 13.3471 12.5416 11.4994 18.6943 13.8451 0 5.18267 22.8364 
24.5478 23.3353 18.422 17.8504 14.6262 12.522 11.0123 15.04 10.197 5.18267 0 24.5478 
0 0 0 0 0 0 0 0 0 0 0 0 
Warning:  Output names have been modified due to duplicate names or characters invalid in LP format.
Version identifier: 22.1.1.0 | 2022-11-28 | 9160aff4d
CPXPARAM_TimeLimit                               200
CPXPARAM_MIP_Tolerances_Integrality              0
Tried aggregator 2 times.
MIP Presolve eliminated 1289 rows and 2061 columns.
MIP Presolve modified 1759 coefficients.
Aggregator did 34 substitutions.
Reduced MIP has 958 rows, 2681 columns, and 24091 nonzeros.
Reduced MIP has 2660 binaries, 0 generals, 0 SOSs, and 0 indicators.
Presolve time = 0.02 sec. (41.84 ticks)
Probing fixed 323 vars, tightened 0 bounds.
Probing changed sense of 4 constraints.
Probing time = 0.04 sec. (84.95 ticks)
Cover probing fixed 0 vars, tightened 41 bounds.
Tried aggregator 2 times.
MIP Presolve eliminated 90 rows and 323 columns.
MIP Presolve modified 159 coefficients.
Aggregator did 6 substitutions.
Reduced MIP has 862 rows, 2352 columns, and 19362 nonzeros.
Reduced MIP has 2331 binaries, 0 generals, 0 SOSs, and 0 indicators.
Presolve time = 0.01 sec. (17.15 ticks)
Probing time = 0.00 sec. (5.21 ticks)
Tried aggregator 2 times.
Detecting symmetries...
MIP Presolve eliminated 11 rows and 0 columns.
MIP Presolve modified 6 coefficients.
Aggregator did 2 substitutions.
Reduced MIP has 849 rows, 2350 columns, and 19347 nonzeros.
Reduced MIP has 2329 binaries, 0 generals, 0 SOSs, and 0 indicators.
Presolve time = 0.01 sec. (12.46 ticks)
Probing time = 0.01 sec. (5.15 ticks)
Clique table members: 10573.
MIP emphasis: balance optimality and feasibility.
MIP search method: dynamic search.
Parallel mode: deterministic, using up to 20 threads.
Root relaxation solution time = 0.09 sec. (153.19 ticks)

        Nodes                                         Cuts/
   Node  Left     Objective  IInf  Best Integer    Best Bound    ItCnt     Gap

      0     0      179.6133   330                    179.6133       39         
*     0+    0                        46683.1940      179.6133            99.62%
      0     0      185.8674   237    46683.1940      Cuts: 48     1848   99.60%
      0     0      224.5209   194    46683.1940      Cuts: 58     3928   99.52%
      0     0      224.9960   202    46683.1940  ZeroHalf: 15     4101   99.52%
*     0+    0                          498.7961      224.9960            54.89%
*     0+    0                          366.5773      224.9960            38.62%
      0     0  -1.00000e+75     0      366.5773      224.9960     4101   38.62%
*     0+    0                          357.3210      224.9960            37.03%
      0     0      225.1308   217      357.3210      Cuts: 22     4425   36.99%
      0     0      229.6565   209      357.3210      Cuts: 32     5415   35.73%
Detecting symmetries...
      0     0      229.7316   218      357.3210       Cuts: 6     5912   35.71%
*     0+    0                          333.0171      229.7316            31.02%
      0     0  -1.00000e+75     0      333.0171      229.7316     5912   31.02%
      0     0      229.8041   225      333.0171      Cuts: 11     6259   30.99%
      0     0      229.8041   231      333.0171       Cuts: 3     6513   30.99%
      0     0      229.8041   209      333.0171    MIRcuts: 1     6553   30.99%
      0     0      229.8143   239      333.0171   ZeroHalf: 2     6889   30.99%
*     0+    0                          308.4461      229.8143            25.49%
Detecting symmetries...
      0     2      229.8143   220      308.4461      229.8143     6889   25.49%
Elapsed time = 1.36 sec. (2108.17 ticks, tree = 0.02 MB, solutions = 6)
      7     6      253.8231   164      308.4461      229.8963    12228   25.47%
*    56+   12                          290.0427      230.0033            20.70%
    625   147      254.2528   123      290.0427      230.0033    62480   20.70%
   1349   542      267.2400   118      290.0427      230.1729   102442   20.64%
*  1829   649      integral     0      276.9279      230.1729   133392   16.88%
   2045   602      272.3651   104      276.9279      230.1729   129763   16.88%
   3212   547      273.6340    91      276.9279      230.1729   197215   16.88%
   3853   242    infeasible            276.9279      230.1729   250056   16.88%
*  3963   221      integral     0      275.9716      230.1729   250691   16.60%
   4569    36      271.2342    61      275.9716      230.1729   280217   16.60%
   5380    53      274.2170   115      275.9716      232.0782   330115   15.91%
   6509    88        cutoff            275.9716      237.6946   444525   13.87%
Elapsed time = 3.96 sec. (4995.60 ticks, tree = 0.52 MB, solutions = 10)
   8794    23      260.8528   116      275.9716      242.2975   630706   12.20%

Performing restart 1

Repeating presolve.
Tried aggregator 2 times.
MIP Presolve eliminated 22 rows and 215 columns.
MIP Presolve modified 5744 coefficients.
Aggregator did 4 substitutions.
Reduced MIP has 823 rows, 2131 columns, and 15196 nonzeros.
Reduced MIP has 2110 binaries, 0 generals, 0 SOSs, and 0 indicators.
Presolve time = 0.01 sec. (19.97 ticks)
Tried aggregator 2 times.
MIP Presolve eliminated 2 rows and 26 columns.
MIP Presolve modified 259 coefficients.
Aggregator did 1 substitutions.
Reduced MIP has 820 rows, 2104 columns, and 14995 nonzeros.
Reduced MIP has 2083 binaries, 0 generals, 0 SOSs, and 0 indicators.
Presolve time = 0.01 sec. (14.07 ticks)
Tried aggregator 1 time.
Reduced MIP has 820 rows, 2104 columns, and 14995 nonzeros.
Reduced MIP has 2083 binaries, 0 generals, 0 SOSs, and 0 indicators.
Presolve time = 0.01 sec. (8.68 ticks)
Represolve time = 0.13 sec. (164.14 ticks)
   8885     0      232.9931   240      275.9716      Cuts: 12   647916   12.07%
   8885     0      233.9913   214      275.9716      Cuts: 28   649098   12.07%
   8885     0      234.5615   185      275.9716      Cuts: 21   650431   12.07%
   8885     0      235.3066   261      275.9716      Cuts: 25   652028   12.07%
   8885     0      235.6917   258      275.9716       Cuts: 4   653508   12.07%
   8885     0      235.7220   271      275.9716       Cuts: 6   654363   12.07%
   8885     0      235.7220   250      275.9716   ZeroHalf: 1   654479   12.07%
   8885     0      235.7220   256      275.9716       Cuts: 4   654629   12.07%
   8885     2      235.7220   252      275.9716      242.6551   654689   12.07%
   8898     5      252.8431    87      275.9716      242.6551   658990   12.07%
   8947    15      275.4080    24      275.9716      242.6551   678273   12.07%
   9097     9      263.9587   111      275.9716      242.6551   708670   12.07%
   9199    10      239.6564   224      275.9716      242.6551   729396   12.07%
  10265    17        cutoff            275.9716      242.6551   847159   12.07%
  10366     7      241.1835   269      275.9716      242.6551   868395   12.07%
  10764    14      260.4827    84      275.9716      242.6551   900882   12.07%
  11154    13      267.7051   143      275.9716      242.6551   975487   12.07%
Elapsed time = 13.11 sec. (17885.77 ticks, tree = 0.02 MB, solutions = 10)
  11392    17      255.9869   176      275.9716      242.6551  1025982   12.07%
  11834     4        cutoff            275.9716      244.7545  1120836   11.31%
  11855     7      257.2441   210      275.9716      250.6636  1127612    9.17%

GUB cover cuts applied:  4
Clique cuts applied:  12
Cover cuts applied:  17
Mixed integer rounding cuts applied:  5
Zero-half cuts applied:  17
Lift and project cuts applied:  3
Gomory fractional cuts applied:  19

Root node processing (before b&c):
  Real time             =    1.34 sec. (2067.84 ticks)
Parallel b&c, 20 threads:
  Real time             =   14.08 sec. (19500.60 ticks)
  Sync time (average)   =    6.93 sec.
  Wait time (average)   =    0.01 sec.
                          ------------
Total (root+branch&cut) =   15.41 sec. (21568.44 ticks)
Feasible solution found!
Truck nodes:
Stage 1 at customer 0 with arrival time is: 0
Stage 1 at customer 0 with departure time is: 0
Stage 2 at customer 2 with arrival time is: 50.172
Stage 2 at customer 2 with departure time is: 50.172
Stage 3 at customer 3 with arrival time is: 52.0147
Stage 3 at customer 3 with departure time is: 52.0147
Stage 4 at customer 9 with arrival time is: 88.7367
Stage 4 at customer 9 with departure time is: 88.7367
Stage 5 at customer 10 with arrival time is: 108.085
Stage 5 at customer 10 with departure time is: 108.085
Stage 6 at customer 7 with arrival time is: 149.121
Stage 6 at customer 7 with departure time is: 149.121
Stage 7 at customer 8 with arrival time is: 163.79
Stage 7 at customer 8 with departure time is: 163.79
Stage 8 at customer 6 with arrival time is: 190.059
Stage 8 at customer 6 with departure time is: 191.059
Stage 9 at customer 5 with arrival time is: 196.66
Stage 9 at customer 5 with departure time is: 200.83
Stage 10 at customer 1 with arrival time is: 241.375
Stage 10 at customer 1 with departure time is: 241.375
Stage 11 at customer 11 with arrival time is: 275.972
Stage 11 at customer 11 with departure time is: 275.972
Truck arcs:
Arc 1 connecting 0 and 2 with cost 50.172 
Arc 2 connecting 2 and 3 with cost 1.84267 
Arc 3 connecting 3 and 9 with cost 36.722 
Arc 4 connecting 9 and 10 with cost 19.3481 
Arc 5 connecting 10 and 7 with cost 41.0365 
Arc 6 connecting 7 and 8 with cost 14.6691 
Arc 7 connecting 8 and 6 with cost 26.2684 
Arc 8 connecting 6 and 5 with cost 5.60162 
Arc 9 connecting 5 and 1 with cost 40.5442 
Arc 10 connecting 1 and 11 with cost 34.5971 
Customer 4 served by drone.
Drone fly from 6 at stage 8 to serve 4 and then fly back to 5 at stage 9. 
Truck arcs during this sortie: 6--->5
Truck travel time from stage 8 to 9 is: 5.60162
Total drone travel time: 8.77154
Drone arrival time: 199.83
Truck arrival time: 196.66
Truck departure time = max(d/a, t/a) plus (sl/sr): 200.83
Done!
-------------------------Re-calculated objective-----------------------
275.972
------------------------------------------------------------------------
Solve time: 15.414
OBJECTIVE VALUE: 275.972, NUMBER OF SORTIES: 1.
Number of revisit: 0
In write mode
