Instance name: /home/cuong/CLionProjects/uMV-FSTSP/50_dis_rand_ins/v88
Write arg val: 1

drone speed: 1 miles/minute
uav non-eligible customer: 1 7 11 
Printing tau:
0 4.70848 51.0652 58.8982 44.9858 46.0569 45.9494 56.1943 45.6069 83.9896 84.2937 0 
4.70848 0 47.2236 56.5972 40.2774 41.3484 41.2409 58.4953 44.5084 79.2811 79.5852 4.70848 
51.0652 47.2236 0 9.37364 30.3415 35.8762 55.0961 105.719 91.732 59.6506 33.2285 51.0652 
58.8982 56.5972 9.37364 0 39.7151 45.2498 64.4697 115.093 101.106 69.0242 39.2896 58.8982 
44.9858 40.2774 30.3415 39.7151 0 5.53471 24.7546 75.3774 61.3906 39.0037 39.3079 44.9858 
46.0569 41.3484 35.8762 45.2498 5.53471 0 19.2199 69.8427 55.8559 37.9327 38.2368 46.0569 
45.9494 41.2409 55.0961 64.4697 24.7546 19.2199 0 50.6228 36.636 38.0402 38.3443 45.9494 
56.1943 58.4953 105.719 115.093 75.3774 69.8427 50.6228 0 13.9869 46.0683 75.8029 56.1943 
45.6069 44.5084 91.732 101.106 61.3906 55.8559 36.636 13.9869 0 38.3827 61.8161 45.6069 
83.9896 79.2811 59.6506 69.0242 39.0037 37.9327 38.0402 46.0683 38.3827 0 29.7346 83.9896 
84.2937 79.5852 33.2285 39.2896 39.3079 38.2368 38.3443 75.8029 61.8161 29.7346 0 84.2937 
0 0 0 0 0 0 0 0 0 0 0 0 
Printing tau_prime:
0 1.38963 18.8628 20.7538 12.9679 12.7376 12.2734 18.5478 16.4775 22.4324 22.9485 0 
1.38963 0 17.5471 19.4798 11.5804 11.3695 11.1331 18.3455 16.0281 21.2793 21.5965 1.38963 
18.8628 17.5471 0 2.4888 8.20541 9.60536 14.6724 28.1438 24.3672 18.0667 11.8559 18.8628 
20.7538 19.4798 2.4888 0 10.6737 12.0866 17.1594 30.631 26.8559 20.2241 13.5629 20.7538 
12.9679 11.5804 8.20541 10.6737 0 1.49484 6.56903 20.007 16.2795 12.937 10.4237 12.9679 
12.7376 11.3695 9.60536 12.0866 1.49484 0 5.09652 18.5566 14.8115 11.8707 10.2615 12.7376 
12.2734 11.1331 14.6724 17.1594 6.56903 5.09652 0 13.4717 9.715 10.159 12.1639 12.2734 
18.5478 18.3455 28.1438 30.631 20.007 18.5566 13.4717 0 3.85419 16.5907 23.0623 18.5478 
16.4775 16.0281 24.3672 26.8559 16.2795 14.8115 9.715 3.85419 0 13.2648 19.3369 16.4775 
22.4324 21.2793 18.0667 20.2241 12.937 11.8707 10.159 16.5907 13.2648 0 7.88499 22.4324 
22.9485 21.5965 11.8559 13.5629 10.4237 10.2615 12.1639 23.0623 19.3369 7.88499 0 22.9485 
0 0 0 0 0 0 0 0 0 0 0 0 
Warning:  Output names have been modified due to duplicate names or characters invalid in LP format.
Version identifier: 22.1.1.0 | 2022-11-28 | 9160aff4d
CPXPARAM_TimeLimit                               200
CPXPARAM_MIP_Tolerances_Integrality              0
Tried aggregator 2 times.
MIP Presolve eliminated 1363 rows and 2046 columns.
MIP Presolve modified 1607 coefficients.
Aggregator did 38 substitutions.
Reduced MIP has 988 rows, 2692 columns, and 24184 nonzeros.
Reduced MIP has 2671 binaries, 0 generals, 0 SOSs, and 0 indicators.
Presolve time = 0.02 sec. (43.29 ticks)
Found incumbent of value 49103.811320 after 0.04 sec. (67.87 ticks)
Probing fixed 277 vars, tightened 0 bounds.
Probing changed sense of 4 constraints.
Probing time = 0.04 sec. (86.32 ticks)
Cover probing fixed 0 vars, tightened 3 bounds.
Tried aggregator 2 times.
MIP Presolve eliminated 82 rows and 277 columns.
MIP Presolve modified 154 coefficients.
Aggregator did 7 substitutions.
Reduced MIP has 899 rows, 2408 columns, and 19601 nonzeros.
Reduced MIP has 2387 binaries, 0 generals, 0 SOSs, and 0 indicators.
Presolve time = 0.01 sec. (16.84 ticks)
Probing time = 0.00 sec. (5.27 ticks)
Tried aggregator 2 times.
Detecting symmetries...
MIP Presolve eliminated 11 rows and 0 columns.
MIP Presolve modified 6 coefficients.
Aggregator did 2 substitutions.
Reduced MIP has 886 rows, 2406 columns, and 19586 nonzeros.
Reduced MIP has 2385 binaries, 0 generals, 0 SOSs, and 0 indicators.
Presolve time = 0.01 sec. (12.46 ticks)
Probing time = 0.00 sec. (5.24 ticks)
Clique table members: 10658.
MIP emphasis: balance optimality and feasibility.
MIP search method: dynamic search.
Parallel mode: deterministic, using up to 20 threads.
Root relaxation solution time = 0.07 sec. (149.44 ticks)

        Nodes                                         Cuts/
   Node  Left     Objective  IInf  Best Integer    Best Bound    ItCnt     Gap

*     0+    0                        49103.8113        4.7085            99.99%
      0     0      164.5674   315    49103.8113      164.5674       32   99.66%
*     0+    0                          313.3527      164.5674            47.48%
      0     0      171.8323   296      313.3527      Cuts: 26      910   45.16%
      0     0      180.8720   297      313.3527      Cuts: 36     2223   42.28%
      0     0      186.5912   286      313.3527      Cuts: 23     2937   40.45%
*     0+    0                          313.3527      186.5912            40.45%
      0     0      190.1153   347      313.3527      Cuts: 15     3632   39.33%
      0     0      191.0693   343      313.3527      Cuts: 11     4820   39.02%
Detecting symmetries...
      0     0      192.0363   346      313.3527       Cuts: 4     5698   38.72%
      0     0      192.8646   321      313.3527   ZeroHalf: 3     6170   38.45%
      0     0      193.8036   387      313.3527  ZeroHalf: 10     6998   38.15%
      0     0      193.9730   408      313.3527       Cuts: 3     7770   38.10%
      0     0      194.0449   395      313.3527   ZeroHalf: 2     8158   38.07%
      0     0      194.3037   390      313.3527       Cuts: 5     8751   37.99%
      0     0      195.8084   348      313.3527       Cuts: 7     9713   37.51%
      0     0      196.0684   365      313.3527       Cuts: 3     9936   37.43%
      0     0      196.3696   392      313.3527       Cuts: 4    10213   37.33%
      0     0      196.5653   416      313.3527   ZeroHalf: 3    10754   37.27%
*     0+    0                          310.4509      196.5653            36.68%
Detecting symmetries...
      0     2      196.5653   416      310.4509      196.5653    10754   36.68%
Elapsed time = 1.64 sec. (2810.95 ticks, tree = 0.02 MB, solutions = 4)
      2     3      196.9952   368      310.4509      196.5690    11121   36.68%
     51    35      235.1281    86      310.4509      201.3751    22359   35.13%
    636   156    infeasible            310.4509      202.8526    78282   34.66%
   1128   322      257.4794    93      310.4509      202.8526   126945   34.66%
   1185   428      265.9256   160      310.4509      202.8526   157476   34.66%
   1504   426      223.6071   203      310.4509      202.8526   158055   34.66%
   1900   834      247.5997   232      310.4509      202.8526   246315   34.66%
*  1980+  774                          309.2928      202.8526            34.41%
*  2090+  921                          302.9365      202.8526            33.04%
   2285   919      250.1353   142      302.9365      204.8051   273942   32.39%
   2404  1200      283.3815   127      302.9365      204.8051   333987   32.39%
   4025  2099      251.3631   118      302.9365      207.0171   544528   31.66%
Elapsed time = 4.50 sec. (6010.44 ticks, tree = 7.37 MB, solutions = 6)
*  4440+ 2472                          282.1975      227.7491            19.29%
*  4834  1809      integral     0      278.5876      227.7539   649535   18.25%

Performing restart 1

Repeating presolve.
Tried aggregator 2 times.
MIP Presolve eliminated 18 rows and 75 columns.
MIP Presolve modified 6442 coefficients.
Aggregator did 2 substitutions.
Reduced MIP has 866 rows, 2329 columns, and 16102 nonzeros.
Reduced MIP has 2308 binaries, 0 generals, 0 SOSs, and 0 indicators.
Presolve time = 0.02 sec. (27.91 ticks)
Tried aggregator 2 times.
MIP Presolve eliminated 4 rows and 9 columns.
MIP Presolve modified 70 coefficients.
Aggregator did 2 substitutions.
Reduced MIP has 860 rows, 2318 columns, and 16028 nonzeros.
Reduced MIP has 2297 binaries, 0 generals, 0 SOSs, and 0 indicators.
Presolve time = 0.01 sec. (15.70 ticks)
Represolve time = 0.08 sec. (115.59 ticks)
*  7171+    0                          274.5254      236.1780            13.97%
   7171     0      198.8064   420      274.5254      Cuts: 22  1015624   13.97%
   7171     0      198.9976   391      274.5254      Cuts: 18  1016249   13.97%
   7171     0      200.4870   391      274.5254   ZeroHalf: 2  1017009   13.97%
   7171     0      200.4870   387      274.5254    GUBcuts: 1  1017015   13.97%
   7171     0      200.4873   391      274.5254     Covers: 1  1017017   13.97%
   7171     0      200.5051   389      274.5254       Cuts: 2  1017077   13.97%
   7171     2      200.5051   389      274.5254      236.1780  1017077   13.97%
   7174     4      237.0718    72      274.5254      236.1780  1020078   13.97%
   8009    48      271.4025    58      274.5254      236.1780  1074772   13.97%
   8230    14      252.6523   192      274.5254      236.1780  1116491   13.97%
   9015    98        cutoff            274.5254      236.1780  1174500   13.97%
   9835   489      253.4048   105      274.5254      236.1780  1314447   13.97%
  11136  1220      239.8523   147      274.5254      236.1780  1473309   13.97%
  11685  1438      270.1101   149      274.5254      236.1780  1571560   13.97%
  12444  1946        cutoff            274.5254      236.1780  1730094   13.97%
Elapsed time = 16.50 sec. (19198.97 ticks, tree = 6.61 MB, solutions = 9)
  12845  1771        cutoff            274.5254      236.1780  1860356   13.97%
  13397  1465        cutoff            274.5254      236.1780  1948074   13.97%
* 14738   377      integral     0      274.1239      236.1780  2087965   13.84%
  14819   299        cutoff            274.1239      236.1780  2090471   13.84%
  15201     8      223.6870   311      274.1239      236.1780  2123729   13.84%
  15233    12      271.4665    74      274.1239      236.1780  2135124   13.84%
  15283    13      257.4599   120      274.1239      236.1780  2142492   13.84%
  15389    49      233.2015   212      274.1239      236.1780  2157041   13.84%
  15476    13      245.9269   167      274.1239      236.1780  2188416   13.84%

GUB cover cuts applied:  7
Clique cuts applied:  21
Cover cuts applied:  7
Mixed integer rounding cuts applied:  13
Zero-half cuts applied:  26
Lift and project cuts applied:  1
Gomory fractional cuts applied:  3

Root node processing (before b&c):
  Real time             =    1.52 sec. (2750.99 ticks)
Parallel b&c, 20 threads:
  Real time             =   21.25 sec. (24812.62 ticks)
  Sync time (average)   =    8.87 sec.
  Wait time (average)   =    0.01 sec.
                          ------------
Total (root+branch&cut) =   22.77 sec. (27563.61 ticks)
Feasible solution found!
Truck nodes:
Stage 1 at customer 0 with arrival time is: 0
Stage 1 at customer 0 with departure time is: 0
Stage 2 at customer 1 with arrival time is: 4.70848
Stage 2 at customer 1 with departure time is: 4.70848
Stage 3 at customer 5 with arrival time is: 46.0569
Stage 3 at customer 5 with departure time is: 47.0569
Stage 4 at customer 4 with arrival time is: 52.5916
Stage 4 at customer 4 with departure time is: 59.7224
Stage 5 at customer 2 with arrival time is: 90.0639
Stage 5 at customer 2 with departure time is: 90.0639
Stage 6 at customer 3 with arrival time is: 99.4376
Stage 6 at customer 3 with departure time is: 99.4376
Stage 7 at customer 10 with arrival time is: 138.727
Stage 7 at customer 10 with departure time is: 138.727
Stage 8 at customer 9 with arrival time is: 168.462
Stage 8 at customer 9 with departure time is: 168.462
Stage 9 at customer 7 with arrival time is: 214.53
Stage 9 at customer 7 with departure time is: 214.53
Stage 10 at customer 8 with arrival time is: 228.517
Stage 10 at customer 8 with departure time is: 228.517
Stage 11 at customer 11 with arrival time is: 274.124
Stage 11 at customer 11 with departure time is: 274.124
Truck arcs:
Arc 1 connecting 0 and 1 with cost 4.70848 
Arc 2 connecting 1 and 5 with cost 41.3484 
Arc 3 connecting 5 and 4 with cost 5.53471 
Arc 4 connecting 4 and 2 with cost 30.3415 
Arc 5 connecting 2 and 3 with cost 9.37364 
Arc 6 connecting 3 and 10 with cost 39.2896 
Arc 7 connecting 10 and 9 with cost 29.7346 
Arc 8 connecting 9 and 7 with cost 46.0683 
Arc 9 connecting 7 and 8 with cost 13.9869 
Arc 10 connecting 8 and 11 with cost 45.6069 
Customer 6 served by drone.
Drone fly from 5 at stage 3 to serve 6 and then fly back to 4 at stage 4. 
Truck arcs during this sortie: 5--->4
Truck travel time from stage 3 to 4 is: 5.53471
Total drone travel time: 11.6655
Drone arrival time: 58.7224
Truck arrival time: 52.5916
Truck departure time = max(d/a, t/a) plus (sl/sr): 59.7224
Done!
-------------------------Re-calculated objective-----------------------
274.124
------------------------------------------------------------------------
Solve time: 22.77
OBJECTIVE VALUE: 274.124, NUMBER OF SORTIES: 1.
Number of revisit: 0
In write mode
