Instance name: /home/cuong/CLionProjects/uMV-FSTSP/50_dis_rand_ins/v94
Write arg val: 1

drone speed: 1 miles/minute
uav non-eligible customer: 2 9 11 
Printing tau:
0 25.767 53.9981 46.6626 17.0643 17.4446 25.4303 25.373 58.6582 53.8005 51.2754 0 
25.767 0 61.203 53.8675 42.8313 43.2115 51.1972 51.1399 51.4532 79.5674 77.0424 25.767 
53.9981 61.203 0 7.3355 55.6205 65.4116 60.9535 77.898 112.656 58.0151 53.2477 53.9981 
46.6626 53.8675 7.3355 0 48.285 58.0761 53.618 70.5625 105.321 50.6796 45.9122 46.6626 
17.0643 42.8313 55.6205 48.285 0 9.79113 8.36595 22.2775 57.0358 36.7361 34.2111 17.0643 
17.4446 43.2115 65.4116 58.0761 9.79113 0 7.98572 12.4864 47.2446 36.3559 33.8308 17.4446 
25.4303 51.1972 60.9535 53.618 8.36595 7.98572 0 16.9446 51.7028 28.3702 25.8451 25.4303 
25.373 51.1399 77.898 70.5625 22.2775 12.4864 16.9446 0 34.7582 28.4275 25.9025 25.373 
58.6582 51.4532 112.656 105.321 57.0358 47.2446 51.7028 34.7582 0 54.6411 59.4085 58.6582 
53.8005 79.5674 58.0151 50.6796 36.7361 36.3559 28.3702 28.4275 54.6411 0 4.76739 53.8005 
51.2754 77.0424 53.2477 45.9122 34.2111 33.8308 25.8451 25.9025 59.4085 4.76739 0 51.2754 
0 0 0 0 0 0 0 0 0 0 0 0 
Printing tau_prime:
0 7.09457 16.3829 13.9945 4.54527 5.5278 6.99089 9.2428 16.429 14.3057 13.5979 0 
7.09457 0 21.9598 19.5653 11.4534 11.5124 13.5759 14.2648 18.2509 21.1154 20.5376 7.09457 
16.3829 21.9598 0 2.41013 15.1437 17.6627 16.2086 20.6926 29.9917 16.6254 15.2024 16.3829 
13.9945 19.5653 2.41013 0 12.9608 15.5181 14.2191 18.7117 27.9553 15.502 14.0724 13.9945 
4.54527 11.4534 15.1437 12.9608 0 2.59822 2.63075 6.30469 15.1432 9.76181 9.09337 4.54527 
5.5278 11.5124 17.6627 15.5181 2.59822 0 2.42517 3.92202 12.5452 9.8378 9.53299 5.5278 
6.99089 13.5759 16.2086 14.2191 2.63075 2.42517 0 4.49313 13.7866 7.56302 7.15134 6.99089 
9.2428 14.2648 20.6926 18.7117 6.30469 3.92202 4.49313 0 9.32822 9.19879 9.48154 9.2428 
16.429 18.2509 29.9917 27.9553 15.1432 12.5452 13.7866 9.32822 0 17.0441 17.809 16.429 
14.3057 21.1154 16.6254 15.502 9.76181 9.8378 7.56302 9.19879 17.0441 0 1.43051 14.3057 
13.5979 20.5376 15.2024 14.0724 9.09337 9.53299 7.15134 9.48154 17.809 1.43051 0 13.5979 
0 0 0 0 0 0 0 0 0 0 0 0 
Warning:  Output names have been modified due to duplicate names or characters invalid in LP format.
Version identifier: 22.1.1.0 | 2022-11-28 | 9160aff4d
CPXPARAM_TimeLimit                               200
CPXPARAM_MIP_Tolerances_Integrality              0
Tried aggregator 2 times.
MIP Presolve eliminated 1054 rows and 1834 columns.
MIP Presolve modified 1702 coefficients.
Aggregator did 38 substitutions.
Reduced MIP has 997 rows, 2904 columns, and 26850 nonzeros.
Reduced MIP has 2883 binaries, 0 generals, 0 SOSs, and 0 indicators.
Presolve time = 0.03 sec. (47.81 ticks)
Probing fixed 280 vars, tightened 0 bounds.
Probing changed sense of 4 constraints.
Probing time = 0.04 sec. (89.47 ticks)
Tried aggregator 2 times.
MIP Presolve eliminated 89 rows and 305 columns.
MIP Presolve modified 222 coefficients.
Aggregator did 12 substitutions.
Reduced MIP has 896 rows, 2587 columns, and 22333 nonzeros.
Reduced MIP has 2566 binaries, 0 generals, 0 SOSs, and 0 indicators.
Presolve time = 0.02 sec. (36.02 ticks)
Probing time = 0.00 sec. (5.92 ticks)
Tried aggregator 2 times.
Detecting symmetries...
MIP Presolve eliminated 11 rows and 0 columns.
MIP Presolve modified 6 coefficients.
Aggregator did 2 substitutions.
Reduced MIP has 883 rows, 2585 columns, and 22318 nonzeros.
Reduced MIP has 2564 binaries, 0 generals, 0 SOSs, and 0 indicators.
Presolve time = 0.01 sec. (14.09 ticks)
Probing time = 0.01 sec. (5.91 ticks)
Clique table members: 9190.
MIP emphasis: balance optimality and feasibility.
MIP search method: dynamic search.
Parallel mode: deterministic, using up to 20 threads.
Root relaxation solution time = 0.09 sec. (147.22 ticks)

        Nodes                                         Cuts/
   Node  Left     Objective  IInf  Best Integer    Best Bound    ItCnt     Gap

      0     0      119.6182   166                    119.6182       25         
      0     0      181.0853   185                    Cuts: 34     1477         
      0     0      197.8443   213                    Cuts: 40     2016         
      0     0      198.1730   206                    Cuts: 20     2575         
*     0+    0                        44175.7067      198.1730            99.55%
      0     0      198.1730   203    44175.7067      Cuts: 11     2794   99.55%
*     0+    0                          382.4025      198.1730            48.18%
*     0+    0                          368.6734      198.1730            46.25%
*     0+    0                          303.4975      198.1730            34.70%
*     0+    0                          275.6743      198.1730            28.11%
*     0+    0                          256.9876      198.1864            22.88%
      0     0  -1.00000e+75     0      256.9876      198.1864     2794   22.88%
*     0+    0                          254.1926      198.1864            22.03%
Detecting symmetries...
      0     2      198.1730   196      254.1926      198.1864     2794   22.03%
Elapsed time = 1.01 sec. (1564.47 ticks, tree = 0.02 MB, solutions = 7)
*   227+   28                          247.4528      198.1864            19.91%
    741    38      210.2311    92      247.4528      198.1864    23721   19.91%
   1272    64      231.0395    39      247.4528      198.3214    41866   19.85%
   2038    96      235.6221    83      247.4528      198.3214    65401   19.85%
   2852    90      212.2451    90      247.4528      200.1956   108343   19.10%
*  3417   186      integral     0      245.2380      200.1956   131260   18.37%
   4070   114        cutoff            245.2380      200.1956   160853   18.37%
   5073    27      240.8324   125      245.2380      201.4684   206900   17.85%
   5417    33      234.9880   115      245.2380      210.7894   227289   14.05%
   6138    50      225.5111   100      245.2380      214.3698   254291   12.59%

GUB cover cuts applied:  4
Clique cuts applied:  7
Cover cuts applied:  100
Implied bound cuts applied:  28
Mixed integer rounding cuts applied:  5
Zero-half cuts applied:  14
Lift and project cuts applied:  2
Gomory fractional cuts applied:  9

Root node processing (before b&c):
  Real time             =    0.99 sec. (1543.40 ticks)
Parallel b&c, 20 threads:
  Real time             =    2.13 sec. (2363.98 ticks)
  Sync time (average)   =    1.12 sec.
  Wait time (average)   =    0.00 sec.
                          ------------
Total (root+branch&cut) =    3.12 sec. (3907.38 ticks)
Feasible solution found!
Truck nodes:
Stage 1 at customer 0 with arrival time is: 0
Stage 1 at customer 0 with departure time is: 0
Stage 2 at customer 4 with arrival time is: 17.0643
Stage 2 at customer 4 with departure time is: 20.548
Stage 3 at customer 5 with arrival time is: 30.3391
Stage 3 at customer 5 with departure time is: 31.3391
Stage 4 at customer 7 with arrival time is: 43.8255
Stage 4 at customer 7 with departure time is: 43.8255
Stage 5 at customer 8 with arrival time is: 78.5837
Stage 5 at customer 8 with departure time is: 78.5837
Stage 6 at customer 9 with arrival time is: 133.225
Stage 6 at customer 9 with departure time is: 133.225
Stage 7 at customer 10 with arrival time is: 137.992
Stage 7 at customer 10 with departure time is: 137.992
Stage 8 at customer 3 with arrival time is: 183.904
Stage 8 at customer 3 with departure time is: 183.904
Stage 9 at customer 2 with arrival time is: 191.24
Stage 9 at customer 2 with departure time is: 191.24
Stage 10 at customer 11 with arrival time is: 245.238
Stage 10 at customer 11 with departure time is: 245.238
Truck arcs:
Arc 1 connecting 0 and 4 with cost 17.0643 
Arc 2 connecting 4 and 5 with cost 9.79113 
Arc 3 connecting 5 and 7 with cost 12.4864 
Arc 4 connecting 7 and 8 with cost 34.7582 
Arc 5 connecting 8 and 9 with cost 54.6411 
Arc 6 connecting 9 and 10 with cost 4.76739 
Arc 7 connecting 10 and 3 with cost 45.9122 
Arc 8 connecting 3 and 2 with cost 7.3355 
Arc 9 connecting 2 and 11 with cost 53.9981 
Customer 1 served by drone.
Drone fly from 0 at stage 1 to serve 1 and then fly back to 4 at stage 2. 
Truck arcs during this sortie: 0--->4
Truck travel time from stage 1 to 2 is: 17.0643
Total drone travel time: 18.548
Drone arrival time: 18.548
Truck arrival time: 17.0643
Truck departure time = max(d/a, t/a) plus (sl/sr): 20.548
Customer 6 served by drone.
Drone fly from 4 at stage 2 to serve 6 and then fly back to 5 at stage 3. 
Truck arcs during this sortie: 4--->5
Truck travel time from stage 2 to 3 is: 9.79113
Total drone travel time: 5.05592
Drone arrival time: 25.6039
Truck arrival time: 30.3391
Truck departure time = max(d/a, t/a) plus (sl/sr): 31.3391
Done!
-------------------------Re-calculated objective-----------------------
245.238
------------------------------------------------------------------------
Solve time: 3.119
OBJECTIVE VALUE: 245.238, NUMBER OF SORTIES: 2.
Number of revisit: 0
In write mode
