Instance name: /home/cuong/CLionProjects/uMV-FSTSP/50_dis_rand_ins/v96
Write arg val: 1

drone speed: 1 miles/minute
uav non-eligible customer: 11 
Printing tau:
0 19.6198 56.619 53.1568 36.0878 35.697 38.0092 46.6703 41.4093 96.2632 84.9762 0 
19.6198 0 46.2231 33.537 45.9066 45.5157 47.828 66.2901 53.1864 106.082 94.795 19.6198 
56.619 46.2231 0 22.2186 63.2513 62.038 42.4841 103.289 90.1857 59.8588 52.9775 56.619 
53.1568 33.537 22.2186 0 59.7891 58.5758 39.0218 99.8271 86.7234 82.0774 70.7905 53.1568 
36.0878 45.9066 63.2513 59.7891 0 1.2133 20.7673 40.038 26.9343 60.1754 48.8884 36.0878 
35.697 45.5157 62.038 58.5758 1.2133 0 19.554 41.2513 28.1476 60.5662 49.2793 35.697 
38.0092 47.828 42.4841 39.0218 20.7673 19.554 0 60.8052 47.7016 58.254 46.967 38.0092 
46.6703 66.2901 103.289 99.8271 40.038 41.2513 60.8052 0 13.1036 65.5699 54.2829 46.6703 
41.4093 53.1864 90.1857 86.7234 26.9343 28.1476 47.7016 13.1036 0 54.8539 43.5669 41.4093 
96.2632 106.082 59.8588 82.0774 60.1754 60.5662 58.254 65.5699 54.8539 0 11.287 96.2632 
84.9762 94.795 52.9775 70.7905 48.8884 49.2793 46.967 54.2829 43.5669 11.287 0 84.9762 
0 0 0 0 0 0 0 0 0 0 0 0 
Printing tau_prime:
0 5.81761 17.849 14.5886 9.72948 9.57403 10.7531 14.8118 14.1347 25.6029 22.5534 0 
5.81761 0 15.6997 10.9361 14.0227 13.7749 12.7654 20.6005 19.5812 28.3123 25.4909 5.81761 
17.849 15.6997 0 5.9627 16.7723 16.4514 11.2733 27.4306 23.9509 20.5327 19.0584 17.849 
14.5886 10.9361 5.9627 0 16.8842 16.5465 12.1232 26.8301 24.1024 24.9049 22.9073 14.5886 
9.72948 14.0227 16.7723 16.8842 0 0.338005 5.53027 10.7126 7.28011 16.3904 13.2467 9.72948 
9.57403 13.7749 16.4514 16.5465 0.338005 0 5.22115 11.0186 7.61592 16.4212 13.2862 9.57403 
10.7531 12.7654 11.2733 12.1232 5.53027 5.22115 0 16.2397 12.6809 15.5468 12.7611 10.7531 
14.8118 20.6005 27.4306 26.8301 10.7126 11.0186 16.2397 0 4.48857 22.5525 19.6256 14.8118 
14.1347 19.5812 23.9509 24.1024 7.28011 7.61592 12.6809 4.48857 0 18.1696 15.1922 14.1347 
25.6029 28.3123 20.5327 24.9049 16.3904 16.4212 15.5468 22.5525 18.1696 0 3.1628 25.6029 
22.5534 25.4909 19.0584 22.9073 13.2467 13.2862 12.7611 19.6256 15.1922 3.1628 0 22.5534 
0 0 0 0 0 0 0 0 0 0 0 0 
Warning:  Output names have been modified due to duplicate names or characters invalid in LP format.
Version identifier: 22.1.1.0 | 2022-11-28 | 9160aff4d
CPXPARAM_TimeLimit                               200
CPXPARAM_MIP_Tolerances_Integrality              0
Tried aggregator 2 times.
MIP Presolve eliminated 1487 rows and 1943 columns.
MIP Presolve modified 1931 coefficients.
Aggregator did 41 substitutions.
Reduced MIP has 967 rows, 2792 columns, and 24195 nonzeros.
Reduced MIP has 2771 binaries, 0 generals, 0 SOSs, and 0 indicators.
Presolve time = 0.02 sec. (41.74 ticks)
Probing fixed 201 vars, tightened 0 bounds.
Probing changed sense of 4 constraints.
Probing time = 0.05 sec. (92.51 ticks)
Tried aggregator 2 times.
Detecting symmetries...
MIP Presolve eliminated 19 rows and 201 columns.
MIP Presolve modified 226 coefficients.
Aggregator did 2 substitutions.
Reduced MIP has 946 rows, 2589 columns, and 21070 nonzeros.
Reduced MIP has 2568 binaries, 0 generals, 0 SOSs, and 0 indicators.
Presolve time = 0.01 sec. (20.12 ticks)
Probing time = 0.01 sec. (5.65 ticks)
Clique table members: 7731.
MIP emphasis: balance optimality and feasibility.
MIP search method: dynamic search.
Parallel mode: deterministic, using up to 20 threads.
Root relaxation solution time = 0.10 sec. (170.55 ticks)

        Nodes                                         Cuts/
   Node  Left     Objective  IInf  Best Integer    Best Bound    ItCnt     Gap

      0     0      141.7485   311                    141.7485       38         
*     0+    0                        51342.5254      141.7485            99.72%
      0     0      155.3247   331    51342.5254      Cuts: 73     2180   99.70%
      0     0      162.2142   343    51342.5254      Cuts: 20     3547   99.68%
*     0+    0                          296.0825      162.2142            45.21%
      0     0      167.9594   376      296.0825      Cuts: 21     5158   43.27%
      0     0      169.6579   364      296.0825       Cuts: 7     6236   42.70%
      0     0      170.9548   369      296.0825      Cuts: 11     6538   42.26%
Detecting symmetries...
      0     0      172.2834   402      296.0825      Cuts: 10     7371   41.81%
      0     0      175.1035   396      296.0825      Cuts: 11     8031   40.86%
      0     0      179.8209   425      296.0825      Cuts: 10     8938   39.27%
      0     0      180.7591   402      296.0825       Cuts: 5     9133   38.95%
      0     0      181.2741   409      296.0825       Cuts: 5     9760   38.78%
      0     0      181.5583   421      296.0825       Cuts: 6     9946   38.68%
      0     0      182.2370   435      296.0825       Cuts: 3    10118   38.45%
      0     0      182.2603   426      296.0825   ZeroHalf: 1    10175   38.44%
Detecting symmetries...
      0     2      182.2603   426      296.0825      182.2603    10175   38.44%
Elapsed time = 1.78 sec. (2870.64 ticks, tree = 0.02 MB, solutions = 2)
*     8+    5                          295.1783      182.9549            38.02%
      8     9      215.7105   192      295.1783      182.9549    15365   38.02%
*    28+   14                          291.7170      183.9364            36.95%
    199    50      244.8790    75      291.7170      183.9364    45241   36.95%
    542   284      274.6467   119      291.7170      187.6356   132659   35.68%
    677   392      282.4294    59      291.7170      187.6356   174801   35.68%
    723   409      266.2896   136      291.7170      187.6356   197819   35.68%
   1070   479      232.9998   193      291.7170      187.6356   230158   35.68%
   1488   740      244.0883   159      291.7170      191.3825   325768   34.39%
   1915   977        cutoff            291.7170      193.8666   415232   33.54%
   2335  1181      250.7688   183      291.7170      201.4344   500546   30.95%
   3578  1830        cutoff            291.7170      201.8807   742911   30.80%
Elapsed time = 4.86 sec. (5997.52 ticks, tree = 2.45 MB, solutions = 4)
   5395  2641        cutoff            291.7170      211.6715  1043283   27.44%
   6978  3146      255.6950   155      291.7170      216.8808  1296384   25.65%

Performing restart 1

Repeating presolve.
Tried aggregator 2 times.
MIP Presolve eliminated 21 rows and 8 columns.
MIP Presolve modified 6437 coefficients.
Aggregator did 2 substitutions.
Reduced MIP has 922 rows, 2579 columns, and 17819 nonzeros.
Reduced MIP has 2558 binaries, 0 generals, 0 SOSs, and 0 indicators.
Presolve time = 0.02 sec. (25.85 ticks)
Tried aggregator 2 times.
MIP Presolve eliminated 7 rows and 1 columns.
MIP Presolve modified 4 coefficients.
Aggregator did 2 substitutions.
Reduced MIP has 913 rows, 2576 columns, and 17800 nonzeros.
Reduced MIP has 2555 binaries, 0 generals, 0 SOSs, and 0 indicators.
Presolve time = 0.01 sec. (12.11 ticks)
Represolve time = 0.09 sec. (131.76 ticks)
   7067     0      183.6057   423      291.7170      Cuts: 18  1393882   23.98%
*  7067+    0                          290.1946      221.7508            23.59%
   7067     0      184.1103   439      290.1946      Cuts: 16  1394902   23.59%
   7067     0      186.0218   417      290.1946      Cuts: 20  1395796   23.59%
   7067     0      186.3504   424      290.1946      Cuts: 22  1396303   23.59%
   7067     0      186.5504   446      290.1946  LiftProj: 14  1396694   23.59%
   7067     0      186.5918   446      290.1946  LiftProj: 13  1396954   23.59%
   7067     2      186.5918   446      290.1946      221.7508  1396954   23.59%
   7070     3      186.6851   415      290.1946      221.7508  1399269   23.59%
   7074     2      273.2694   201      290.1946      221.7508  1401255   23.59%
   7087     6      252.4461    92      290.1946      221.7508  1402419   23.59%
*  7276+    6                          289.9903      221.7508            23.53%
   7419    57      276.0069    71      289.9903      221.7508  1441797   23.53%
   8096   114      289.9675   138      289.9903      221.7508  1540093   23.53%
   8458    28      275.9454   105      289.9903      221.7508  1608978   23.53%
   9707   160        cutoff            289.9903      221.7508  1683916   23.53%
Elapsed time = 15.74 sec. (21090.09 ticks, tree = 0.16 MB, solutions = 6)
  10689    42      260.4441   128      289.9903      221.7508  1796350   23.53%
  11451   416      284.5024   211      289.9903      221.7508  1932214   23.53%
  13157  1122      282.1399     8      289.9903      221.7508  2089849   23.53%
  13530  1119      254.8221   238      289.9903      221.7508  2204643   23.53%
  15509   851        cutoff            289.9903      221.7508  2363237   23.53%
* 16072   607      integral     0      289.2904      221.7508  2440895   23.35%
  16665   163      288.1297   192      289.2904      221.7508  2466453   23.35%
  18113   150        cutoff            289.2904      221.7508  2599352   23.35%
  18595    50      276.9804   230      289.2904      221.7508  2691034   23.35%
  18752    54        cutoff            289.2904      236.1240  2712327   18.38%

GUB cover cuts applied:  2
Clique cuts applied:  20
Cover cuts applied:  9
Mixed integer rounding cuts applied:  7
Zero-half cuts applied:  50
Lift and project cuts applied:  14
Gomory fractional cuts applied:  2

Root node processing (before b&c):
  Real time             =    1.73 sec. (2805.34 ticks)
Parallel b&c, 20 threads:
  Real time             =   23.12 sec. (27500.19 ticks)
  Sync time (average)   =    8.22 sec.
  Wait time (average)   =    0.01 sec.
                          ------------
Total (root+branch&cut) =   24.85 sec. (30305.54 ticks)
Feasible solution found!
Truck nodes:
Stage 1 at customer 0 with arrival time is: 0
Stage 1 at customer 0 with departure time is: 0
Stage 2 at customer 1 with arrival time is: 19.6198
Stage 2 at customer 1 with departure time is: 19.6198
Stage 3 at customer 3 with arrival time is: 53.1568
Stage 3 at customer 3 with departure time is: 53.1568
Stage 4 at customer 2 with arrival time is: 75.3754
Stage 4 at customer 2 with departure time is: 75.3754
Stage 5 at customer 9 with arrival time is: 135.234
Stage 5 at customer 9 with departure time is: 135.234
Stage 6 at customer 10 with arrival time is: 146.521
Stage 6 at customer 10 with departure time is: 146.521
Stage 7 at customer 7 with arrival time is: 200.804
Stage 7 at customer 7 with departure time is: 200.804
Stage 8 at customer 8 with arrival time is: 213.908
Stage 8 at customer 8 with departure time is: 213.908
Stage 9 at customer 4 with arrival time is: 240.842
Stage 9 at customer 4 with departure time is: 241.842
Stage 10 at customer 5 with arrival time is: 243.055
Stage 10 at customer 5 with departure time is: 253.593
Stage 11 at customer 11 with arrival time is: 289.29
Stage 11 at customer 11 with departure time is: 289.29
Truck arcs:
Arc 1 connecting 0 and 1 with cost 19.6198 
Arc 2 connecting 1 and 3 with cost 33.537 
Arc 3 connecting 3 and 2 with cost 22.2186 
Arc 4 connecting 2 and 9 with cost 59.8588 
Arc 5 connecting 9 and 10 with cost 11.287 
Arc 6 connecting 10 and 7 with cost 54.2829 
Arc 7 connecting 7 and 8 with cost 13.1036 
Arc 8 connecting 8 and 4 with cost 26.9343 
Arc 9 connecting 4 and 5 with cost 1.2133 
Arc 10 connecting 5 and 11 with cost 35.697 
Customer 6 served by drone.
Drone fly from 4 at stage 9 to serve 6 and then fly back to 5 at stage 10. 
Truck arcs during this sortie: 4--->5
Truck travel time from stage 9 to 10 is: 1.2133
Total drone travel time: 10.7514
Drone arrival time: 252.593
Truck arrival time: 243.055
Truck departure time = max(d/a, t/a) plus (sl/sr): 253.593
Done!
-------------------------Re-calculated objective-----------------------
289.29
------------------------------------------------------------------------
Solve time: 24.854
OBJECTIVE VALUE: 289.29, NUMBER OF SORTIES: 1.
Number of revisit: 0
In write mode
