Instance name: /home/cuong/CLionProjects/uMV-FSTSP/50_dis_rand_ins/v99
Write arg val: 1

drone speed: 1 miles/minute
uav non-eligible customer: 5 6 11 
Printing tau:
0 15.7306 31.2213 34.9903 26.0953 30.3459 45.9026 53.4499 63.2908 86.3467 95.3678 0 
15.7306 0 46.7235 50.7209 41.5975 45.8481 61.4047 53.2121 56.227 101.849 110.87 15.7306 
31.2213 46.7235 0 8.60559 28.897 20.8269 19.8165 79.8346 89.6755 55.1254 64.1465 31.2213 
34.9903 50.7209 8.60559 0 37.5026 29.4325 28.4221 88.4402 98.2811 58.0126 67.0337 34.9903 
26.0953 41.5975 28.897 37.5026 0 8.07008 19.8072 50.9376 60.7786 60.2514 69.2725 26.0953 
30.3459 45.8481 20.8269 29.4325 8.07008 0 15.5566 59.0077 68.8487 56.0008 65.0219 30.3459 
45.9026 61.4047 19.8165 28.4221 19.8072 15.5566 0 60.0181 69.8591 40.4442 49.4652 45.9026 
53.4499 53.2121 79.8346 88.4402 50.9376 59.0077 60.0181 0 9.84095 48.6368 57.6579 53.4499 
63.2908 56.227 89.6755 98.2811 60.7786 68.8487 69.8591 9.84095 0 51.4718 61.3117 63.2908 
86.3467 101.849 55.1254 58.0126 60.2514 56.0008 40.4442 48.6368 51.4718 0 9.83996 86.3467 
95.3678 110.87 64.1465 67.0337 69.2725 65.0219 49.4652 57.6579 61.3117 9.83996 0 95.3678 
0 0 0 0 0 0 0 0 0 0 0 0 
Printing tau_prime:
0 5.85631 10.8391 11.9387 6.95156 8.18053 12.2957 17.3454 19.9566 23.1096 25.2936 0 
5.85631 0 16.6797 17.7764 11.5737 13.4039 17.3228 17.2953 19.5278 27.0267 29.6241 5.85631 
10.8391 16.6797 0 2.40691 7.78209 5.52744 6.53959 21.2391 23.912 17.7845 18.598 10.8391 
11.9387 17.7764 2.40691 0 9.96207 7.82267 8.8601 23.5827 26.267 19.7661 20.299 11.9387 
6.95156 11.5737 7.78209 9.96207 0 2.41859 5.77781 13.8536 16.5767 16.166 18.3692 6.95156 
8.18053 13.4039 5.52744 7.82267 2.41859 0 4.13377 15.7682 18.4625 15.5479 17.357 8.18053 
12.2957 17.3228 6.53959 8.8601 5.77781 4.13377 0 16.0623 18.575 11.7807 13.3108 12.2957 
17.3454 17.2953 21.2391 23.5827 13.8536 15.7682 16.0623 0 2.72919 16.9761 20.4945 17.3454 
19.9566 19.5278 23.912 26.267 16.5767 18.4625 18.575 2.72919 0 18.2381 21.7774 19.9566 
23.1096 27.0267 17.7845 19.7661 16.166 15.5479 11.7807 16.9761 18.2381 0 3.53977 23.1096 
25.2936 29.6241 18.598 20.299 18.3692 17.357 13.3108 20.4945 21.7774 3.53977 0 25.2936 
0 0 0 0 0 0 0 0 0 0 0 0 
Warning:  Output names have been modified due to duplicate names or characters invalid in LP format.
Version identifier: 22.1.1.0 | 2022-11-28 | 9160aff4d
CPXPARAM_TimeLimit                               200
CPXPARAM_MIP_Tolerances_Integrality              0
Tried aggregator 2 times.
MIP Presolve eliminated 1364 rows and 2263 columns.
MIP Presolve modified 1522 coefficients.
Aggregator did 38 substitutions.
Reduced MIP has 987 rows, 2475 columns, and 20924 nonzeros.
Reduced MIP has 2454 binaries, 0 generals, 0 SOSs, and 0 indicators.
Presolve time = 0.02 sec. (35.71 ticks)
Probing fixed 361 vars, tightened 0 bounds.
Probing changed sense of 4 constraints.
Probing time = 0.03 sec. (68.92 ticks)
Cover probing fixed 0 vars, tightened 2 bounds.
Tried aggregator 2 times.
MIP Presolve eliminated 116 rows and 372 columns.
MIP Presolve modified 162 coefficients.
Aggregator did 5 substitutions.
Reduced MIP has 866 rows, 2098 columns, and 15199 nonzeros.
Reduced MIP has 2077 binaries, 0 generals, 0 SOSs, and 0 indicators.
Presolve time = 0.01 sec. (25.02 ticks)
Probing fixed 6 vars, tightened 0 bounds.
Probing time = 0.02 sec. (45.44 ticks)
Tried aggregator 2 times.
Detecting symmetries...
MIP Presolve eliminated 12 rows and 7 columns.
MIP Presolve modified 6 coefficients.
Aggregator did 2 substitutions.
Reduced MIP has 852 rows, 2089 columns, and 15164 nonzeros.
Reduced MIP has 2068 binaries, 0 generals, 0 SOSs, and 0 indicators.
Presolve time = 0.01 sec. (12.93 ticks)
Probing time = 0.01 sec. (6.25 ticks)
Clique table members: 10364.
MIP emphasis: balance optimality and feasibility.
MIP search method: dynamic search.
Parallel mode: deterministic, using up to 20 threads.
Root relaxation solution time = 0.09 sec. (140.66 ticks)

        Nodes                                         Cuts/
   Node  Left     Objective  IInf  Best Integer    Best Bound    ItCnt     Gap

      0     0      136.6317   201                    136.6317       29         
      0     0      185.2264   255                    Cuts: 49      995         
      0     0      186.2983   276                    Cuts: 23     1227         
      0     0      186.6358   278                    Cuts: 15     1314         
      0     0      186.7775   283                     Cuts: 6     1458         
      0     0      187.0915   318                 ZeroHalf: 8     1618         
Detecting symmetries...
      0     0      187.1420   311                     Cuts: 7     1697         
      0     0      187.1656   335                 ZeroHalf: 1     1749         
      0     0      187.1657   322                 ZeroHalf: 4     1760         
      0     0      187.1657   323                  Cliques: 1     1770         
*     0+    0                          389.7862      187.1657            51.98%
*     0+    0                          372.9820      187.1657            49.82%
Detecting symmetries...
      0     2      187.1657   323      372.9820      187.8670     1770   49.63%
Elapsed time = 0.93 sec. (1386.04 ticks, tree = 0.02 MB, solutions = 2)
*   104+    9                          355.8195      196.8823            44.67%
    288    14      208.0938   165      355.8195      199.6922    21577   43.88%
*   726+  159                          336.7131      205.4527            38.98%
    870   273      272.9874    70      336.7131      205.4527    76740   38.98%
*   974+  253                          331.9348      205.4527            38.10%
*  1387+  493                          314.3820      205.4527            34.65%
   1677   594      241.5156    97      314.3820      205.4527   129724   34.65%
*  1763+  726                          266.2071      205.4527            22.82%
*  1928+  719                          253.8162      205.4527            19.05%
*  2208+  373                          249.6482      224.9262             9.90%
   2390   325        cutoff            249.6482      224.9262   187153    9.90%
   3854   254      247.3968   139      249.6482      234.1354   235560    6.21%

GUB cover cuts applied:  1
Clique cuts applied:  10
Cover cuts applied:  32
Implied bound cuts applied:  12
Mixed integer rounding cuts applied:  1
Zero-half cuts applied:  22
Lift and project cuts applied:  1
Gomory fractional cuts applied:  4

Root node processing (before b&c):
  Real time             =    0.91 sec. (1370.41 ticks)
Parallel b&c, 20 threads:
  Real time             =    1.39 sec. (1306.81 ticks)
  Sync time (average)   =    0.59 sec.
  Wait time (average)   =    0.00 sec.
                          ------------
Total (root+branch&cut) =    2.31 sec. (2677.22 ticks)
Feasible solution found!
Truck nodes:
Stage 1 at customer 0 with arrival time is: 0
Stage 1 at customer 0 with departure time is: 0
Stage 2 at customer 1 with arrival time is: 15.7306
Stage 2 at customer 1 with departure time is: 15.7306
Stage 3 at customer 7 with arrival time is: 68.9427
Stage 3 at customer 7 with departure time is: 68.9427
Stage 4 at customer 8 with arrival time is: 78.7836
Stage 4 at customer 8 with departure time is: 78.7836
Stage 5 at customer 9 with arrival time is: 130.255
Stage 5 at customer 9 with departure time is: 130.255
Stage 6 at customer 10 with arrival time is: 140.095
Stage 6 at customer 10 with departure time is: 140.095
Stage 7 at customer 6 with arrival time is: 189.561
Stage 7 at customer 6 with departure time is: 190.561
Stage 8 at customer 5 with arrival time is: 206.117
Stage 8 at customer 5 with departure time is: 209.243
Stage 9 at customer 4 with arrival time is: 217.313
Stage 9 at customer 4 with departure time is: 223.553
Stage 10 at customer 11 with arrival time is: 249.648
Stage 10 at customer 11 with departure time is: 249.648
Truck arcs:
Arc 1 connecting 0 and 1 with cost 15.7306 
Arc 2 connecting 1 and 7 with cost 53.2121 
Arc 3 connecting 7 and 8 with cost 9.84095 
Arc 4 connecting 8 and 9 with cost 51.4718 
Arc 5 connecting 9 and 10 with cost 9.83996 
Arc 6 connecting 10 and 6 with cost 49.4652 
Arc 7 connecting 6 and 5 with cost 15.5566 
Arc 8 connecting 5 and 4 with cost 8.07008 
Arc 9 connecting 4 and 11 with cost 26.0953 
Customer 2 served by drone.
Drone fly from 5 at stage 8 to serve 2 and then fly back to 4 at stage 9. 
Truck arcs during this sortie: 5--->4
Truck travel time from stage 8 to 9 is: 8.07008
Total drone travel time: 13.3095
Drone arrival time: 222.553
Truck arrival time: 217.313
Truck departure time = max(d/a, t/a) plus (sl/sr): 223.553
Customer 3 served by drone.
Drone fly from 6 at stage 7 to serve 3 and then fly back to 5 at stage 8. 
Truck arcs during this sortie: 6--->5
Truck travel time from stage 7 to 8 is: 15.5566
Total drone travel time: 16.6828
Drone arrival time: 207.243
Truck arrival time: 206.117
Truck departure time = max(d/a, t/a) plus (sl/sr): 209.243
Done!
-------------------------Re-calculated objective-----------------------
249.648
------------------------------------------------------------------------
Solve time: 2.308
OBJECTIVE VALUE: 249.648, NUMBER OF SORTIES: 2.
Number of revisit: 0
In write mode
