Instance name: /home/orlab/CLionProjects/RV-FSTSP/Murray_instances/FSTSP/FSTSP_10_customer_problems/20140810T123437v3
Write arg val: 1
Input is specified as type M: Murray instance.-.-.-.-.-.-.-.-.-.-.-.-.-.-.-.-.-.-.-.-

drone speed: 0.2 miles/minute
uav non-eligible customer: 10 
Printing tau:
0 14.2149 7.45597 18.1512 10.5846 15.145 14.669 14.3671 12.5333 1.31706 6.43835 0 
14.2149 0 18.3108 3.93636 13.7595 7.22991 8.18583 7.04774 13.7881 14.0919 12.0132 14.2149 
7.45597 18.3108 0 22.2472 4.55136 11.0809 10.125 11.2631 5.10923 6.13892 11.4943 7.45597 
18.1512 3.93636 22.2472 0 17.6958 11.1663 12.1222 10.9841 17.7245 18.0283 15.9496 18.1512 
10.5846 13.7595 4.55136 17.6958 0 6.52957 5.57365 6.71174 1.94864 9.26756 8.38296 10.5846 
15.145 7.22991 11.0809 11.1663 6.52957 0 0.955922 0.777831 6.55821 13.8279 12.9433 15.145 
14.669 8.18583 10.125 12.1222 5.57365 0.955922 0 1.13809 5.60229 13.352 12.4674 14.669 
14.3671 7.04774 11.2631 10.9841 6.71174 0.777831 1.13809 0 6.74038 13.0501 12.1655 14.3671 
12.5333 13.7881 5.10923 17.7245 1.94864 6.55821 5.60229 6.74038 0 11.2162 10.3316 12.5333 
1.31706 14.0919 6.13892 18.0283 9.26756 13.8279 13.352 13.0501 11.2162 0 7.2754 1.31706 
6.43835 12.0132 11.4943 15.9496 8.38296 12.9433 12.4674 12.1655 10.3316 7.2754 0 6.43835 
0 0 0 0 0 0 0 0 0 0 0 0 
Printing tau_prime:
0 22.9054 10.6167 29.4629 12.4883 19.209 18.2907 18.4445 14.7839 1.83912 8.01904 0 
22.9054 0 23.0027 6.5606 16.7706 8.59075 9.66193 8.30778 16.3699 22.5134 16.2781 22.9054 
10.6167 23.0027 0 29.091 6.50889 15.8949 14.6508 15.5734 8.01334 8.77857 14.8944 10.6167 
29.4629 6.5606 29.091 0 22.6813 13.6282 14.8639 13.6915 21.9127 29.0691 22.6695 29.4629 
12.4883 16.7706 6.50889 22.6813 0 9.38617 8.14351 9.0795 2.29674 10.9289 12.8279 12.4883 
19.209 8.59075 15.8949 13.6282 9.38617 0 1.25846 0.941487 8.31925 18.1926 15.2616 19.209 
18.2907 9.66193 14.6508 14.8639 8.14351 1.25846 0 1.38764 7.06588 17.2062 14.7813 18.2907 
18.4445 8.30778 15.5734 13.6915 9.0795 0.941487 1.38764 0 8.23237 17.4772 14.3397 18.4445 
14.7839 16.3699 8.01334 21.9127 2.29674 8.31925 7.06588 8.23237 0 13.2233 14.6887 14.7839 
1.83912 22.5134 8.77857 29.0691 10.9289 18.1926 17.2062 17.4772 13.2233 0 8.63729 1.83912 
8.01904 16.2781 14.8944 22.6695 12.8279 15.2616 14.7813 14.3397 14.6887 8.63729 0 8.01904 
0 0 0 0 0 0 0 0 0 0 0 0 
---------------------------------------------------------------
Current config:
- Number of threads = 16
- Drone endurance = 20
- SL = 1
- SR = 1
- L = 3
- Allow loop = 0
- Use TSP optimal solution as warmstart: = 0
- Use cutting plane method: = 0
- Use CPLEX conflict refiner: = 0
---------------------------------------------------------------
M value: 565.737
Warning:  Output names have been modified due to duplicate names or characters invalid in LP format.
Version identifier: 22.1.1.0 | 2022-11-28 | 9160aff4d
CPXPARAM_Threads                                 16
CPXPARAM_TimeLimit                               3600
Tried aggregator 2 times.
MIP Presolve eliminated 1248 rows and 690 columns.
MIP Presolve modified 2718 coefficients.
Aggregator did 28 substitutions.
Reduced MIP has 3756 rows, 2726 columns, and 80034 nonzeros.
Reduced MIP has 2550 binaries, 0 generals, 0 SOSs, and 0 indicators.
Presolve time = 0.07 sec. (130.38 ticks)
Probing fixed 21 vars, tightened 0 bounds.
Probing time = 0.03 sec. (84.54 ticks)
Tried aggregator 1 time.
Detecting symmetries...
MIP Presolve eliminated 16 rows and 21 columns.
MIP Presolve modified 14 coefficients.
Reduced MIP has 3740 rows, 2705 columns, and 79586 nonzeros.
Reduced MIP has 2529 binaries, 0 generals, 0 SOSs, and 0 indicators.
Presolve time = 0.02 sec. (41.10 ticks)
Probing time = 0.01 sec. (8.91 ticks)
Clique table members: 34341.
MIP emphasis: balance optimality and feasibility.
MIP search method: dynamic search.
Parallel mode: deterministic, using up to 16 threads.
Root relaxation solution time = 0.20 sec. (384.32 ticks)

        Nodes                                         Cuts/
   Node  Left     Objective  IInf  Best Integer    Best Bound    ItCnt     Gap

*     0+    0                        57334.1543        0.0000           100.00%
      0     0       18.6323   176    57334.1543       18.6323     4557   99.97%
*     0+    0                          123.6266       18.6323            84.93%
      0     0       19.6575   254      123.6266      Cuts: 66     8721   84.10%
      0     0       20.8676   268      123.6266     Cuts: 271    14260   83.12%
      0     0       21.6039   250      123.6266     Cuts: 217    17534   82.52%
      0     0       21.7625   293      123.6266     Cuts: 184    18629   82.40%
      0     0       21.8050   339      123.6266     Cuts: 125    19112   82.36%
Detecting symmetries...
      0     0       21.8926   375      123.6266     Cuts: 111    19691   82.29%
      0     0       22.4249   322      123.6266     Cuts: 204    20960   81.86%
      0     0       22.4758   387      123.6266     Cuts: 104    22534   81.82%
      0     0       22.7050   345      123.6266     Cuts: 101    22915   81.63%
      0     0       22.7150   295      123.6266     Cuts: 132    23161   81.63%
      0     0       22.8053   376      123.6266      Cuts: 71    23476   81.55%
      0     0       22.8687   361      123.6266      Cuts: 75    24106   81.50%
      0     0       22.9773   425      123.6266     Cuts: 111    24360   81.41%
      0     0       23.0333   403      123.6266      Cuts: 82    24644   81.37%
      0     0       23.0563   430      123.6266      Cuts: 64    24969   81.35%
      0     0       23.1063   428      123.6266      Cuts: 81    25315   81.31%
      0     0       23.2171   448      123.6266      Cuts: 77    26192   81.21%
      0     0       23.5629   385      123.6266     Cuts: 152    26472   80.94%
      0     0       23.9998   433      123.6266      Cuts: 97    26909   80.59%
      0     0       24.1079   442      123.6266     Cuts: 123    27369   80.50%
      0     0       24.1959   458      123.6266      Cuts: 83    27614   80.43%
      0     0       24.2788   400      123.6266      Cuts: 64    27878   80.36%
      0     0       24.3351   383      123.6266      Cuts: 78    28159   80.32%
      0     0       24.3589   468      123.6266     Cuts: 107    28445   80.30%
      0     0       24.9253   398      123.6266      Cuts: 83    29897   79.84%
      0     0       25.5697   391      123.6266     Cuts: 137    30619   79.32%
      0     0       25.8023   394      123.6266     Cuts: 108    31175   79.13%
      0     0       25.8056   406      123.6266      Cuts: 81    31375   79.13%
      0     0       26.0735   424      123.6266      Cuts: 73    31758   78.91%
      0     0       26.1549   423      123.6266      Cuts: 99    32163   78.84%
      0     0       26.1995   422      123.6266      Cuts: 83    32438   78.81%
      0     0       26.2716   400      123.6266      Cuts: 73    32822   78.75%
      0     0       26.5201   432      123.6266      Cuts: 68    33297   78.55%
      0     0       26.9046   363      123.6266      Cuts: 76    33989   78.24%
      0     0       26.9471   380      123.6266      Cuts: 96    34403   78.20%
      0     0       27.4262   338      123.6266      Cuts: 86    35011   77.82%
      0     0       27.4524   374      123.6266      Cuts: 84    35383   77.79%
      0     0       27.7643   396      123.6266      Cuts: 70    36164   77.54%
      0     0       28.0081   422      123.6266     Cuts: 107    36795   77.34%
      0     0       28.1368   409      123.6266      Cuts: 91    37188   77.24%
      0     0       28.3336   421      123.6266      Cuts: 93    37778   77.08%
      0     0       28.3404   396      123.6266     Cuts: 117    38021   77.08%
Detecting symmetries...
      0     2       28.3423   379      123.6266       28.3404    38108   77.08%
Elapsed time = 5.54 sec. (11320.99 ticks, tree = 0.02 MB, solutions = 2)
*     1+    1                           85.4684       28.3473            66.83%
      1     3       37.0935   205       85.4684       28.3473    41133   66.83%
      5     3       52.2067    19       85.4684       35.7119    47215   58.22%
      7     3       36.1659   156       85.4684       35.7119    47444   58.22%
*     8+    3                           65.8025       35.7119            45.73%
*     8+    3                           58.7601       35.7119            39.22%
     10     7       52.2259    50       58.7601       36.1768    52784   38.43%
     39    23       52.5268    70       58.7601       36.1768    67039   38.43%
*   146+   15                           57.3554       36.1980            36.89%
    285    82       52.4067    66       57.3554       36.7397    91791   35.94%
    482   219       55.9443    36       57.3554       36.7397   121248   35.94%
    701   289       55.0684    20       57.3554       36.7397   136173   35.94%
   1041   562       54.2067    44       57.3554       36.7659   179791   35.90%
*  1052+  570                           56.4667       36.7659            34.89%
*  1447+  716                           56.1024       36.7659            34.47%
   2096  1018       52.8070    63       56.1024       36.7659   333897   34.47%
Elapsed time = 8.63 sec. (14939.88 ticks, tree = 3.67 MB, solutions = 9)
*  2641  1555      integral     0       56.0684       36.7659   429784   34.43%
   2643  1549        cutoff             56.0684       36.7659   424590   34.43%
   3129  1622       54.5710    45       56.0684       36.7659   460300   34.43%
   4237  2138       54.9098    75       56.0684       36.7659   591002   34.43%
   4539  2383       53.5710    33       56.0684       36.7659   650829   34.43%
   4656  2442       44.6477   146       56.0684       36.7659   684665   34.43%
   4766  2585       53.8306    77       56.0684       36.7659   785386   34.43%
   4943  2662       54.5645    65       56.0684       36.7659   849668   34.43%
   5044  2725       47.6360   166       56.0684       36.7659   926118   34.43%
   5255  2778       51.6963    80       56.0684       36.7659   983917   34.43%
   5372  2875       47.5114   171       56.0684       36.7659  1059812   34.43%
Elapsed time = 19.05 sec. (24567.29 ticks, tree = 10.66 MB, solutions = 10)
   5476  2964       47.4511   130       56.0684       44.5392  1138753   20.56%
   5770  2951       44.8522   245       56.0684       44.5392  1132690   20.56%
   5999  3158       53.0030   112       56.0684       44.5392  1258499   20.56%
   6088  3254       50.1396    85       56.0684       44.7316  1346392   20.22%
   6289  3298       49.1192   106       56.0684       44.7333  1389904   20.22%

Performing restart 1

Repeating presolve.
Tried aggregator 2 times.
MIP Presolve eliminated 161 rows and 155 columns.
MIP Presolve modified 2100 coefficients.
Aggregator did 3 substitutions.
Reduced MIP has 3576 rows, 2547 columns, and 75718 nonzeros.
Reduced MIP has 2371 binaries, 0 generals, 0 SOSs, and 0 indicators.
Presolve time = 0.08 sec. (114.77 ticks)
Tried aggregator 1 time.
MIP Presolve eliminated 3 rows and 9 columns.
MIP Presolve modified 18 coefficients.
Reduced MIP has 3573 rows, 2538 columns, and 75214 nonzeros.
Reduced MIP has 2362 binaries, 0 generals, 0 SOSs, and 0 indicators.
Presolve time = 0.03 sec. (49.72 ticks)
Represolve time = 0.21 sec. (363.14 ticks)
   6308     0       39.0763   322       56.0684     Cuts: 143  1474476   20.22%
   6308     0       40.5685   251       56.0684     Cuts: 118  1479027   20.22%
   6308     0       41.4275   241       56.0684      Cuts: 73  1481924   20.22%
*  6308+    0                           55.0284       44.7333            18.71%
   6308     0       41.6261   265       55.0284     Cuts: 116  1485191   18.71%
   6308     0       42.0096   170       55.0284      Cuts: 23  1485818   18.71%
   6308     0       42.4288   209       55.0284     Cuts: 116  1487984   18.71%
   6308     0       42.6729   193       55.0284      Cuts: 75  1491881   18.71%
   6308     0       42.6904   256       55.0284     Cuts: 104  1494236   18.71%
   6308     0       42.6932   230       55.0284      Cuts: 11  1498004   18.71%
   6308     0       42.6951   236       55.0284      Cuts: 92  1499031   18.71%
   6308     0       42.6966   239       55.0284      Cuts: 13  1500181   18.71%
*  6308+    0                           54.6640       44.7333            18.17%
   6308     2       42.6966   231       54.6640       44.7333  1500181   18.17%
   6309     2       45.3999   101       54.6640       44.7333  1501294   18.17%
   6312     3       44.1211   245       54.6640       44.7333  1504740   18.17%
   6317     4       46.7306    96       54.6640       44.7333  1508824   18.17%
   6334     4       48.7156    82       54.6640       44.7333  1510802   18.17%
Elapsed time = 34.60 sec. (53334.87 ticks, tree = 0.05 MB, solutions = 12)
   6341     3       50.0496   169       54.6640       44.7333  1509078   18.17%
   6342     4       44.4259   168       54.6640       44.7333  1509397   18.17%
   6347     7       52.2067    22       54.6640       44.7333  1515443   18.17%
   6383    17       52.9960    69       54.6640       44.7333  1523606   18.17%
   6426    27       53.0796    74       54.6640       44.7333  1533664   18.17%
   6519    63        cutoff             54.6640       44.7333  1565684   18.17%
   6652   100       53.2254    78       54.6640       44.7333  1585702   18.17%
   6877   148       53.8505    42       54.6640       44.7333  1601292   18.17%
   7113   254        cutoff             54.6640       44.7333  1635150   18.17%
   7368   264       53.7786   147       54.6640       44.7333  1662117   18.17%
Elapsed time = 43.67 sec. (65993.61 ticks, tree = 4.33 MB, solutions = 12)
   7624   296        cutoff             54.6640       44.7333  1685933   18.17%
   8202   333       53.4054    84       54.6640       44.7333  1703752   18.17%
   8891   530        cutoff             54.6640       44.7333  1762987   18.17%
   9217   582       53.6499    81       54.6640       44.7333  1781930   18.17%
   9492   497       54.2659   150       54.6640       44.7333  1822763   18.17%
  10007   460        cutoff             54.6640       44.7333  1849985   18.17%
  10445    78       52.3448    81       54.6640       44.7333  1892549   18.17%
  10534    25        cutoff             54.6640       44.7333  1909212   18.17%
  10645    21       54.1876    85       54.6640       44.7333  1948733   18.17%
  10749    74       53.3476    55       54.6640       44.7333  1971629   18.17%
Elapsed time = 51.89 sec. (75594.77 ticks, tree = 1.29 MB, solutions = 12)
  11043   163       52.3606   210       54.6640       44.7333  2006240   18.17%
  11590   352       54.1010    71       54.6640       44.7333  2038293   18.17%
  11772   709        cutoff             54.6640       44.7333  2089209   18.17%
  11825   721       47.3636   204       54.6640       44.7333  2099267   18.17%
  11863   739        cutoff             54.6640       44.7333  2140612   18.17%
  12000   757        cutoff             54.6640       44.7333  2168216   18.17%
  12284   803       45.8287   276       54.6640       44.7333  2179640   18.17%
  12669  1100       48.1517   106       54.6640       44.7333  2222866   18.17%
  13008  1279       51.8018   176       54.6640       44.7333  2256628   18.17%
  13077  1537       51.3210   134       54.6640       44.7333  2301933   18.17%
Elapsed time = 61.06 sec. (85268.17 ticks, tree = 10.63 MB, solutions = 12)
  13138  1688       48.8958   258       54.6640       44.7333  2347864   18.17%
  13339  1739       53.2977   142       54.6640       44.7333  2401008   18.17%
  13631  1787       52.1316   269       54.6640       44.7333  2425951   18.17%
  13985  1920       51.6399   176       54.6640       44.7333  2448361   18.17%
  14176  2300       52.5870    71       54.6640       44.7333  2548011   18.17%
  14247  2523    infeasible             54.6640       44.7333  2577962   18.17%
  14324  2541       45.5996   334       54.6640       44.7333  2616463   18.17%
  14376  2536       52.5891    77       54.6640       44.7333  2622788   18.17%
  14436  2516       51.3483   116       54.6640       44.7333  2740951   18.17%
  14497  2523       52.3719   115       54.6640       44.7961  2762889   18.05%
Elapsed time = 69.95 sec. (94925.11 ticks, tree = 23.26 MB, solutions = 12)
  14575  2522        cutoff             54.6640       44.7961  2876626   18.05%
  14658  2526        cutoff             54.6640       44.9117  2889978   17.84%
  14750  2513       46.6200    60       54.6640       44.9117  2889367   17.84%
  14838  2535        cutoff             54.6640       44.9117  2979554   17.84%
  14915  2545       52.9572    89       54.6640       44.9117  3013500   17.84%
  14986  2541       47.9594   262       54.6640       44.9117  3004143   17.84%
  15048  2559       47.9239   141       54.6640       44.9117  3089963   17.84%
  15226  2604       54.5115   101       54.6640       44.9117  3111491   17.84%
  15519  2668       48.2844   157       54.6640       44.9117  3113708   17.84%
  15900  2784       48.6271   170       54.6640       44.9117  3175541   17.84%
Elapsed time = 78.42 sec. (104548.22 ticks, tree = 26.51 MB, solutions = 12)
  16159  2996       53.2030   171       54.6640       44.9117  3244762   17.84%
  16331  3026       48.0213   278       54.6640       45.0284  3257238   17.63%
  16404  3290       49.1624   256       54.6640       45.1082  3347427   17.48%
  16477  3387       49.4764   187       54.6640       45.1085  3428369   17.48%
  16560  3400       48.8906   221       54.6640       45.1085  3400755   17.48%
  16638  3455        cutoff             54.6640       45.1291  3461226   17.44%
  16775  3490       53.3523   166       54.6640       45.1291  3498543   17.44%
  17023  3521       48.5779   192       54.6640       45.1356  3522882   17.43%
  17382  3608       54.0832    79       54.6640       45.1849  3567562   17.34%
  17687  3630       53.8738    83       54.6640       45.2936  3605083   17.14%
Elapsed time = 87.27 sec. (114128.88 ticks, tree = 45.38 MB, solutions = 12)
  17878  3901       49.7191   156       54.6640       45.4594  3714383   16.84%
  17955  4023       51.9392    52       54.6640       45.6775  3765865   16.44%
  18030  4265       51.8026   185       54.6640       45.6775  3889161   16.44%
  18131  4284       51.9685    64       54.6640       45.7333  3950864   16.34%
  18245  4247       53.2524   125       54.6640       45.7545  4019097   16.30%
  18322  4243        cutoff             54.6640       45.7901  4017789   16.23%
  18410  4229       50.4805   143       54.6640       45.8017  4034303   16.21%
  18481  4250       54.6110    32       54.6640       45.8017  4118170   16.21%
  18573  4225       52.0515   144       54.6640       45.8017  4193302   16.21%
  18918  4215        cutoff             54.6640       45.8017  4408195   16.21%
Elapsed time = 98.46 sec. (126602.41 ticks, tree = 51.02 MB, solutions = 12)
  19283  4259       48.2586   206       54.6640       45.8017  4507389   16.21%
  19639  4308       49.9007   174       54.6640       45.8017  4671767   16.21%
  20069  4301        cutoff             54.6640       45.8017  4826577   16.21%
  20466  4261        cutoff             54.6640       46.2120  5093451   15.46%
  20968  4162        cutoff             54.6640       46.2120  5251057   15.46%
  21381  3965       48.9416   189       54.6640       46.2120  5414945   15.46%
  21883  3759        cutoff             54.6640       46.2120  5687252   15.46%
  22376  3629       49.0346   195       54.6640       47.7315  5853959   12.68%
  22929  3527       50.0303   181       54.6640       47.7315  6003143   12.68%
  23585  3432       54.1062   182       54.6640       48.0621  6205125   12.08%
Elapsed time = 133.18 sec. (164828.75 ticks, tree = 42.55 MB, solutions = 12)
  24282  3423       52.6184    36       54.6640       48.0621  6363518   12.08%
  25021  3423        cutoff             54.6640       50.3874  6569381    7.82%
  25776  3465       52.7026   203       54.6640       51.3788  6835672    6.01%
  26654  3498        cutoff             54.6640       51.5515  7114848    5.69%
  27675  3205       54.0910    35       54.6640       51.9220  7447427    5.02%
  28858  2883        cutoff             54.6640       52.1593  7726849    4.58%
  30103  2744       54.3058    40       54.6640       52.6820  7895339    3.63%
  31519  2643        cutoff             54.6640       52.8675  8136500    3.29%
  33289  1847       53.6776    10       54.6640       53.1242  8563128    2.82%
  34965  1072        cutoff             54.6640       53.2752  8897047    2.54%
Elapsed time = 170.50 sec. (203035.71 ticks, tree = 5.44 MB, solutions = 12)
  36840   156       54.6468    24       54.6640       53.2752  9173604    2.54%

GUB cover cuts applied:  58
Clique cuts applied:  16
Cover cuts applied:  175
Implied bound cuts applied:  300
Flow cuts applied:  49
Mixed integer rounding cuts applied:  124
Zero-half cuts applied:  114
Lift and project cuts applied:  1
Gomory fractional cuts applied:  12

Root node processing (before b&c):
  Real time             =    5.42 sec. (10947.51 ticks)
Parallel b&c, 16 threads:
  Real time             =  169.82 sec. (199591.97 ticks)
  Sync time (average)   =   74.74 sec.
  Wait time (average)   =    0.02 sec.
                          ------------
Total (root+branch&cut) =  175.24 sec. (210539.49 ticks)
Feasible solution found!
Truck nodes:
Truck at node 0 at stage 1
Truck at node 9 at stage 2
Truck at node 2 at stage 3
Truck at node 4 at stage 4
Truck at node 8 at stage 5
Truck at node 6 at stage 6
Truck at node 5 at stage 7
Truck at node 7 at stage 8
Truck at node 3 at stage 9
Truck at node 1 at stage 10
Truck at node 10 at stage 11
Truck at node 11 at stage 12

Truck arcs:
Arc 1 connecting 0 and 9 with cost 1.31706 
Arc 2 connecting 9 and 2 with cost 6.13892 
Arc 3 connecting 2 and 4 with cost 4.55136 
Arc 4 connecting 4 and 8 with cost 1.94864 
Arc 5 connecting 8 and 6 with cost 5.60229 
Arc 6 connecting 6 and 5 with cost 0.955922 
Arc 7 connecting 5 and 7 with cost 0.777831 
Arc 8 connecting 7 and 3 with cost 10.9841 
Arc 9 connecting 3 and 1 with cost 3.93636 
Arc 10 connecting 1 and 10 with cost 12.0132 
Arc 11 connecting 10 and 11 with cost 6.43835 
Truck route length: 54.664
Printing wait:
Printing z(k, k') and drone travel time: 
Printing zl:
Printing zr:
Printing zs:
Printing x_d:
Done!
Solve time: 175.247
OBJECTIVE VALUE: 54.664.
In write mode
