Instance name: /home/orlab/CLionProjects/RV-FSTSP/Murray_instances/FSTSP/FSTSP_10_customer_problems/20140810T123437v2
Write arg val: 1
Input is specified as type M: Murray instance.-.-.-.-.-.-.-.-.-.-.-.-.-.-.-.-.-.-.-.-

drone speed: 0.2 miles/minute
uav non-eligible customer: 10 
Printing tau:
0 7.81487 11.456 11.7512 6.90462 8.74496 8.26904 7.96713 6.93325 7.23706 4.19835 0 
7.81487 0 18.3108 3.93636 13.7595 7.22991 8.18583 7.04774 13.7881 14.0919 12.0132 7.81487 
11.456 18.3108 0 22.2472 4.55136 11.0809 10.125 11.2631 5.10923 6.13892 11.4943 11.456 
11.7512 3.93636 22.2472 0 17.6958 11.1663 12.1222 10.9841 17.7245 18.0283 15.9496 11.7512 
6.90462 13.7595 4.55136 17.6958 0 6.52957 5.57365 6.71174 1.94864 9.26756 8.38296 6.90462 
8.74496 7.22991 11.0809 11.1663 6.52957 0 0.955922 0.777831 6.55821 13.8279 12.9433 8.74496 
8.26904 8.18583 10.125 12.1222 5.57365 0.955922 0 1.13809 5.60229 13.352 12.4674 8.26904 
7.96713 7.04774 11.2631 10.9841 6.71174 0.777831 1.13809 0 6.74038 13.0501 12.1655 7.96713 
6.93325 13.7881 5.10923 17.7245 1.94864 6.55821 5.60229 6.74038 0 11.2162 10.3316 6.93325 
7.23706 14.0919 6.13892 18.0283 9.26756 13.8279 13.352 13.0501 11.2162 0 7.2754 7.23706 
4.19835 12.0132 11.4943 15.9496 8.38296 12.9433 12.4674 12.1655 10.3316 7.2754 0 4.19835 
0 0 0 0 0 0 0 0 0 0 0 0 
Printing tau_prime:
0 12.2509 13.5582 18.8024 9.51495 10.3155 9.87058 9.3921 10.9091 10.4224 4.94801 0 
12.2509 0 23.0027 6.5606 16.7706 8.59075 9.66193 8.30778 16.3699 22.5134 16.2781 12.2509 
13.5582 23.0027 0 29.091 6.50889 15.8949 14.6508 15.5734 8.01334 8.77857 14.8944 13.5582 
18.8024 6.5606 29.091 0 22.6813 13.6282 14.8639 13.6915 21.9127 29.0691 22.6695 18.8024 
9.51495 16.7706 6.50889 22.6813 0 9.38617 8.14351 9.0795 2.29674 10.9289 12.8279 9.51495 
10.3155 8.59075 15.8949 13.6282 9.38617 0 1.25846 0.941487 8.31925 18.1926 15.2616 10.3155 
9.87058 9.66193 14.6508 14.8639 8.14351 1.25846 0 1.38764 7.06588 17.2062 14.7813 9.87058 
9.3921 8.30778 15.5734 13.6915 9.0795 0.941487 1.38764 0 8.23237 17.4772 14.3397 9.3921 
10.9091 16.3699 8.01334 21.9127 2.29674 8.31925 7.06588 8.23237 0 13.2233 14.6887 10.9091 
10.4224 22.5134 8.77857 29.0691 10.9289 18.1926 17.2062 17.4772 13.2233 0 8.63729 10.4224 
4.94801 16.2781 14.8944 22.6695 12.8279 15.2616 14.7813 14.3397 14.6887 8.63729 0 4.94801 
0 0 0 0 0 0 0 0 0 0 0 0 
---------------------------------------------------------------
Current config:
- Number of threads = 16
- Drone endurance = 20
- SL = 1
- SR = 1
- L = 3
- Allow loop = 0
- Use TSP optimal solution as warmstart: = 0
- Use cutting plane method: = 0
- Use CPLEX conflict refiner: = 0
---------------------------------------------------------------
M value: 532.137
Warning:  Output names have been modified due to duplicate names or characters invalid in LP format.
Version identifier: 22.1.1.0 | 2022-11-28 | 9160aff4d
CPXPARAM_Threads                                 16
CPXPARAM_TimeLimit                               3600
Tried aggregator 2 times.
MIP Presolve eliminated 1198 rows and 596 columns.
MIP Presolve modified 2807 coefficients.
Aggregator did 34 substitutions.
Reduced MIP has 3800 rows, 2814 columns, and 81398 nonzeros.
Reduced MIP has 2638 binaries, 0 generals, 0 SOSs, and 0 indicators.
Presolve time = 0.06 sec. (120.19 ticks)
Probing fixed 26 vars, tightened 0 bounds.
Probing time = 0.03 sec. (93.68 ticks)
Tried aggregator 1 time.
Detecting symmetries...
MIP Presolve eliminated 18 rows and 26 columns.
MIP Presolve modified 33 coefficients.
Reduced MIP has 3782 rows, 2788 columns, and 80839 nonzeros.
Reduced MIP has 2612 binaries, 0 generals, 0 SOSs, and 0 indicators.
Presolve time = 0.03 sec. (56.22 ticks)
Probing time = 0.01 sec. (9.20 ticks)
Clique table members: 34054.
MIP emphasis: balance optimality and feasibility.
MIP search method: dynamic search.
Parallel mode: deterministic, using up to 16 threads.
Root relaxation solution time = 0.27 sec. (535.18 ticks)

        Nodes                                         Cuts/
   Node  Left     Objective  IInf  Best Integer    Best Bound    ItCnt     Gap

*     0+    0                        62512.0117        0.0000           100.00%
      0     0       14.9388   280    62512.0117       14.9388     6556   99.98%
*     0+    0                          113.5466       14.9388            86.84%
      0     0       18.8902   300      113.5466     Cuts: 138    10066   83.36%
      0     0       20.0416   333      113.5466     Cuts: 262    11863   82.35%
*     0+    0                          103.7796       20.0416            80.69%
      0     0       20.5590   405      103.7796     Cuts: 199    14489   80.19%
      0     0       20.9952   404      103.7796     Cuts: 154    16047   79.77%
      0     0       21.0844   396      103.7796     Cuts: 136    17123   79.68%
Detecting symmetries...
      0     0       21.2779   384      103.7796     Cuts: 200    18438   79.50%
      0     0       21.3413   401      103.7796     Cuts: 162    19190   79.44%
      0     0       21.3964   477      103.7796     Cuts: 143    19616   79.38%
      0     0       21.4410   461      103.7796     Cuts: 111    20196   79.34%
      0     0       21.4949   488      103.7796     Cuts: 135    20606   79.29%
      0     0       21.5554   495      103.7796     Cuts: 146    21084   79.23%
      0     0       21.5935   436      103.7796     Cuts: 133    21670   79.19%
      0     0       21.6564   421      103.7796     Cuts: 124    22139   79.13%
      0     0       21.6978   455      103.7796     Cuts: 135    22495   79.09%
      0     0       21.7293   495      103.7796     Cuts: 115    23041   79.06%
      0     0       21.9128   473      103.7796     Cuts: 109    23934   78.89%
      0     0       22.0206   470      103.7796     Cuts: 125    24504   78.78%
      0     0       22.0457   461      103.7796      Cuts: 89    24755   78.76%
      0     0       22.0546   498      103.7796      Cuts: 79    24996   78.75%
      0     0       22.0672   505      103.7796      Cuts: 80    25236   78.74%
      0     0       22.0802   497      103.7796      Cuts: 94    25406   78.72%
      0     0       22.0812   500      103.7796      Cuts: 65    25498   78.66%
      0     0       22.1666   501      103.7796      Cuts: 26    25929   78.57%
      0     0       22.1860   535      103.7796     Cuts: 136    26158   78.55%
      0     0       22.2259   541      103.7796      Cuts: 99    26514   78.52%
      0     0       22.2560   526      103.7796      Cuts: 71    26876   78.50%
      0     0       22.2735   520      103.7796     Cuts: 107    27475   78.49%
      0     0       22.2825   528      103.7796      Cuts: 57    27821   78.48%
      0     0       22.2865   537      103.7796      Cuts: 98    28107   78.48%
Detecting symmetries...
      0     2       22.2865   530      103.7796       22.3320    28107   78.48%
Elapsed time = 5.08 sec. (10123.97 ticks, tree = 0.02 MB, solutions = 3)
      1     3       22.6032   413      103.7796       22.3320    30425   78.48%
      3     3       26.1688   360      103.7796       22.3320    32308   78.48%
      5     3    infeasible            103.7796       26.1688    38417   74.78%
      8     4       28.6576   274      103.7796       26.1720    37808   74.78%
     16     5       28.9612   336      103.7796       27.0228    40846   73.96%
*    20+    4                          102.7733       28.9161            71.86%
     34     8       30.0807   255      102.7733       29.1183    48886   71.67%
*    45+    7                           95.5733       29.2601            69.38%
     93    18        cutoff             95.5733       30.0620    75842   68.55%
    137    27       49.2871   109       95.5733       30.0636    88845   68.54%
    216    85       53.8739    83       95.5733       30.4537   110249   68.14%
    418   242       41.7983   192       95.5733       30.4537   182602   68.14%
Elapsed time = 7.76 sec. (13639.59 ticks, tree = 2.26 MB, solutions = 5)
    655   436       48.5236   113       95.5733       30.4537   276730   68.14%
    796   571       57.1108   224       95.5733       30.4537   362377   68.14%
    896   649       60.3852   197       95.5733       30.4537   410444   68.14%
   1277   894    infeasible             95.5733       30.4537   487283   68.14%
*  1472+ 1052                           87.6027       31.3570            64.21%
   1591  1121       57.6422   139       87.6027       31.3570   548904   64.21%
   1951  1387       47.3006    68       87.6027       31.3570   641791   64.21%
   2356  1731       48.5105   111       87.6027       31.3570   735823   64.21%
   2871  2057       46.0928   122       87.6027       32.4939   812881   62.91%
*  3138+ 2066                           85.6027       32.4939            62.04%
   3232  2350        cutoff             85.6027       32.4939   873692   62.04%
   3349  2542       64.2012   115       85.6027       33.2995   943125   61.10%
Elapsed time = 17.49 sec. (23221.70 ticks, tree = 32.48 MB, solutions = 7)
   3545  2664       71.6588    25       85.6027       33.5314   991289   60.83%
*  3926+ 2687                           73.3927       33.5314            54.31%
*  3988+ 2728                           72.3927       33.5746            53.62%
   4093  2718       47.4489   121       72.3927       33.5746  1011060   53.62%
   4389  2895       41.6666    91       72.3927       33.7154  1126416   53.43%

Performing restart 1

Repeating presolve.
Tried aggregator 1 time.
MIP Presolve eliminated 11 rows and 25 columns.
MIP Presolve modified 1936 coefficients.
Reduced MIP has 3771 rows, 2763 columns, and 79552 nonzeros.
Reduced MIP has 2587 binaries, 0 generals, 0 SOSs, and 0 indicators.
Presolve time = 0.05 sec. (80.92 ticks)
Tried aggregator 1 time.
MIP Presolve eliminated 2 rows and 9 columns.
MIP Presolve modified 8 coefficients.
Reduced MIP has 3769 rows, 2754 columns, and 79054 nonzeros.
Reduced MIP has 2578 binaries, 0 generals, 0 SOSs, and 0 indicators.
Presolve time = 0.03 sec. (51.77 ticks)
Represolve time = 0.22 sec. (346.01 ticks)
   4417     0       33.9596   371       72.3927     Cuts: 165  1208186   52.56%
   4417     0       35.5522   358       72.3927     Cuts: 137  1209734   50.89%
   4417     0       35.5887   359       72.3927     Cuts: 108  1210089   50.84%
   4417     0       35.6163   411       72.3927      Cuts: 85  1210428   50.80%
   4417     0       35.6348   408       72.3927      Cuts: 80  1210676   50.78%
   4417     0       35.6381   402       72.3927      Cuts: 46  1210780   50.77%
   4417     0       35.6493   397       72.3927      Cuts: 44  1210937   50.76%
   4417     0       35.6530   408       72.3927      Cuts: 50  1211030   50.75%
   4417     0       35.6576   409       72.3927      Cuts: 36  1211098   50.74%
   4417     0       35.6643   423       72.3927      Cuts: 24  1211254   50.73%
   4417     0       35.6713   414       72.3927      Cuts: 66  1211385   50.73%
   4417     0       35.6826   415       72.3927      Cuts: 45  1211562   50.71%
   4417     0       35.7177   404       72.3927      Cuts: 49  1211900   50.66%
   4417     0       35.7255   408       72.3927      Cuts: 60  1212063   50.65%
   4417     0       35.7267   413       72.3927      Cuts: 52  1212141   50.65%
   4417     0       35.7274   418       72.3927      Cuts: 27  1212235   50.65%
*  4417+    0                           54.5166       35.7274            34.47%
   4417     0       35.7336   414       54.5166      Cuts: 18  1212369   34.45%
   4417     0       35.7372   423       54.5166      Cuts: 65  1212512   34.45%
   4417     0       35.7378   426       54.5166      Cuts: 60  1212599   34.45%
   4417     0       35.7380   441       54.5166      Cuts: 19  1212624   34.45%
   4417     2       35.7380   440       54.5166       35.7380  1212624   34.45%
   4418     2       46.9185    90       54.5166       35.7382  1214292   34.45%
   4420     4       47.1449   122       54.5166       35.7382  1214577   34.45%
   4422     5       47.2558    94       54.5166       35.7716  1214773   34.38%
   4432    14       47.7432    83       54.5166       35.7716  1216697   34.38%
   4443     6       53.0734    89       54.5166       35.7716  1216125   34.38%
*  4454+    7                           54.1840       35.7805            33.96%
   4457    21       44.9246   150       54.1840       35.9130  1229885   33.72%
Elapsed time = 30.65 sec. (46186.23 ticks, tree = 0.05 MB, solutions = 10)
   4517    17       49.5054   153       54.1840       35.9130  1224967   33.72%
   4586    56       51.7719    69       54.1840       35.9401  1252205   33.67%
   4713    98       45.3487    96       54.1840       35.9401  1270293   33.67%
   4824   129       49.6650   217       54.1840       35.9401  1299553   33.67%
   4878   197        cutoff             54.1840       35.9401  1333580   33.67%
   4963   163        cutoff             54.1840       35.9401  1383718   33.67%
   5056   171        cutoff             54.1840       35.9401  1383453   33.67%
   5158   159       51.4745   125       54.1840       35.9401  1398509   33.67%
   5303    76       54.1668    21       54.1840       36.2877  1466985   33.03%
   5468    32       53.6867    24       54.1840       36.2877  1492983   33.03%
Elapsed time = 39.13 sec. (55850.64 ticks, tree = 0.29 MB, solutions = 11)
   5637    29       52.1808    70       54.1840       36.2877  1501921   33.03%
   5697    24       49.3294   162       54.1840       36.2877  1524405   33.03%
   5785    27    infeasible             54.1840       36.5005  1571085   32.64%
   5942    45       51.0871   163       54.1840       36.5005  1569580   32.64%
   6163    48       51.9520   141       54.1840       36.6625  1599249   32.34%
   6785    76       51.4965   106       54.1840       37.2203  1601996   31.31%
   7404    52       52.7632    98       54.1840       37.2203  1632727   31.31%
   7809   759        cutoff             54.1840       37.2203  1751891   31.31%
   7919   584       51.3458   240       54.1840       37.2203  1714548   31.31%
   7968   953       49.2579   151       54.1840       37.2203  1812676   31.31%
Elapsed time = 46.77 sec. (65442.48 ticks, tree = 19.53 MB, solutions = 11)
   8055   974       45.4006   283       54.1840       37.2203  1838781   31.31%
   8328   953       45.8234   106       54.1840       38.9076  1827580   28.19%
   8652  1121       53.9621   177       54.1840       38.9076  1878731   28.19%
   8974  1295        cutoff             54.1840       38.9076  1925352   28.19%
   9205  1700       46.8611   222       54.1840       39.3176  2023083   27.44%
   9275  1808       50.5525    68       54.1840       40.9789  2065529   24.37%
   9353  1805       47.6929   137       54.1840       41.0257  2108317   24.28%
   9450  1817       52.7189    68       54.1840       41.0257  2128765   24.28%
   9543  1804       51.8900   130       54.1840       41.0257  2183815   24.28%
   9637  1821        cutoff             54.1840       41.4091  2205943   23.58%
Elapsed time = 54.99 sec. (75016.37 ticks, tree = 48.27 MB, solutions = 11)
   9844  1865       53.3738   111       54.1840       41.4091  2254448   23.58%
  10235  1904       50.4697    88       54.1840       41.4091  2275882   23.58%
  10776  1936       50.7572   115       54.1840       41.6004  2284122   23.22%
  11196  2611       49.8203   268       54.1840       41.6238  2404253   23.18%
  11499  2664       49.5939   180       54.1840       44.6602  2420118   17.58%
  11611  3034        cutoff             54.1840       44.6894  2501651   17.52%
  11743  3122       53.2585    44       54.1840       44.6894  2558756   17.52%
  11872  3120        cutoff             54.1840       44.6894  2565583   17.52%
* 11892  3117      integral     0       53.7933       44.6894  2572980   16.92%
  12001  3161       49.3001   165       53.7933       44.6894  2576679   16.92%
  12267  3011       46.1683   107       53.7933       44.6894  2665167   16.92%
Elapsed time = 63.52 sec. (84639.93 ticks, tree = 88.10 MB, solutions = 12)
  12851  3058       45.6776   195       53.7933       44.7203  2683594   16.87%
  13297  3486    infeasible             53.7933       44.7203  2812721   16.87%
  13540  3229        cutoff             53.7933       44.7203  2764411   16.87%
  13663  3647       52.8261    57       53.7933       44.8358  2898376   16.65%
  13779  3658       49.5389   191       53.7933       44.8358  2909443   16.65%
  13942  3739       47.3687   264       53.7933       44.8367  2956833   16.65%
  14302  3869       47.6718   246       53.7933       44.8367  2972546   16.65%
  14845  3909       52.1695    49       53.7933       44.8467  3029949   16.63%
  15417  3949       49.0916   162       53.7933       44.9085  3033186   16.52%
  15720  4324       52.3282   147       53.7933       45.7936  3115328   14.87%
Elapsed time = 72.40 sec. (94202.54 ticks, tree = 132.49 MB, solutions = 12)
  15930  4739        cutoff             53.7933       45.8835  3241592   14.70%
  16109  4792    infeasible             53.7933       45.9914  3278834   14.50%
  16325  4600        cutoff             53.7933       46.5078  3376510   13.54%
  16514  4511    infeasible             53.7933       46.5785  3416587   13.41%
  16716  4430       51.2794   181       53.7933       46.5785  3449087   13.41%
  16916  4338        cutoff             53.7933       46.5785  3480405   13.41%
  17135  4269        cutoff             53.7933       47.0187  3503143   12.59%
  17435  3989    infeasible             53.7933       47.1532  3617259   12.34%
  17787  3746        cutoff             53.7933       47.7111  3658749   11.31%
  18153  3359        cutoff             53.7933       47.7111  3737233   11.31%
Elapsed time = 81.10 sec. (103782.26 ticks, tree = 97.67 MB, solutions = 12)
  18450  3155        cutoff             53.7933       49.0874  3774797    8.75%
  18779  3154        cutoff             53.7933       49.0902  3779120    8.74%
  19040  3066       52.2359    74       53.7933       49.0902  3811005    8.74%
  19377  2732        cutoff             53.7933       49.0902  3904545    8.74%
  19773  2750       52.2692    61       53.7933       50.5937  3901839    5.95%
  20137  2533        cutoff             53.7933       50.6473  3970920    5.85%
  20546  2303        cutoff             53.7933       51.3152  4023792    4.61%
  20999  2179        cutoff             53.7933       51.7621  4050497    3.78%
  21502  1733        cutoff             53.7933       51.9659  4133049    3.40%
  24021   251       53.6111    20       53.7933       52.7267  4316486    1.98%
Elapsed time = 92.79 sec. (116213.68 ticks, tree = 2.92 MB, solutions = 12)

GUB cover cuts applied:  77
Clique cuts applied:  20
Cover cuts applied:  88
Implied bound cuts applied:  147
Flow cuts applied:  41
Mixed integer rounding cuts applied:  140
Zero-half cuts applied:  135
Gomory fractional cuts applied:  2

Root node processing (before b&c):
  Real time             =    4.95 sec. (9845.76 ticks)
Parallel b&c, 16 threads:
  Real time             =   88.33 sec. (107793.86 ticks)
  Sync time (average)   =   37.92 sec.
  Wait time (average)   =    0.02 sec.
                          ------------
Total (root+branch&cut) =   93.28 sec. (117639.62 ticks)
Feasible solution found!
Truck nodes:
Truck at node 0 at stage 1
Truck at node 10 at stage 2
Truck at node 9 at stage 3
Truck at node 2 at stage 4
Truck at node 8 at stage 5
Truck at node 6 at stage 6
Truck at node 5 at stage 7
Truck at node 7 at stage 8
Truck at node 1 at stage 9
Truck at node 3 at stage 10
Truck at node 1 at stage 11
Truck at node 11 at stage 12

Truck arcs:
Arc 1 connecting 0 and 10 with cost 4.19835 
Arc 2 connecting 10 and 9 with cost 7.2754 
Arc 3 connecting 9 and 2 with cost 6.13892 
Arc 4 connecting 2 and 8 with cost 5.10923 
Arc 5 connecting 8 and 6 with cost 5.60229 
Arc 6 connecting 6 and 5 with cost 0.955922 
Arc 7 connecting 5 and 7 with cost 0.777831 
Arc 8 connecting 7 and 1 with cost 7.04774 
Arc 9 connecting 1 and 3 with cost 3.93636 
Arc 10 connecting 3 and 1 with cost 3.93636 
Arc 11 connecting 1 and 11 with cost 7.81487 
Truck route length: 52.7933
Customer 4 was served by drone!
served customer 4 with st stage 1
start from stage 1 at node 0
end at node 2
end at stage 4
Printing wait:
Printing z(k, k') and drone travel time: 
---------------------------------------------------------------
Sortie starts at stage 1 and ends at stage 4
Start node: 0
End node: 2
Customer served in this sortie:4 
Drone arcs during this sortie:
0-->4, l = 9.51495
4-->2, l = 6.50889
Truck arcs during this sortie:
0---10, l = 4.19835
10---9, l = 7.2754
9---2, l = 6.13892
Drone travel time during sortie: 16.0238
Truck travel time during sortie: 17.6127
Wait time for this sortie: 0
---------------------------------------------------------------
Printing zl:
zl[1][0] = 1
Printing zr:
zr[1][2] = 1
Printing zs:
zs[1][4] = 1
Printing x_d:
x_d[0][4] = 1
x_d[4][2] = 1
Done!
Solve time: 93.288
OBJECTIVE VALUE: 53.7933.
In write mode
