Instance name: /home/orlab/CLionProjects/RV-FSTSP/Murray_instances/FSTSP/FSTSP_10_customer_problems/20140810T123443v2
Write arg val: 1
Input is specified as type M: Murray instance.-.-.-.-.-.-.-.-.-.-.-.-.-.-.-.-.-.-.-.-

drone speed: 0.2 miles/minute
uav non-eligible customer: 4 8 
Printing tau:
0 7.3617 13.235 11.9489 14.048 9.28995 9.2816 9.57935 4.27959 6.76674 3.51531 0 
7.3617 0 8.59672 16.5872 14.8463 1.92825 1.9199 7.49765 3.32128 11.405 7.04299 7.3617 
13.235 8.59672 0 25.184 23.443 8.42508 9.39342 16.0944 11.7546 20.0018 15.6397 13.235 
11.9489 16.5872 25.184 0 20.0769 16.7589 15.7905 15.6083 13.4294 5.1822 10.0243 11.9489 
14.048 14.8463 23.443 20.0769 0 15.0179 14.0496 7.34864 11.6884 17.2947 10.5327 14.048 
9.28995 1.92825 8.42508 16.7589 15.0179 0 0.968346 7.66929 5.01036 12.5367 7.21463 9.28995 
9.2816 1.9199 9.39342 15.7905 14.0496 0.968346 0 6.70095 5.00201 12.5283 6.24629 9.2816 
9.57935 7.49765 16.0944 15.6083 7.34864 7.66929 6.70095 0 5.29976 12.8261 6.06403 9.57935 
4.27959 3.32128 11.7546 13.4294 11.6884 5.01036 5.00201 5.29976 0 8.24716 3.8851 4.27959 
6.76674 11.405 20.0018 5.1822 17.2947 12.5367 12.5283 12.8261 8.24716 0 6.76206 6.76674 
3.51531 7.04299 15.6397 10.0243 10.5327 7.21463 6.24629 6.06403 3.8851 6.76206 0 3.51531 
0 0 0 0 0 0 0 0 0 0 0 0 
Printing tau_prime:
0 10.2543 16.5737 15.7729 20.465 12.3288 11.8384 11.7816 5.33678 8.84513 5.0194 0 
10.2543 0 10.5868 25.1232 19.1891 2.28145 2.44971 9.21448 5.20038 18.3566 9.45738 10.2543 
16.5737 10.5868 0 32.2862 29.7194 11.276 12.2886 19.8012 13.8643 25.3886 18.4894 16.5737 
15.7729 25.1232 32.2862 0 23.7497 26.7584 25.9207 21.2864 19.9518 6.93179 15.9071 15.7729 
20.465 19.1891 29.7194 23.7497 0 18.5658 17.4845 10.136 17.9521 20.7816 15.4483 20.465 
12.3288 2.28145 11.276 26.7584 18.5658 0 1.14125 9.04478 7.08965 20.1104 10.8907 12.3288 
11.8384 2.44971 12.2886 25.9207 17.4845 1.14125 0 7.90494 6.51871 19.3468 10.0185 11.8384 
11.7816 9.21448 19.8012 21.2864 10.136 9.04478 7.90494 0 8.07267 15.8016 7.16659 11.7816 
5.33678 5.20038 13.8643 19.9518 17.9521 7.08965 6.51871 8.07267 0 13.1583 4.66638 5.33678 
8.84513 18.3566 25.3886 6.93179 20.7816 20.1104 19.3468 15.8016 13.1583 0 9.48339 8.84513 
5.0194 9.45738 18.4894 15.9071 15.4483 10.8907 10.0185 7.16659 4.66638 9.48339 0 5.0194 
0 0 0 0 0 0 0 0 0 0 0 0 
---------------------------------------------------------------
Current config:
- Number of threads = 16
- Drone endurance = 20
- SL = 1
- SR = 1
- L = 3
- Allow loop = 0
- Use TSP optimal solution as warmstart: = 0
- Use cutting plane method: = 0
- Use CPLEX conflict refiner: = 0
---------------------------------------------------------------
M value: 572.151
Warning:  Output names have been modified due to duplicate names or characters invalid in LP format.
Version identifier: 22.1.1.0 | 2022-11-28 | 9160aff4d
CPXPARAM_Threads                                 16
CPXPARAM_TimeLimit                               3600
Tried aggregator 2 times.
MIP Presolve eliminated 1385 rows and 783 columns.
MIP Presolve modified 2795 coefficients.
Aggregator did 32 substitutions.
Reduced MIP has 3615 rows, 2629 columns, and 78579 nonzeros.
Reduced MIP has 2453 binaries, 0 generals, 0 SOSs, and 0 indicators.
Presolve time = 0.06 sec. (107.93 ticks)
Probing time = 0.01 sec. (10.51 ticks)
Cover probing fixed 2 vars, tightened 0 bounds.
Tried aggregator 1 time.
Detecting symmetries...
MIP Presolve eliminated 5 rows and 2 columns.
MIP Presolve modified 22 coefficients.
Reduced MIP has 3610 rows, 2627 columns, and 78502 nonzeros.
Reduced MIP has 2451 binaries, 0 generals, 0 SOSs, and 0 indicators.
Presolve time = 0.03 sec. (41.42 ticks)
Probing fixed 16 vars, tightened 0 bounds.
Probing time = 0.04 sec. (70.94 ticks)
Clique table members: 34497.
MIP emphasis: balance optimality and feasibility.
MIP search method: dynamic search.
Parallel mode: deterministic, using up to 16 threads.
Root relaxation solution time = 0.13 sec. (298.26 ticks)

        Nodes                                         Cuts/
   Node  Left     Objective  IInf  Best Integer    Best Bound    ItCnt     Gap

*     0+    0                        54016.0472        0.0000           100.00%
      0     0       26.0866   196    54016.0472       26.0866     3731   99.95%
*     0+    0                          100.6885       26.0866            74.09%
      0     0       29.3618   158      100.6885      Cuts: 50     5036   70.84%
      0     0       35.2220   200      100.6885     Cuts: 212    10981   65.02%
      0     0       42.4675   182      100.6885     Cuts: 207    12232   57.82%
      0     0       49.7272   286      100.6885     Cuts: 161    13311   50.61%
      0     0       51.7736   271      100.6885     Cuts: 165    13941   48.58%
Detecting symmetries...
      0     0       53.7473   274      100.6885     Cuts: 133    14556   46.62%
      0     0       54.6982   307      100.6885      Cuts: 79    15150   45.68%
      0     0       55.4939   350      100.6885      Cuts: 86    15642   44.89%
      0     0       56.0194   327      100.6885      Cuts: 96    16237   44.36%
      0     0       56.4497   369      100.6885     Cuts: 114    17532   43.94%
      0     0       56.6446   349      100.6885      Cuts: 93    18741   43.74%
*     0+    0                           89.4000       56.6446            36.64%
      0     0       57.4164   370       89.4000      Cuts: 63    19943   35.78%
*     0+    0                           84.7065       57.4164            32.22%
      0     0       60.0459   219       84.7065     Cuts: 123    20702   29.11%
      0     0       60.9595   245       84.7065      Cuts: 61    21033   28.03%
      0     0       61.6146   245       84.7065      Cuts: 76    21319   27.26%
      0     0       62.2824   271       84.7065      Cuts: 72    21807   26.47%
      0     0       62.6256   317       84.7065      Cuts: 50    22149   26.07%
      0     0       62.7812   303       84.7065      Cuts: 50    22317   25.88%
      0     0       63.5853   300       84.7065      Cuts: 47    22652   24.93%
      0     0       64.4857   303       84.7065      Cuts: 54    23383   23.87%
      0     0       65.9180   297       84.7065      Cuts: 45    24256   22.18%
      0     0       66.1259   319       84.7065      Cuts: 56    24647   21.94%
      0     0       66.2900   322       84.7065      Cuts: 64    25036   21.74%
      0     0       66.3247   332       84.7065      Cuts: 65    25239   21.70%
      0     0       66.3953   337       84.7065      Cuts: 42    25438   21.62%
      0     0       66.4245   346       84.7065      Cuts: 42    25645   21.58%
      0     0       66.5336   324       84.7065      Cuts: 37    25886   21.45%
      0     0       66.5949   327       84.7065      Cuts: 26    26027   21.38%
      0     0       66.6978   327       84.7065      Cuts: 24    26179   21.26%
      0     0       66.7698   338       84.7065      Cuts: 18    26449   21.18%
      0     0       66.8194   337       84.7065      Cuts: 36    26661   21.12%
      0     0       66.8793   327       84.7065      Cuts: 30    26896   21.05%
      0     0       66.9473   351       84.7065      Cuts: 44    27082   20.97%
      0     0       66.9686   341       84.7065      Cuts: 30    27171   20.94%
      0     0       66.9941   352       84.7065      Cuts: 16    27316   20.91%
      0     0       66.9998   349       84.7065      Cuts: 33    27429   20.90%
*     0+    0                           74.0665       66.9998             9.54%
Detecting symmetries...
      0     2       67.0685   331       74.0665       66.9998    27660    9.54%
Elapsed time = 4.46 sec. (8804.63 ticks, tree = 0.02 MB, solutions = 5)
      2     4       68.4534   210       74.0665       67.0697    28736    9.45%
     14    11        cutoff             74.0665       67.0697    32000    9.45%
*    24+    1                           72.1465       67.0697             7.04%
     64    21       68.4328   154       72.1465       67.1042    40195    6.99%
    100    16        cutoff             72.1465       67.2029    55016    6.85%
    175    47       71.8673    33       72.1465       69.2755    74759    3.98%
    269    56        cutoff             72.1465       69.2755    95119    3.98%
    355    85        cutoff             72.1465       69.2755   117923    3.98%
    416    81       71.9791    40       72.1465       69.2755   135535    3.98%
    460    76       71.2977    35       72.1465       69.2755   137963    3.98%
    628    29        cutoff             72.1465       70.0734   200365    2.87%
Elapsed time = 7.25 sec. (12034.58 ticks, tree = 0.07 MB, solutions = 6)
    767    16       70.5403    58       72.1465       70.5340   243636    2.24%
    832    22        cutoff             72.1465       71.2557   263282    1.23%

GUB cover cuts applied:  29
Clique cuts applied:  48
Cover cuts applied:  46
Implied bound cuts applied:  283
Flow cuts applied:  6
Mixed integer rounding cuts applied:  91
Zero-half cuts applied:  62
Lift and project cuts applied:  1
Gomory fractional cuts applied:  2

Root node processing (before b&c):
  Real time             =    4.35 sec. (8515.91 ticks)
Parallel b&c, 16 threads:
  Real time             =    4.16 sec. (5864.64 ticks)
  Sync time (average)   =    2.43 sec.
  Wait time (average)   =    0.00 sec.
                          ------------
Total (root+branch&cut) =    8.52 sec. (14380.54 ticks)
Feasible solution found!
Truck nodes:
Truck at node 0 at stage 1
Truck at node 9 at stage 2
Truck at node 3 at stage 3
Truck at node 10 at stage 4
Truck at node 4 at stage 5
Truck at node 7 at stage 6
Truck at node 6 at stage 7
Truck at node 5 at stage 8
Truck at node 2 at stage 9
Truck at node 1 at stage 10
Truck at node 8 at stage 11
Truck at node 11 at stage 12

Truck arcs:
Arc 1 connecting 0 and 9 with cost 6.76674 
Arc 2 connecting 9 and 3 with cost 5.1822 
Arc 3 connecting 3 and 10 with cost 10.0243 
Arc 4 connecting 10 and 4 with cost 10.5327 
Arc 5 connecting 4 and 7 with cost 7.34864 
Arc 6 connecting 7 and 6 with cost 6.70095 
Arc 7 connecting 6 and 5 with cost 0.968346 
Arc 8 connecting 5 and 2 with cost 8.42508 
Arc 9 connecting 2 and 1 with cost 8.59672 
Arc 10 connecting 1 and 8 with cost 3.32128 
Arc 11 connecting 8 and 11 with cost 4.27959 
Truck route length: 72.1465
Printing wait:
Printing z(k, k') and drone travel time: 
Printing zl:
Printing zr:
Printing zs:
Printing x_d:
Done!
Solve time: 8.522
OBJECTIVE VALUE: 72.1465.
In write mode
