Instance name: /home/orlab/CLionProjects/RV-FSTSP/Murray_instances/FSTSP/FSTSP_10_customer_problems/20140810T123440v4
Write arg val: 1
Input is specified as type M: Murray instance.-.-.-.-.-.-.-.-.-.-.-.-.-.-.-.-.-.-.-.-

drone speed: 0.2 miles/minute
uav non-eligible customer: 4 5 
Printing tau:
0 13.106 12.3922 26.2811 19.5652 18.1619 11.127 18.8128 14.0231 14.8935 20.0525 0 
13.106 0 7.41815 13.1751 7.41924 8.38408 3.41898 9.99874 2.95098 5.14749 6.9465 13.106 
12.3922 7.41815 0 14.3533 14.8374 5.76971 3.99917 6.42059 10.3691 12.5656 10.5246 12.3922 
26.2811 13.1751 14.3533 0 6.71587 15.3192 15.1541 16.9338 12.258 15.4145 6.22861 26.2811 
19.5652 7.41924 14.8374 6.71587 0 15.8033 10.8382 17.418 5.54215 8.69866 4.31275 19.5652 
18.1619 8.38408 5.76971 15.3192 15.8033 0 7.0349 1.61466 11.3351 13.5316 11.4906 18.1619 
11.127 3.41898 3.99917 15.1541 10.8382 7.0349 0 7.68579 6.36995 8.56647 8.92548 11.127 
18.8128 9.99874 6.42059 16.9338 17.418 1.61466 7.68579 0 12.9497 15.1462 13.1052 18.8128 
14.0231 2.95098 10.3691 12.258 5.54215 11.3351 6.36995 12.9497 0 3.15652 6.0294 14.0231 
14.8935 5.14749 12.5656 15.4145 8.69866 13.5316 8.56647 15.1462 3.15652 0 9.18592 14.8935 
20.0525 6.9465 10.5246 6.22861 4.31275 11.4906 8.92548 13.1052 6.0294 9.18592 0 20.0525 
0 0 0 0 0 0 0 0 0 0 0 0 
Printing tau_prime:
0 19.248 14.8598 36.6847 30.674 21.4641 15.085 22.1731 22.2941 21.7274 28.0695 0 
19.248 0 8.78275 17.5467 11.593 11.5383 4.65561 13.5679 3.64183 6.6156 8.96786 19.248 
14.8598 8.78275 0 23.5383 19.4222 6.89429 4.9433 8.15504 12.3704 14.9175 15.3409 14.8598 
36.6847 17.5467 23.5383 0 7.93526 20.4328 21.6299 21.8114 15.1901 18.2879 8.61635 36.6847 
30.674 11.593 19.4222 7.93526 0 18.6977 16.1877 20.5464 8.38988 10.5953 5.11496 30.674 
21.4641 11.5383 6.89429 20.4328 18.6977 0 10.1477 2.05169 14.2211 18.1171 13.7238 21.4641 
15.085 4.65561 4.9433 21.6299 16.1877 10.1477 0 11.9236 8.24651 10.1003 13.0302 15.085 
22.1731 13.5679 8.15504 21.8114 20.5464 2.05169 11.9236 0 16.2718 20.1574 15.5136 22.1731 
22.2941 3.64183 12.3704 15.1901 8.38988 14.2211 8.24651 16.2718 0 4.53203 7.10808 22.2941 
21.7274 6.6156 14.9175 18.2879 10.5953 18.1171 10.1003 20.1574 4.53203 0 11.0897 21.7274 
28.0695 8.96786 15.3409 8.61635 5.11496 13.7238 13.0302 15.5136 7.10808 11.0897 0 28.0695 
0 0 0 0 0 0 0 0 0 0 0 0 
---------------------------------------------------------------
Current config:
- Number of threads = 16
- Drone endurance = 20
- SL = 1
- SR = 1
- L = 3
- Allow loop = 0
- Use TSP optimal solution as warmstart: = 0
- Use cutting plane method: = 0
- Use CPLEX conflict refiner: = 0
---------------------------------------------------------------
M value: 598.879
Warning:  Output names have been modified due to duplicate names or characters invalid in LP format.
Version identifier: 22.1.1.0 | 2022-11-28 | 9160aff4d
CPXPARAM_Threads                                 16
CPXPARAM_TimeLimit                               3600
Tried aggregator 2 times.
MIP Presolve eliminated 1306 rows and 784 columns.
MIP Presolve modified 2814 coefficients.
Aggregator did 18 substitutions.
Reduced MIP has 3708 rows, 2642 columns, and 78825 nonzeros.
Reduced MIP has 2466 binaries, 0 generals, 0 SOSs, and 0 indicators.
Presolve time = 0.07 sec. (123.63 ticks)
Probing fixed 47 vars, tightened 0 bounds.
Probing time = 0.04 sec. (119.19 ticks)
Tried aggregator 1 time.
Detecting symmetries...
MIP Presolve eliminated 27 rows and 48 columns.
MIP Presolve modified 241 coefficients.
Reduced MIP has 3681 rows, 2594 columns, and 77374 nonzeros.
Reduced MIP has 2418 binaries, 0 generals, 0 SOSs, and 0 indicators.
Presolve time = 0.04 sec. (68.51 ticks)
Probing time = 0.01 sec. (9.67 ticks)
Clique table members: 34720.
MIP emphasis: balance optimality and feasibility.
MIP search method: dynamic search.
Parallel mode: deterministic, using up to 16 threads.
Root relaxation solution time = 0.09 sec. (170.13 ticks)

        Nodes                                         Cuts/
   Node  Left     Objective  IInf  Best Integer    Best Bound    ItCnt     Gap

      0     0       44.4965   140                     44.4965     1333         
*     0+    0                        52534.7043       44.4965            99.92%
      0     0       49.5185   183    52534.7043      Cuts: 39     2659   99.91%
      0     0       52.0415   153    52534.7043     Cuts: 219     4090   99.90%
      0     0       52.5209   215    52534.7043      Cuts: 81     4964   99.90%
*     0+    0                          127.0125       52.5209            58.65%
*     0+    0                          118.2780       52.5209            55.60%
      0     0       53.0097   215      118.2780     Cuts: 145     5520   55.18%
      0     0       53.1104   237      118.2780     Cuts: 127     5964   55.10%
Detecting symmetries...
      0     0       53.4234   278      118.2780      Cuts: 72     6349   54.83%
      0     0       53.5709   319      118.2780     Cuts: 106     6717   54.71%
      0     0       53.6743   317      118.2780     Cuts: 116     6969   54.62%
      0     0       53.7213   361      118.2780      Cuts: 80     7184   54.58%
      0     0       53.7505   386      118.2780      Cuts: 95     7371   54.56%
      0     0       53.7731   367      118.2780      Cuts: 85     7587   54.54%
      0     0       53.8237   384      118.2780      Cuts: 57     7875   54.49%
      0     0       54.3286   332      118.2780      Cuts: 54     8369   54.07%
      0     0       54.4255   345      118.2780      Cuts: 78     8678   53.99%
      0     0       54.5305   362      118.2780      Cuts: 69     8943   53.90%
      0     0       54.5610   371      118.2780      Cuts: 86     9107   53.87%
      0     0       54.6075   373      118.2780      Cuts: 57     9225   53.83%
*     0+    0                           88.1540       54.6075            38.05%
      0     0       54.6217   372       88.1540      Cuts: 66     9332   38.04%
      0     0       54.6292   360       88.1540      Cuts: 30     9398   38.03%
      0     0       54.6334   369       88.1540      Cuts: 16     9461   38.03%
Detecting symmetries...
      0     2       54.6334   369       88.1540       54.6334     9461   38.03%
Elapsed time = 2.29 sec. (4354.64 ticks, tree = 0.02 MB, solutions = 4)
      4     6       60.4635   126       88.1540       54.6871    12180   37.96%
*    17+    3                           81.4184       54.6874            32.83%
     49     5       54.7524   343       81.4184       54.6874    11882   32.83%
     56     7       55.5148   206       81.4184       54.9859    19851   32.47%
    113    54       74.4040    73       81.4184       55.8593    36738   31.39%
    206   105       58.8253    88       81.4184       56.0377    54763   31.17%
    308   166       73.7721    84       81.4184       56.0377    78190   31.17%
    381   205       58.0252   162       81.4184       56.0377    99367   31.17%
    407   230       59.4127   146       81.4184       56.0377   114975   31.17%
    444   242       60.3058   178       81.4184       56.0377   123019   31.17%
    949   524       61.4678   154       81.4184       56.2433   194748   30.92%
Elapsed time = 5.06 sec. (7505.56 ticks, tree = 3.96 MB, solutions = 5)
   1376   724       59.5896   191       81.4184       57.9198   246521   28.86%
   2053  1231        cutoff             81.4184       58.3934   341759   28.28%
   2315  1335       61.8555   225       81.4184       58.4179   369459   28.25%
   2967  1721       68.3731    81       81.4184       58.9677   480655   27.57%
   3350  2099       77.3245    62       81.4184       59.1928   567896   27.30%
   3838  2151       78.1917    63       81.4184       59.2991   587841   27.17%

Performing restart 1

Repeating presolve.
Tried aggregator 1 time.
MIP Presolve eliminated 25 rows and 2 columns.
MIP Presolve modified 1815 coefficients.
Reduced MIP has 3656 rows, 2592 columns, and 75711 nonzeros.
Reduced MIP has 2416 binaries, 0 generals, 0 SOSs, and 0 indicators.
Presolve time = 0.03 sec. (56.93 ticks)
Tried aggregator 2 times.
MIP Presolve eliminated 3 rows and 2 columns.
Aggregator did 1 substitutions.
Reduced MIP has 3652 rows, 2589 columns, and 75667 nonzeros.
Reduced MIP has 2413 binaries, 0 generals, 0 SOSs, and 0 indicators.
Presolve time = 0.03 sec. (50.18 ticks)
Represolve time = 0.14 sec. (278.28 ticks)
   4426     0       54.7953   415       81.4184      Cuts: 78   730611   26.62%
   4426     0       54.9465   407       81.4184      Cuts: 97   731195   26.62%
   4426     0       55.1369   430       81.4184     Cuts: 132   731918   26.62%
   4426     0       55.3601   428       81.4184     Cuts: 134   732478   26.62%
   4426     0       55.5627   409       81.4184     Cuts: 116   732865   26.62%
   4426     0       55.6649   427       81.4184     Cuts: 117   733344   26.62%
*  4426+    0                           76.0255       59.7468            21.41%
   4426     2       55.6649   422       76.0255       59.7468   733344   21.41%
   4427     3       63.4129   141       76.0255       59.7468   734269   21.41%
   4434     4       63.5554   138       76.0255       59.7468   734442   21.41%
   4477    18       63.8798    98       76.0255       59.7468   739677   21.41%
Elapsed time = 18.46 sec. (29132.78 ticks, tree = 0.05 MB, solutions = 6)
   4658    79       65.7832   113       76.0255       59.7468   753387   21.41%
   5054   271       72.0356    57       76.0255       59.7468   778304   21.41%
   5540   607       74.2305   138       76.0255       59.7468   809094   21.41%
   5756   797       62.1648   124       76.0255       59.7468   832534   21.41%
   5892   920       74.6777    30       76.0255       59.7468   860675   21.41%
   6127   998       71.6116    71       76.0255       59.7468   878794   21.41%
   6762  1317       70.0542    96       76.0255       59.7468   906709   21.41%
   7554  1680       67.4248    80       76.0255       59.7468   937908   21.41%
   8095  2407       66.7088   191       76.0255       59.7468   983547   21.41%
   8186  2798       66.6598   127       76.0255       59.7468  1035906   21.41%
Elapsed time = 27.37 sec. (38698.65 ticks, tree = 76.30 MB, solutions = 6)
   8730  2985       57.1952   307       76.0255       59.7468  1065094   21.41%
   9450  3447       65.1842    84       76.0255       59.7468  1115702   21.41%
   9661  4033       63.0787   205       76.0255       59.7468  1171568   21.41%
* 10191+ 4184                           75.2584       59.7468            20.61%
  10353  4186       64.6736   188       75.2584       59.7468  1190866   20.61%

Performing restart 2

Repeating presolve.
Tried aggregator 2 times.
MIP Presolve eliminated 31 rows and 39 columns.
MIP Presolve modified 11140 coefficients.
Aggregator did 1 substitutions.
Reduced MIP has 3620 rows, 2549 columns, and 84314 nonzeros.
Reduced MIP has 2373 binaries, 0 generals, 0 SOSs, and 0 indicators.
Presolve time = 0.10 sec. (245.14 ticks)
Tried aggregator 1 time.
MIP Presolve eliminated 147 rows and 45 columns.
MIP Presolve modified 14 coefficients.
Reduced MIP has 3473 rows, 2504 columns, and 79750 nonzeros.
Reduced MIP has 2338 binaries, 0 generals, 0 SOSs, and 0 indicators.
Presolve time = 0.04 sec. (84.44 ticks)
Tried aggregator 1 time.
Reduced MIP has 3473 rows, 2504 columns, and 79750 nonzeros.
Reduced MIP has 2338 binaries, 0 generals, 0 SOSs, and 0 indicators.
Presolve time = 0.03 sec. (51.48 ticks)
Represolve time = 0.37 sec. (777.72 ticks)
  10393     0       55.7960   440       75.2584     Cuts: 131  1234425   20.61%
  10393     0       55.8945   449       75.2584      Cuts: 96  1234875   20.61%
  10393     0       55.9296   463       75.2584     Cuts: 119  1235249   20.61%
  10393     0       55.9837   450       75.2584     Cuts: 101  1235612   20.61%
  10393     0       56.0408   477       75.2584      Cuts: 95  1236009   20.61%
  10393     0       56.1498   433       75.2584     Cuts: 114  1236472   20.61%
  10393     0       56.1965   457       75.2584     Cuts: 101  1236778   20.61%
  10393     0       56.3654   440       75.2584      Cuts: 68  1237263   20.61%
  10393     0       56.4144   449       75.2584     Cuts: 102  1237597   20.61%

Repeating presolve.
Tried aggregator 1 time.
MIP Presolve eliminated 82 rows and 62 columns.
MIP Presolve modified 7247 coefficients.
Reduced MIP has 3391 rows, 2442 columns, and 85840 nonzeros.
Reduced MIP has 2276 binaries, 0 generals, 0 SOSs, and 0 indicators.
Presolve time = 0.09 sec. (199.59 ticks)
Tried aggregator 2 times.
MIP Presolve eliminated 41 rows and 111 columns.
MIP Presolve modified 2469 coefficients.
Aggregator did 11 substitutions.
Reduced MIP has 3338 rows, 2320 columns, and 82450 nonzeros.
Reduced MIP has 2154 binaries, 0 generals, 0 SOSs, and 0 indicators.
Presolve time = 0.13 sec. (268.85 ticks)
Tried aggregator 1 time.
MIP Presolve modified 84 coefficients.
Reduced MIP has 3338 rows, 2320 columns, and 82450 nonzeros.
Reduced MIP has 2154 binaries, 0 generals, 0 SOSs, and 0 indicators.
Presolve time = 0.06 sec. (113.99 ticks)
Represolve time = 0.63 sec. (1160.58 ticks)
  10393     0       56.5017   472       75.2584     Cuts: 123  1241870   20.61%
  10393     0       56.6104   477       75.2584     Cuts: 107  1242316   20.61%
  10393     0       56.6285   481       75.2584     Cuts: 122  1242585   20.61%
  10393     0       56.7609   483       75.2584     Cuts: 121  1243134   20.61%
  10393     0       56.7813   461       75.2584      Cuts: 88  1243410   20.61%
  10393     0       56.8688   465       75.2584     Cuts: 107  1243879   20.61%
  10393     0       56.9188   477       75.2584     Cuts: 113  1244297   20.61%
  10393     2       56.9188   475       75.2584       59.7468  1244297   20.61%
  10395     4       56.9197   476       75.2584       59.7468  1244464   20.61%
  10403     6       58.7829   111       75.2584       59.7468  1251631   20.61%
  10410     7       58.3477   313       75.2584       59.7468  1252874   20.61%
* 10414+    6                           74.7069       59.7468            20.03%
  10426    16       62.1295   117       74.7069       59.7468  1262639   20.03%
  10459    16       58.6104   343       74.7069       59.7468  1262289   20.03%
Elapsed time = 52.58 sec. (91223.58 ticks, tree = 0.04 MB, solutions = 8)
  10496    40       58.8268   180       74.7069       59.7468  1287667   20.03%
  10556    84       61.3866   134       74.7069       59.7468  1302214   20.03%
  10614   128       61.5717   211       74.7069       59.7468  1325953   20.03%
  10699   168       72.3993   152       74.7069       59.7468  1342925   20.03%
  10920   277       64.9270   110       74.7069       59.7468  1366813   20.03%
  11193   349       59.4864   265       74.7069       59.7468  1379211   20.03%
  11442   446       64.6279   169       74.7069       59.7468  1405736   20.03%
  11789   572       64.3211   154       74.7069       59.7468  1437670   20.03%
  12114   883        cutoff             74.7069       59.7468  1507957   20.03%
  12393  1086       58.2491   203       74.7069       59.7468  1558059   20.03%
Elapsed time = 61.56 sec. (100842.78 ticks, tree = 18.60 MB, solutions = 8)
  12598  1097       60.1447   118       74.7069       59.7468  1566238   20.03%
  12661  1347       68.5704    98       74.7069       59.7468  1639138   20.03%
  12744  1494       58.8146   439       74.7069       59.7468  1700901   20.03%
  13024  1627        cutoff             74.7069       59.7468  1766966   20.03%
  13414  1795       64.4709   195       74.7069       59.7468  1797314   20.03%
  13733  1882       72.9435    57       74.7069       59.7468  1827711   20.03%
  14055  2190       69.4216    97       74.7069       59.7468  1889629   20.03%
  14458  2441       67.1164   250       74.7069       59.7468  1973533   20.03%
  14828  2688       59.8606   323       74.7069       59.7468  2056568   20.03%
  15006  3266       74.6018   146       74.7069       59.7468  2154533   20.03%
Elapsed time = 70.23 sec. (110463.24 ticks, tree = 60.73 MB, solutions = 8)
  15099  3333       65.9790   267       74.7069       59.7468  2182338   20.03%
  15433  3375       66.6444   260       74.7069       59.7468  2184497   20.03%
  16085  3744       65.2653   260       74.7069       59.7468  2243638   20.03%
  16596  4229       73.0014   202       74.7069       59.7468  2315579   20.03%
  17189  4666       73.2603    55       74.7069       59.7468  2374299   20.03%
  17663  4798       65.6984   237       74.7069       59.7468  2402852   20.03%
  17909  5462       66.9329   101       74.7069       59.7468  2495826   20.03%
  18012  5794        cutoff             74.7069       59.7468  2561096   20.03%
  18162  5841       71.8624   179       74.7069       59.7468  2575646   20.03%
  18697  5902       71.3221   138       74.7069       59.7468  2623101   20.03%
Elapsed time = 78.97 sec. (120038.00 ticks, tree = 104.86 MB, solutions = 8)
  19316  6266       67.3346    86       74.7069       59.7468  2673544   20.03%
  19781  6754        cutoff             74.7069       59.7468  2753506   20.03%
  20210  6987       65.5205   282       74.7069       59.7468  2807379   20.03%
  20464  7543       70.6782   263       74.7069       59.7468  2906618   20.03%
  20563  7768       70.7568   125       74.7069       59.7468  2956697   20.03%
  20698  7835       67.1422   279       74.7069       59.7468  2994715   20.03%
  21222  7878       72.9787   129       74.7069       59.7468  3003713   20.03%
  21710  8401       73.0335    64       74.7069       59.7468  3096994   20.03%
  22047  8608       65.2396   231       74.7069       60.0588  3146665   19.61%
  22398  8849       68.2687   182       74.7069       60.1042  3208088   19.55%
Elapsed time = 87.77 sec. (129608.99 ticks, tree = 168.17 MB, solutions = 8)
  22555  9209       64.8357   199       74.7069       60.1054  3283843   19.55%
  22719  9313       68.0128   231       74.7069       60.1946  3323415   19.43%
  23283  9414       71.2684   175       74.7069       60.2092  3333716   19.41%
  23929  9870       72.2800   120       74.7069       60.3518  3407552   19.22%
  24608 10141       74.5106   129       74.7069       60.4625  3464547   19.07%
  25081 11068       68.4114   113       74.7069       60.4625  3590451   19.07%
  25483 11180       70.5072    72       74.7069       60.5624  3616778   18.93%
  25648 11381       72.7419   104       74.7069       60.7581  3671727   18.67%
  25786 11613       72.1845   191       74.7069       60.8068  3750130   18.61%
  25926 11695       67.7898   179       74.7069       60.8068  3775514   18.61%
Elapsed time = 96.31 sec. (139182.97 ticks, tree = 221.95 MB, solutions = 8)
  26292 11851       70.4533   173       74.7069       60.8209  3814997   18.59%
  26855 12060       64.6327   223       74.7069       60.8548  3856839   18.54%
  27398 12159       69.8345    88       74.7069       61.0095  3885254   18.33%
  27799 12856        cutoff             74.7069       61.1284  3999347   18.18%
  28199 12991       72.3521    57       74.7069       61.1528  4028269   18.14%
  28591 13236       68.3248    81       74.7069       61.2201  4115772   18.05%
  28749 13775       72.7989   115       74.7069       61.3033  4259044   17.94%
  28880 13664       71.0792    78       74.7069       61.3215  4232281   17.92%
  29056 13871       61.7049   197       74.7069       61.3215  4301409   17.92%
  30902 14758       63.3478   217       74.7069       61.6500  4497615   17.48%
Elapsed time = 108.14 sec. (151620.41 ticks, tree = 292.87 MB, solutions = 8)
* 31288 15485      integral     0       74.3279       61.8248  4705182   16.82%
  31513 15335       67.8854   164       74.3279       61.8797  4741222   16.75%
* 31956+15473                           73.8864       61.9290            16.18%
* 32431+15259                           71.1955       62.0338            12.87%
  32943 15433       71.4254   150       71.1955       62.0782  4883530   12.81%
  34065 12481       70.1282   114       71.1955       62.3219  5237847   12.46%
  34627 12503       69.8466   159       71.1955       62.6898  5341985   11.95%
  35185 12492        cutoff             71.1955       62.6898  5489820   11.95%
  35701 12508        cutoff             71.1955       63.4306  5714329   10.91%
  36310 12527       67.6258   143       71.1955       63.6796  5841509   10.56%
  36941 12481       70.9462   112       71.1955       64.0393  5971625   10.05%
  37526 12451       68.9755   197       71.1955       64.3107  6159860    9.67%
  38176 12429       68.9166   168       71.1955       64.5512  6313951    9.33%
Elapsed time = 141.90 sec. (189803.19 ticks, tree = 230.03 MB, solutions = 11)
  38918 12392        cutoff             71.1955       64.8324  6467635    8.94%
  40615 12549        cutoff             71.1955       65.1109  6589626    8.55%
  41696 13317        cutoff             71.1955       65.3596  6887654    8.20%
  42486 13377        cutoff             71.1955       65.6112  6999023    7.84%
  43152 13378       67.1466   280       71.1955       65.7447  7194083    7.66%
  43848 13456        cutoff             71.1955       65.9391  7283638    7.38%
  44660 13467       67.9178   232       71.1955       66.1230  7457073    7.12%
  45467 13287       70.1558   106       71.1955       66.2515  7586315    6.94%
  46394 13055        cutoff             71.1955       66.3757  7855686    6.77%
  47335 12913        cutoff             71.1955       66.5343  8039734    6.55%
Elapsed time = 176.68 sec. (227994.16 ticks, tree = 222.28 MB, solutions = 11)
  48385 12716       70.5059   146       71.1955       66.6688  8166064    6.36%
  49332 12519        cutoff             71.1955       66.8198  8417862    6.15%
  50386 12372       68.9685   136       71.1955       66.9822  8589310    5.92%
  51494 12134        cutoff             71.1955       67.1509  8670018    5.68%
  52523 11743        cutoff             71.1955       67.2960  8935406    5.48%
* 53311 11739      integral     0       69.9016       67.4324  8958050    3.53%
  53788 11567        cutoff             69.9016       67.5258  9025483    3.40%
  55322  6800        cutoff             69.9016       67.9660  9326752    2.77%
  57320  5040        cutoff             69.9016       68.3744  9584297    2.18%
  60249  2428        cutoff             69.9016       69.0409  9814586    1.23%

GUB cover cuts applied:  32
Clique cuts applied:  11
Cover cuts applied:  247
Implied bound cuts applied:  102
Flow cuts applied:  33
Mixed integer rounding cuts applied:  105
Zero-half cuts applied:  146
Lift and project cuts applied:  143
Gomory fractional cuts applied:  7

Root node processing (before b&c):
  Real time             =    2.24 sec. (4266.32 ticks)
Parallel b&c, 16 threads:
  Real time             =  209.35 sec. (261111.94 ticks)
  Sync time (average)   =   81.14 sec.
  Wait time (average)   =    0.03 sec.
                          ------------
Total (root+branch&cut) =  211.59 sec. (265378.25 ticks)
Feasible solution found!
Truck nodes:
Truck at node 0 at stage 1
Truck at node 6 at stage 2
Truck at node 1 at stage 3
Truck at node 8 at stage 4
Truck at node 4 at stage 5
Truck at node 3 at stage 6
Truck at node 10 at stage 7
Truck at node 5 at stage 8
Truck at node 7 at stage 9
Truck at node 2 at stage 10
Truck at node 11 at stage 11

Truck arcs:
Arc 1 connecting 0 and 6 with cost 11.127 
Arc 2 connecting 6 and 1 with cost 3.41898 
Arc 3 connecting 1 and 8 with cost 2.95098 
Arc 4 connecting 8 and 4 with cost 5.54215 
Arc 5 connecting 4 and 3 with cost 6.71587 
Arc 6 connecting 3 and 10 with cost 6.22861 
Arc 7 connecting 10 and 5 with cost 11.4906 
Arc 8 connecting 5 and 7 with cost 1.61466 
Arc 9 connecting 7 and 2 with cost 6.42059 
Arc 10 connecting 2 and 11 with cost 12.3922 
Truck route length: 67.9016
Customer 9 was served by drone!
served customer 9 with st stage 4
end at node 10
end at stage 7
Printing wait:
Printing z(k, k') and drone travel time: 
---------------------------------------------------------------
Sortie starts at stage 4 and ends at stage 7
Start node: 8
End node: 10
Customer served in this sortie:9 
Drone arcs during this sortie:
8-->9, l = 4.53203
9-->10, l = 11.0897
Truck arcs during this sortie:
8---4, l = 5.54215
4---3, l = 6.71587
3---10, l = 6.22861
Drone travel time during sortie: 15.6217
Truck travel time during sortie: 18.4866
Wait time for this sortie: 0
---------------------------------------------------------------
Printing zl:
Printing zr:
zr[4][10] = 1
Printing zs:
zs[4][9] = 1
Printing x_d:
x_d[9][10] = 1
Done!
Solve time: 211.598
OBJECTIVE VALUE: 69.9016.
In write mode
