Instance name: /home/orlab/CLionProjects/RV-FSTSP/Murray_instances/FSTSP/FSTSP_10_customer_problems/20140810T123440v10
Write arg val: 1
Input is specified as type M: Murray instance.-.-.-.-.-.-.-.-.-.-.-.-.-.-.-.-.-.-.-.-

drone speed: 0.6 miles/minute
uav non-eligible customer: 4 5 
Printing tau:
0 3.05404 10.4722 13.4811 6.76521 11.4381 6.47301 13.0528 1.22306 2.41346 7.25246 0 
3.05404 0 7.41815 13.1751 7.41924 8.38408 3.41898 9.99874 2.95098 5.14749 6.9465 3.05404 
10.4722 7.41815 0 14.3533 14.8374 5.76971 3.99917 6.42059 10.3691 12.5656 10.5246 10.4722 
13.4811 13.1751 14.3533 0 6.71587 15.3192 15.1541 16.9338 12.258 15.4145 6.22861 13.4811 
6.76521 7.41924 14.8374 6.71587 0 15.8033 10.8382 17.418 5.54215 8.69866 4.31275 6.76521 
11.4381 8.38408 5.76971 15.3192 15.8033 0 7.0349 1.61466 11.3351 13.5316 11.4906 11.4381 
6.47301 3.41898 3.99917 15.1541 10.8382 7.0349 0 7.68579 6.36995 8.56647 8.92548 6.47301 
13.0528 9.99874 6.42059 16.9338 17.418 1.61466 7.68579 0 12.9497 15.1462 13.1052 13.0528 
1.22306 2.95098 10.3691 12.258 5.54215 11.3351 6.36995 12.9497 0 3.15652 6.0294 1.22306 
2.41346 5.14749 12.5656 15.4145 8.69866 13.5316 8.56647 15.1462 3.15652 0 9.18592 2.41346 
7.25246 6.9465 10.5246 6.22861 4.31275 11.4906 8.92548 13.1052 6.0294 9.18592 0 7.25246 
0 0 0 0 0 0 0 0 0 0 0 0 
Printing tau_prime:
0 1.55024 5.29326 7.08552 4.06651 6.38038 3.3768 7.2585 0.619928 1.43932 3.66314 0 
1.55024 0 3.76404 7.52003 4.96845 4.94498 1.99526 5.81479 1.56079 2.83526 3.84337 1.55024 
5.29326 3.76404 0 10.0878 8.32381 2.9547 2.11856 3.49502 5.30158 6.39321 6.57469 5.29326 
7.08552 7.52003 10.0878 0 3.40083 8.7569 9.26995 9.34774 6.51004 7.83769 3.69272 7.08552 
4.06651 4.96845 8.32381 3.40083 0 8.01329 6.9376 8.80561 3.59566 4.54085 2.19212 4.06651 
6.38038 4.94498 2.9547 8.7569 8.01329 0 4.349 0.879294 6.09477 7.76448 5.88165 6.38038 
3.3768 1.99526 2.11856 9.26995 6.9376 4.349 0 5.11013 3.53422 4.32872 5.58437 3.3768 
7.2585 5.81479 3.49502 9.34774 8.80561 0.879294 5.11013 0 6.97365 8.63888 6.64869 7.2585 
0.619928 1.56079 5.30158 6.51004 3.59566 6.09477 3.53422 6.97365 0 1.9423 3.04632 0.619928 
1.43932 2.83526 6.39321 7.83769 4.54085 7.76448 4.32872 8.63888 1.9423 0 4.75273 1.43932 
3.66314 3.84337 6.57469 3.69272 2.19212 5.88165 5.58437 6.64869 3.04632 4.75273 0 3.66314 
0 0 0 0 0 0 0 0 0 0 0 0 
---------------------------------------------------------------
Current config:
- Number of threads = 16
- Drone endurance = 20
- SL = 1
- SR = 1
- L = 3
- Allow loop = 0
- Use TSP optimal solution as warmstart: = 0
- Use cutting plane method: = 0
- Use CPLEX conflict refiner: = 0
---------------------------------------------------------------
M value: 506.089
Warning:  Output names have been modified due to duplicate names or characters invalid in LP format.
Version identifier: 22.1.1.0 | 2022-11-28 | 9160aff4d
CPXPARAM_Threads                                 16
CPXPARAM_TimeLimit                               3600
Tried aggregator 2 times.
MIP Presolve eliminated 1032 rows and 429 columns.
MIP Presolve modified 2672 coefficients.
Aggregator did 34 substitutions.
Reduced MIP has 3966 rows, 2981 columns, and 84106 nonzeros.
Reduced MIP has 2805 binaries, 0 generals, 0 SOSs, and 0 indicators.
Presolve time = 0.06 sec. (118.70 ticks)
Probing time = 0.01 sec. (10.49 ticks)
Tried aggregator 1 time.
Detecting symmetries...
MIP Presolve eliminated 1 rows and 0 columns.
MIP Presolve modified 24 coefficients.
Reduced MIP has 3965 rows, 2981 columns, and 84072 nonzeros.
Reduced MIP has 2805 binaries, 0 generals, 0 SOSs, and 0 indicators.
Presolve time = 0.03 sec. (47.82 ticks)
Probing time = 0.00 sec. (9.86 ticks)
Clique table members: 42744.
MIP emphasis: balance optimality and feasibility.
MIP search method: dynamic search.
Parallel mode: deterministic, using up to 16 threads.
Root relaxation solution time = 0.12 sec. (221.92 ticks)

        Nodes                                         Cuts/
   Node  Left     Objective  IInf  Best Integer    Best Bound    ItCnt     Gap

*     0+    0                        36058.8683        0.0000           100.00%
      0     0       19.7652   210    36058.8683       19.7652     1535   99.95%
*     0+    0                           80.7606       19.7652            75.53%
      0     0       29.2305   155       80.7606      Cuts: 52     2288   63.81%
      0     0       31.9514   123       80.7606     Cuts: 112     2861   60.44%
      0     0       32.3448   134       80.7606     Cuts: 126     3698   59.95%
*     0+    0                           74.8587       32.3448            56.79%
      0     0       32.6532   148       74.8587      Cuts: 95     5305   56.38%
      0     0       32.6532   183       74.8587     Cuts: 118     6485   56.38%
Detecting symmetries...
*     0+    0                           71.7084       32.6532            54.46%
      0     0       32.9499   152       71.7084      Cuts: 34     7814   54.05%
*     0+    0                           68.1673       32.9499            51.66%
*     0+    0                           64.3273       32.9499            48.78%
      0     0       33.1762   176       64.3273     Cuts: 122     8463   48.43%
      0     0       33.2262   169       64.3273      Cuts: 87     8984   48.35%
      0     0       33.3108   181       64.3273     Cuts: 127     9646   48.22%
*     0+    0                           45.3412       33.3108            26.53%
      0     0       33.3917   177       45.3412      Cuts: 94    10550   26.35%
      0     0       33.3917   201       45.3412      Cuts: 72    10986   26.35%
*     0+    0                           45.0185       33.3917            25.83%
Detecting symmetries...
      0     2       33.3917   161       45.0185       33.3917    10986   25.83%
Elapsed time = 2.68 sec. (4942.15 ticks, tree = 0.02 MB, solutions = 8)
     28    18       40.3740    50       45.0185       33.3919    14676   25.83%
*    35+   14                           44.7616       33.3919            25.40%
*   197    82      integral     0       44.6470       33.3919    24163   25.21%
    496   208    infeasible             44.6470       33.3919    55570   25.21%
    819   320       38.5857    56       44.6470       33.3919    81304   25.21%
   1250   456       37.0339    61       44.6470       33.4264   111109   25.13%
   1603   609       37.4268    75       44.6470       33.4264   142588   25.13%
   1836   763       43.0660    88       44.6470       33.4264   184387   25.13%
   2002   847        cutoff             44.6470       33.4264   208228   25.13%
*  2032   888      integral     0       43.2350       33.4985   225275   22.52%
   2092   827        cutoff             43.2350       33.4985   245260   22.52%
*  2145+  816                           43.1959       33.4985            22.45%
*  2199+  817                           42.6270       33.4985            21.41%
*  2204+  817                           41.2277       33.4985            18.75%
*  2257   698      integral     0       41.1652       33.4985   285902   18.62%
*  2347+  709                           40.8183       33.4985            17.93%
*  2376   668      integral     0       39.0066       33.4985   307105   14.12%
*  2509   460      integral     0       38.8183       33.4985   319478   13.70%
   2606   426       37.4865    69       38.8183       33.4985   335715   13.70%
Elapsed time = 5.82 sec. (7916.73 ticks, tree = 0.55 MB, solutions = 18)
*  2607+  412                           37.0066       33.4985             9.48%
   2699     8       36.3400    62       37.0066       33.4985   367817    9.48%
   2785     9        cutoff             37.0066       35.0132   415255    5.39%
   2877    11       36.3400    87       37.0066       35.7308   435935    3.45%
   2907     6       36.9812    89       37.0066       36.3400   462683    1.80%
   2947     4        cutoff             37.0066       36.3400   483818    1.80%
   2967     4       36.3400    80       37.0066       36.3400   491254    1.80%

GUB cover cuts applied:  20
Clique cuts applied:  1
Cover cuts applied:  38
Implied bound cuts applied:  591
Flow cuts applied:  15
Mixed integer rounding cuts applied:  98
Zero-half cuts applied:  24
Lift and project cuts applied:  2
Gomory fractional cuts applied:  3

Root node processing (before b&c):
  Real time             =    2.62 sec. (4830.64 ticks)
Parallel b&c, 16 threads:
  Real time             =    6.86 sec. (9617.73 ticks)
  Sync time (average)   =    4.11 sec.
  Wait time (average)   =    0.00 sec.
                          ------------
Total (root+branch&cut) =    9.49 sec. (14448.37 ticks)
Feasible solution found!
Truck nodes:
Truck at node 0 at stage 1
Truck at node 5 at stage 2
Truck at node 1 at stage 3
Truck at node 4 at stage 4
Truck at node 8 at stage 5
Truck at node 11 at stage 6

Truck arcs:
Arc 1 connecting 0 and 5 with cost 11.4381 
Arc 2 connecting 5 and 1 with cost 8.38408 
Arc 3 connecting 1 and 4 with cost 7.41924 
Arc 4 connecting 4 and 8 with cost 5.54215 
Arc 5 connecting 8 and 11 with cost 1.22306 
Truck route length: 34.0066
Customer 2 was served by drone!
Customer 3 was served by drone!
Customer 6 was served by drone!
Customer 7 was served by drone!
Customer 9 was served by drone!
Customer 10 was served by drone!
served customer 2 with st stage 1
start from stage 1 at node 0
end at node 5
end at stage 2
served customer 6 with st stage 1
start from stage 1 at node 0
end at node 5
end at stage 2
served customer 9 with st stage 1
start from stage 1 at node 0
end at node 5
end at stage 2
served customer 3 with st stage 2
start from stage 2 at node 5
end at node 4
end at stage 4
served customer 7 with st stage 2
start from stage 2 at node 5
end at node 4
end at stage 4
served customer 10 with st stage 2
start from stage 2 at node 5
end at node 4
end at stage 4
Printing wait:
Printing z(k, k') and drone travel time: 
---------------------------------------------------------------
Sortie starts at stage 1 and ends at stage 2
Start node: 0
End node: 5
Customer served in this sortie:2 6 9 
Drone arcs during this sortie:
0-->9, l = 1.43932
2-->5, l = 2.9547
6-->2, l = 2.11856
9-->6, l = 4.32872
Truck arcs during this sortie:
0---5, l = 11.4381
Drone travel time during sortie: 10.8413
Truck travel time during sortie: 11.4381
Wait time for this sortie: 0
---------------------------------------------------------------
---------------------------------------------------------------
Sortie starts at stage 2 and ends at stage 4
Start node: 5
End node: 4
Customer served in this sortie:3 7 10 
Drone arcs during this sortie:
3-->4, l = 3.40083
5-->7, l = 0.879294
7-->10, l = 6.64869
10-->3, l = 3.69272
Truck arcs during this sortie:
5---1, l = 8.38408
1---4, l = 7.41924
Drone travel time during sortie: 14.6215
Truck travel time during sortie: 15.8033
Wait time for this sortie: 0
---------------------------------------------------------------
Printing zl:
zl[1][0] = 1
zl[2][5] = 1
Printing zr:
zr[1][5] = 1
zr[2][4] = 1
Printing zs:
zs[1][2] = 1
zs[1][6] = 1
zs[1][9] = 1
zs[2][3] = 1
zs[2][7] = 1
zs[2][10] = 1
Printing x_d:
x_d[0][9] = 1
x_d[2][5] = 1
x_d[3][4] = 1
x_d[5][7] = 1
x_d[6][2] = 1
x_d[7][10] = 1
x_d[9][6] = 1
x_d[10][3] = 1
Done!
Solve time: 9.496
OBJECTIVE VALUE: 37.0066.
In write mode
