Instance name: /home/orlab/CLionProjects/RV-FSTSP/Murray_instances/FSTSP/FSTSP_10_customer_problems/20140810T123437v1
Write arg val: 1
Input is specified as type M: Murray instance.-.-.-.-.-.-.-.-.-.-.-.-.-.-.-.-.-.-.-.-

drone speed: 0.2 miles/minute
uav non-eligible customer: 10 
Printing tau:
0 8.5294 9.78144 12.4658 5.23008 4.08098 3.60506 3.30315 5.25872 9.74692 8.86232 0 
8.5294 0 18.3108 3.93636 13.7595 7.22991 8.18583 7.04774 13.7881 14.0919 12.0132 8.5294 
9.78144 18.3108 0 22.2472 4.55136 11.0809 10.125 11.2631 5.10923 6.13892 11.4943 9.78144 
12.4658 3.93636 22.2472 0 17.6958 11.1663 12.1222 10.9841 17.7245 18.0283 15.9496 12.4658 
5.23008 13.7595 4.55136 17.6958 0 6.52957 5.57365 6.71174 1.94864 9.26756 8.38296 5.23008 
4.08098 7.22991 11.0809 11.1663 6.52957 0 0.955922 0.777831 6.55821 13.8279 12.9433 4.08098 
3.60506 8.18583 10.125 12.1222 5.57365 0.955922 0 1.13809 5.60229 13.352 12.4674 3.60506 
3.30315 7.04774 11.2631 10.9841 6.71174 0.777831 1.13809 0 6.74038 13.0501 12.1655 3.30315 
5.25872 13.7881 5.10923 17.7245 1.94864 6.55821 5.60229 6.74038 0 11.2162 10.3316 5.25872 
9.74692 14.0919 6.13892 18.0283 9.26756 13.8279 13.352 13.0501 11.2162 0 7.2754 9.74692 
8.86232 12.0132 11.4943 15.9496 8.38296 12.9433 12.4674 12.1655 10.3316 7.2754 0 8.86232 
0 0 0 0 0 0 0 0 0 0 0 0 
Printing tau_prime:
0 10.716 12.2868 16.8994 6.18955 5.04743 4.26785 4.26649 6.43481 13.2258 10.6376 0 
10.716 0 23.0027 6.5606 16.7706 8.59075 9.66193 8.30778 16.3699 22.5134 16.2781 10.716 
12.2868 23.0027 0 29.091 6.50889 15.8949 14.6508 15.5734 8.01334 8.77857 14.8944 12.2868 
16.8994 6.5606 29.091 0 22.6813 13.6282 14.8639 13.6915 21.9127 29.0691 22.6695 16.8994 
6.18955 16.7706 6.50889 22.6813 0 9.38617 8.14351 9.0795 2.29674 10.9289 12.8279 6.18955 
5.04743 8.59075 15.8949 13.6282 9.38617 0 1.25846 0.941487 8.31925 18.1926 15.2616 5.04743 
4.26785 9.66193 14.6508 14.8639 8.14351 1.25846 0 1.38764 7.06588 17.2062 14.7813 4.26785 
4.26649 8.30778 15.5734 13.6915 9.0795 0.941487 1.38764 0 8.23237 17.4772 14.3397 4.26649 
6.43481 16.3699 8.01334 21.9127 2.29674 8.31925 7.06588 8.23237 0 13.2233 14.6887 6.43481 
13.2258 22.5134 8.77857 29.0691 10.9289 18.1926 17.2062 17.4772 13.2233 0 8.63729 13.2258 
10.6376 16.2781 14.8944 22.6695 12.8279 15.2616 14.7813 14.3397 14.6887 8.63729 0 10.6376 
0 0 0 0 0 0 0 0 0 0 0 0 
---------------------------------------------------------------
Current config:
- Number of threads = 16
- Drone endurance = 20
- SL = 1
- SR = 1
- L = 3
- Allow loop = 0
- Use TSP optimal solution as warmstart: = 0
- Use cutting plane method: = 0
- Use CPLEX conflict refiner: = 0
---------------------------------------------------------------
M value: 521.724
Warning:  Output names have been modified due to duplicate names or characters invalid in LP format.
Version identifier: 22.1.1.0 | 2022-11-28 | 9160aff4d
CPXPARAM_Threads                                 16
CPXPARAM_TimeLimit                               3600
Tried aggregator 2 times.
MIP Presolve eliminated 1187 rows and 574 columns.
MIP Presolve modified 2712 coefficients.
Aggregator did 34 substitutions.
Reduced MIP has 3811 rows, 2836 columns, and 81739 nonzeros.
Reduced MIP has 2660 binaries, 0 generals, 0 SOSs, and 0 indicators.
Presolve time = 0.06 sec. (107.67 ticks)
Probing fixed 25 vars, tightened 0 bounds.
Probing time = 0.03 sec. (87.85 ticks)
Tried aggregator 1 time.
Detecting symmetries...
MIP Presolve eliminated 18 rows and 25 columns.
MIP Presolve modified 24 coefficients.
Reduced MIP has 3793 rows, 2811 columns, and 81196 nonzeros.
Reduced MIP has 2635 binaries, 0 generals, 0 SOSs, and 0 indicators.
Presolve time = 0.03 sec. (43.11 ticks)
Probing time = 0.01 sec. (8.66 ticks)
Clique table members: 33525.
MIP emphasis: balance optimality and feasibility.
MIP search method: dynamic search.
Parallel mode: deterministic, using up to 16 threads.
Root relaxation solution time = 0.21 sec. (383.79 ticks)

        Nodes                                         Cuts/
   Node  Left     Objective  IInf  Best Integer    Best Bound    ItCnt     Gap

*     0+    0                        62365.0694        0.0000           100.00%
      0     0       19.6522   230    62365.0694       19.6522     4936   99.97%
*     0+    0                          119.6382       19.6522            83.57%
      0     0       24.4167   264      119.6382      Cuts: 89     9463   79.59%
*     0+    0                          104.8088       24.4167            76.70%
      0     0       25.8670   317      104.8088     Cuts: 284    13443   75.32%
      0     0       26.5603   350      104.8088     Cuts: 282    15801   74.66%
      0     0       26.6958   349      104.8088     Cuts: 210    16392   74.53%
      0     0       26.7718   381      104.8088     Cuts: 210    16824   74.46%
Detecting symmetries...
      0     0       27.1115   304      104.8088     Cuts: 161    17891   74.13%
      0     0       27.5450   302      104.8088     Cuts: 163    19064   73.72%
      0     0       27.7576   379      104.8088     Cuts: 123    20233   73.52%
      0     0       28.0663   412      104.8088     Cuts: 132    20752   73.22%
      0     0       28.1393   409      104.8088     Cuts: 143    21101   73.15%
      0     0       28.2304   392      104.8088     Cuts: 133    21502   73.06%
      0     0       28.3007   404      104.8088     Cuts: 127    22011   73.00%
      0     0       28.3692   428      104.8088     Cuts: 108    22346   72.93%
      0     0       28.4340   437      104.8088      Cuts: 96    22841   72.87%
      0     0       28.4703   434      104.8088     Cuts: 113    23377   72.84%
      0     0       28.6888   418      104.8088      Cuts: 92    24092   72.63%
      0     0       28.7353   462      104.8088      Cuts: 93    24647   72.58%
      0     0       28.8380   461      104.8088      Cuts: 98    25471   72.49%
      0     0       28.9337   450      104.8088     Cuts: 109    26363   72.39%
      0     0       28.9693   485      104.8088      Cuts: 91    26718   72.36%
      0     0       28.9774   471      104.8088      Cuts: 78    27035   72.35%
      0     0       28.9920   505      104.8088      Cuts: 64    27450   72.34%
      0     0       29.0600   482      104.8088      Cuts: 64    27824   72.27%
      0     0       29.0699   458      104.8088      Cuts: 71    28064   72.26%
*     0+    0                           91.9611       29.0699            68.39%
      0     0       29.0869   505       91.9611      Cuts: 62    28401   68.37%
      0     0       29.0944   493       91.9611      Cuts: 58    28542   68.36%
*     0+    0                           72.6309       29.0944            59.94%
      0     0       29.1194   493       72.6309      Cuts: 25    28902   59.91%
      0     0       29.1221   517       72.6309      Cuts: 75    29029   59.90%
Detecting symmetries...
      0     2       29.1221   511       72.6309       29.1221    29029   59.90%
Elapsed time = 4.87 sec. (9860.74 ticks, tree = 0.02 MB, solutions = 5)
      2     3       32.1048   354       72.6309       29.1310    31778   59.89%
      9     8       30.2299   375       72.6309       30.0200    37980   58.67%
     40    19       58.6939   123       72.6309       30.1290    54302   58.52%
     90    33       50.6507   124       72.6309       30.1892    81005   58.43%
    129    53       69.5087    98       72.6309       33.1834   100315   54.31%
    166    83       51.4996    98       72.6309       33.1834   140231   54.31%
    195    82       35.9605   330       72.6309       33.1834   143333   54.31%
    224   122       42.6408   169       72.6309       33.1834   185739   54.31%
    264   147       56.1270   123       72.6309       33.1834   206134   54.31%
    425   260       53.5992   169       72.6309       33.3308   322151   54.11%
Elapsed time = 8.16 sec. (13253.23 ticks, tree = 0.24 MB, solutions = 5)
    546   352       50.7565   162       72.6309       33.3308   402631   54.11%
    586   386       50.4950   157       72.6309       33.3308   454512   54.11%
    765   416        cutoff             72.6309       33.3308   489545   54.11%
*   892+  514                           69.2817       33.3308            51.89%
   1012   612       62.5491    62       69.2817       34.9519   618879   49.55%
   1210   711       52.9245    63       69.2817       34.9519   704531   49.55%
   1390   833       55.2841   139       69.2817       34.9519   790912   49.55%
   1569  1023       51.2463   114       69.2817       34.9519   929840   49.55%
   1799  1066       52.7490   113       69.2817       34.9519   965345   49.55%
   2004  1237       49.9392    78       69.2817       34.9519  1076460   49.55%
   2086  1474       61.3060    71       69.2817       34.9519  1240753   49.55%
Elapsed time = 18.43 sec. (22871.05 ticks, tree = 2.63 MB, solutions = 6)
*  2129  1495      integral     0       66.3955       34.9519  1275974   47.36%
   2267  1511       61.6025   133       66.3955       36.2224  1287848   45.44%
   2441  1509       44.0268    90       66.3955       36.2224  1384392   45.44%
   2675  1587       58.0925   147       66.3955       36.2224  1458374   45.44%
   2863  1781       48.4486    73       66.3955       36.2224  1619594   45.44%
   3081  1879       55.5749    88       66.3955       36.2224  1714501   45.44%
   3331  2226       59.1277    56       66.3955       36.2224  1918277   45.44%
   3591  2171       55.7721   108       66.3955       36.2224  1910181   45.44%
   3676  2563       45.2500   209       66.3955       36.2224  2076692   45.44%
   3877  2630       63.3275    62       66.3955       38.3450  2147256   42.25%
   4180  2754       54.5676   134       66.3955       39.5098  2208071   40.49%
Elapsed time = 28.76 sec. (32462.73 ticks, tree = 5.13 MB, solutions = 7)
   4424  2851       56.4702    85       66.3955       40.3605  2285621   39.21%
   4487  2911       50.3210   197       66.3955       40.3605  2329086   39.21%

Performing restart 1

Repeating presolve.
Tried aggregator 1 time.
MIP Presolve eliminated 6 rows and 20 columns.
MIP Presolve modified 2184 coefficients.
Reduced MIP has 3787 rows, 2791 columns, and 79876 nonzeros.
Reduced MIP has 2615 binaries, 0 generals, 0 SOSs, and 0 indicators.
Presolve time = 0.05 sec. (82.18 ticks)
Tried aggregator 1 time.
MIP Presolve eliminated 0 rows and 1 columns.
Reduced MIP has 3787 rows, 2790 columns, and 79858 nonzeros.
Reduced MIP has 2614 binaries, 0 generals, 0 SOSs, and 0 indicators.
Presolve time = 0.03 sec. (42.17 ticks)
Represolve time = 0.17 sec. (331.01 ticks)
   4488     0       31.7775   344       66.3955     Cuts: 126  2490312   38.65%
   4488     0       32.5444   314       66.3955     Cuts: 123  2491568   38.65%
   4488     0       33.1188   358       66.3955     Cuts: 141  2492632   38.65%
   4488     0       34.3044   327       66.3955      Cuts: 68  2494106   38.65%
   4488     0       34.6712   344       66.3955     Cuts: 116  2495350   38.65%
   4488     0       35.1197   311       66.3955      Cuts: 58  2495874   38.65%
   4488     0       36.0353   356       66.3955     Cuts: 125  2496514   38.65%
   4488     0       36.0901   370       66.3955      Cuts: 84  2496860   38.65%
   4488     0       36.1536   378       66.3955      Cuts: 39  2497370   38.65%
   4488     2       36.1536   374       66.3955       40.7332  2497370   38.65%
   4493     5       50.5007    83       66.3955       40.7332  2502621   38.65%
   4529    29       50.8986    91       66.3955       40.7332  2529491   38.65%
   4653    78       56.2242   127       66.3955       40.7332  2583543   38.65%
   4727   182        cutoff             66.3955       40.7332  2647670   38.65%
   4773   199       46.7170   269       66.3955       40.7332  2659788   38.65%
   4996   312       53.5959   176       66.3955       40.7332  2693250   38.65%
   5200   479       64.4342    80       66.3955       40.7332  2753706   38.65%
Elapsed time = 40.46 sec. (51469.44 ticks, tree = 3.51 MB, solutions = 7)
   5355   605       44.9410   163       66.3955       40.7332  2808735   38.65%
   5396   662       47.2210   229       66.3955       40.7332  2838980   38.65%
*  5533+  662                           64.8689       40.7332            37.21%
   5571   719       56.6772    61       64.8689       40.7332  2860860   37.21%
   5839   909       62.3636    67       64.8689       40.7332  2923454   37.21%
   6183  1028       48.5653   229       64.8689       40.7332  2959009   37.21%
   6384  1274       43.5857   204       64.8689       40.7332  3009889   37.21%
   6446  1414       57.9567   103       64.8689       40.7332  3056922   37.21%
   6502  1521        cutoff             64.8689       41.9772  3108456   35.29%
   6608  1549       60.2108    43       64.8689       41.9772  3134932   35.29%
*  6718  1568      integral     0       61.4698       42.5229  3150988   30.82%
Elapsed time = 48.61 sec. (60733.86 ticks, tree = 18.66 MB, solutions = 8)
   7002  1431       56.2986   152       61.4698       42.5800  3173684   30.73%
   7379  1714       46.6165    51       61.4698       42.9845  3287166   30.07%
   7579  1715       60.9329    95       61.4698       43.1808  3285629   29.75%
   7654  2097        cutoff             61.4698       43.2479  3412116   29.64%
   7717  2114       54.6140    55       61.4698       44.1463  3432020   28.18%
   7777  2129       59.9460    31       61.4698       44.1463  3459103   28.18%
   7923  2166       51.9342   133       61.4698       44.1463  3492389   28.18%
   8151  2185       57.7597    35       61.4698       44.1463  3501981   28.18%
   8401  2231       56.4276   113       61.4698       44.1463  3524594   28.18%
   8576  2426       56.9234   169       61.4698       44.1463  3600426   28.18%
Elapsed time = 57.51 sec. (70341.86 ticks, tree = 28.56 MB, solutions = 9)
   8696  2696        cutoff             61.4698       44.1653  3713690   28.15%
*  8742  2761      integral     0       61.3169       44.4503  3756267   27.51%
*  8746+ 2507                           60.0918       44.4503            26.03%
   8756  2741       59.1694    53       60.0918       44.4503  3742180   26.03%
   8804  2763       58.4694    28       60.0918       44.4503  3779090   26.03%
   8906  2624       59.5673   112       60.0918       45.3188  3830987   24.58%
*  9000+ 2599                           59.1991       45.3188            23.45%
   9126  2540       55.6840   111       59.1991       45.3188  3885054   23.45%
   9387  2578       55.5259   105       59.1991       45.3188  3911812   23.45%
   9626  2643       53.1573   192       59.1991       46.6847  3959990   21.14%
   9730  2970       53.2613    61       59.1991       46.6978  4092803   21.12%
   9794  2853       51.1740   163       59.1991       46.7190  4052899   21.08%
   9866  3017       53.3167    53       59.1991       47.0658  4119590   20.50%
Elapsed time = 65.84 sec. (79953.44 ticks, tree = 46.33 MB, solutions = 12)
  10058  3087       56.3753   138       59.1991       47.0658  4179421   20.50%
  10450  3104       54.5623   184       59.1991       47.2977  4196510   20.10%
  10817  3196       54.2992    54       59.1991       47.9595  4222716   18.99%
  11038  3558       53.4359   110       59.1991       48.1446  4326478   18.67%
  11204  3720       51.1689   214       59.1991       48.1750  4357027   18.62%
  11280  3895       50.7128   171       59.1991       48.1750  4418244   18.62%
  11344  4025       50.8733    82       59.1991       48.4043  4501085   18.23%
  11423  4036       52.9540    64       59.1991       48.4133  4523416   18.22%
  11556  4083       49.3252   211       59.1991       48.4377  4574908   18.18%
  11858  4118       58.5506   114       59.1991       48.4918  4628812   18.09%
Elapsed time = 74.63 sec. (89589.85 ticks, tree = 71.49 MB, solutions = 12)
  12174  4120       50.7804    77       59.1991       48.5385  4618972   18.01%
  12448  4509       52.7408   112       59.1991       48.5385  4733278   18.01%
  12632  4745       56.1101   100       59.1991       48.6261  4826077   17.86%
  12721  4785        cutoff             59.1991       48.6261  4848470   17.86%
  12813  4791       50.1257    92       59.1991       48.7183  4852884   17.70%
* 12862+ 4934                           58.6126       48.7183            16.88%
  12881  4919       50.7625   150       58.6126       48.7183  4951752   16.88%
  12952  4940       54.7678   126       58.6126       49.0909  4981982   16.25%
  13037  4771       56.5043    77       58.6126       49.2683  5013927   15.94%
  13125  4795       55.6162    86       58.6126       49.2683  5026902   15.94%
  13257  4809       56.1213   123       58.6126       49.2842  5105903   15.92%
Elapsed time = 83.17 sec. (99204.16 ticks, tree = 86.77 MB, solutions = 13)
  13425  4857       53.3920    86       58.6126       49.2842  5132417   15.92%
  13673  4891        cutoff             58.6126       49.4350  5179584   15.66%
  13896  4961       56.9319    56       58.6126       49.5664  5198904   15.43%
  14050  5069       56.2099    59       58.6126       49.5925  5295730   15.39%
  14155  5301       52.2856   154       58.6126       49.6507  5405116   15.29%
  14251  5334       56.5318    62       58.6126       49.6749  5441172   15.25%
  14352  5370       51.0506   151       58.6126       49.6749  5465268   15.25%
  14442  5353       50.2691   225       58.6126       49.7103  5459230   15.19%
  14666  5433        cutoff             58.6126       49.7749  5516289   15.08%
  15643  5781        cutoff             58.6126       49.9575  5678348   14.77%
Elapsed time = 94.82 sec. (111652.20 ticks, tree = 107.88 MB, solutions = 13)
  16076  6119       56.9871    32       58.6126       50.2554  5952463   14.26%
  16699  6228       55.2697   121       58.6126       50.3681  6086869   14.07%
  17895  6631       51.9937    47       58.6126       50.5525  6246290   13.75%
* 18106+ 6979                           56.3598       50.6803            10.08%
  18291  5218        cutoff             56.3598       50.7097  6515227   10.02%
  18671  5245        cutoff             56.3598       50.8402  6681748    9.79%
  19301  5266       54.9841    59       56.3598       50.9606  6828517    9.58%
  20107  5441       53.6791    73       56.3598       51.1740  7078330    9.20%
  20582  5399       51.4510   107       56.3598       51.2948  7277425    8.99%
  21021  5306       55.2550    37       56.3598       51.3909  7465223    8.82%
  21546  5175        cutoff             56.3598       51.5464  7656878    8.54%
Elapsed time = 128.84 sec. (149884.41 ticks, tree = 86.92 MB, solutions = 14)
  22051  5112       55.2851    39       56.3598       51.6592  7727421    8.34%
  22602  4967       52.6150   117       56.3598       51.9708  7930590    7.79%
  23146  4793       54.9314   133       56.3598       52.1310  8167365    7.50%
  23664  4687       56.0455    22       56.3598       52.1310  8322073    7.50%
  24243  4549       52.9130    68       56.3598       52.2548  8452632    7.28%
  24676  4455       55.4311    27       56.3598       52.4608  8597746    6.92%
  25280  4158        cutoff             56.3598       52.7026  8892980    6.49%
  25784  4130        cutoff             56.3598       52.8198  8953248    6.28%
  26242  3931        cutoff             56.3598       53.0073  9243163    5.95%
  26808  3877        cutoff             56.3598       53.1849  9278020    5.63%
Elapsed time = 163.18 sec. (188139.22 ticks, tree = 62.24 MB, solutions = 14)
  27396  3627       53.6867    22       56.3598       53.2778  9558644    5.47%
* 27866  3426      integral     0       54.6111       53.2778  9716552    2.44%
  27974  3544       54.6858    52       54.6111       53.2778  9634113    2.44%
  29009   530        cutoff             54.6111       53.8643 10000401    1.37%
* 29501   140      integral     0       54.5884       54.2778 10040071    0.57%

GUB cover cuts applied:  65
Clique cuts applied:  17
Cover cuts applied:  184
Implied bound cuts applied:  108
Flow cuts applied:  27
Mixed integer rounding cuts applied:  103
Zero-half cuts applied:  140
Lift and project cuts applied:  3
Gomory fractional cuts applied:  9

Root node processing (before b&c):
  Real time             =    4.76 sec. (9588.86 ticks)
Parallel b&c, 16 threads:
  Real time             =  170.87 sec. (192572.68 ticks)
  Sync time (average)   =   74.67 sec.
  Wait time (average)   =    0.01 sec.
                          ------------
Total (root+branch&cut) =  175.64 sec. (202161.54 ticks)
Feasible solution found!
Truck nodes:
Truck at node 0 at stage 1
Truck at node 1 at stage 2
Truck at node 3 at stage 3
Truck at node 1 at stage 4
Truck at node 10 at stage 5
Truck at node 9 at stage 6
Truck at node 2 at stage 7
Truck at node 4 at stage 8
Truck at node 8 at stage 9
Truck at node 11 at stage 10

Truck arcs:
Arc 1 connecting 0 and 1 with cost 8.5294 
Arc 2 connecting 1 and 3 with cost 3.93636 
Arc 3 connecting 3 and 1 with cost 3.93636 
Arc 4 connecting 1 and 10 with cost 12.0132 
Arc 5 connecting 10 and 9 with cost 7.2754 
Arc 6 connecting 9 and 2 with cost 6.13892 
Arc 7 connecting 2 and 4 with cost 4.55136 
Arc 8 connecting 4 and 8 with cost 1.94864 
Arc 9 connecting 8 and 11 with cost 5.25872 
Truck route length: 53.5884
Customer 5 was served by drone!
Customer 6 was served by drone!
Customer 7 was served by drone!
served customer 5 with st stage 1
start from stage 1 at node 0
end at node 1
end at stage 4
served customer 6 with st stage 1
start from stage 1 at node 0
end at node 1
end at stage 4
served customer 7 with st stage 1
start from stage 1 at node 0
end at node 1
end at stage 4
Printing wait:
Printing z(k, k') and drone travel time: 
---------------------------------------------------------------
Sortie starts at stage 1 and ends at stage 4
Start node: 0
End node: 1
Customer served in this sortie:5 6 7 
Drone arcs during this sortie:
0-->5, l = 5.04743
5-->6, l = 1.25846
6-->7, l = 1.38764
7-->1, l = 8.30778
Truck arcs during this sortie:
0---1, l = 8.5294
1---3, l = 3.93636
3---1, l = 3.93636
Drone travel time during sortie: 16.0013
Truck travel time during sortie: 16.4021
Wait time for this sortie: 0
---------------------------------------------------------------
Printing zl:
zl[1][0] = 1
Printing zr:
zr[1][1] = 1
Printing zs:
zs[1][5] = 1
zs[1][6] = 1
zs[1][7] = 1
Printing x_d:
x_d[0][5] = 1
x_d[5][6] = 1
x_d[6][7] = 1
x_d[7][1] = 1
Done!
Solve time: 175.648
OBJECTIVE VALUE: 54.5884.
In write mode
