Instance name: /home/orlab/CLionProjects/RV-FSTSP/Murray_instances/FSTSP/FSTSP_10_customer_problems/20140810T123443v1
Write arg val: 1
Input is specified as type M: Murray instance.-.-.-.-.-.-.-.-.-.-.-.-.-.-.-.-.-.-.-.-

drone speed: 0.2 miles/minute
uav non-eligible customer: 4 8 
Printing tau:
0 4.2001 12.6334 12.5505 10.8096 5.65042 5.64207 5.93982 1.11799 7.36834 3.00628 0 
4.2001 0 8.59672 16.5872 14.8463 1.92825 1.9199 7.49765 3.32128 11.405 7.04299 4.2001 
12.6334 8.59672 0 25.184 23.443 8.42508 9.39342 16.0944 11.7546 20.0018 15.6397 12.6334 
12.5505 16.5872 25.184 0 20.0769 16.7589 15.7905 15.6083 13.4294 5.1822 10.0243 12.5505 
10.8096 14.8463 23.443 20.0769 0 15.0179 14.0496 7.34864 11.6884 17.2947 10.5327 10.8096 
5.65042 1.92825 8.42508 16.7589 15.0179 0 0.968346 7.66929 5.01036 12.5367 7.21463 5.65042 
5.64207 1.9199 9.39342 15.7905 14.0496 0.968346 0 6.70095 5.00201 12.5283 6.24629 5.64207 
5.93982 7.49765 16.0944 15.6083 7.34864 7.66929 6.70095 0 5.29976 12.8261 6.06403 5.93982 
1.11799 3.32128 11.7546 13.4294 11.6884 5.01036 5.00201 5.29976 0 8.24716 3.8851 1.11799 
7.36834 11.405 20.0018 5.1822 17.2947 12.5367 12.5283 12.8261 8.24716 0 6.76206 7.36834 
3.00628 7.04299 15.6397 10.0243 10.5327 7.21463 6.24629 6.06403 3.8851 6.76206 0 3.00628 
0 0 0 0 0 0 0 0 0 0 0 0 
Printing tau_prime:
0 6.47104 14.9466 18.671 17.6849 8.30306 7.66763 8.10175 1.28127 11.8856 3.54596 0 
6.47104 0 10.5868 25.1232 19.1891 2.28145 2.44971 9.21448 5.20038 18.3566 9.45738 6.47104 
14.9466 10.5868 0 32.2862 29.7194 11.276 12.2886 19.8012 13.8643 25.3886 18.4894 14.9466 
18.671 25.1232 32.2862 0 23.7497 26.7584 25.9207 21.2864 19.9518 6.93179 15.9071 18.671 
17.6849 19.1891 29.7194 23.7497 0 18.5658 17.4845 10.136 17.9521 20.7816 15.4483 17.6849 
8.30306 2.28145 11.276 26.7584 18.5658 0 1.14125 9.04478 7.08965 20.1104 10.8907 8.30306 
7.66763 2.44971 12.2886 25.9207 17.4845 1.14125 0 7.90494 6.51871 19.3468 10.0185 7.66763 
8.10175 9.21448 19.8012 21.2864 10.136 9.04478 7.90494 0 8.07267 15.8016 7.16659 8.10175 
1.28127 5.20038 13.8643 19.9518 17.9521 7.08965 6.51871 8.07267 0 13.1583 4.66638 1.28127 
11.8856 18.3566 25.3886 6.93179 20.7816 20.1104 19.3468 15.8016 13.1583 0 9.48339 11.8856 
3.54596 9.45738 18.4894 15.9071 15.4483 10.8907 10.0185 7.16659 4.66638 9.48339 0 3.54596 
0 0 0 0 0 0 0 0 0 0 0 0 
---------------------------------------------------------------
Current config:
- Number of threads = 16
- Drone endurance = 20
- SL = 1
- SR = 1
- L = 3
- Allow loop = 0
- Use TSP optimal solution as warmstart: = 0
- Use cutting plane method: = 0
- Use CPLEX conflict refiner: = 0
---------------------------------------------------------------
M value: 551.763
Warning:  Output names have been modified due to duplicate names or characters invalid in LP format.
Version identifier: 22.1.1.0 | 2022-11-28 | 9160aff4d
CPXPARAM_Threads                                 16
CPXPARAM_TimeLimit                               3600
Tried aggregator 2 times.
MIP Presolve eliminated 1383 rows and 782 columns.
MIP Presolve modified 2947 coefficients.
Aggregator did 34 substitutions.
Reduced MIP has 3615 rows, 2628 columns, and 78560 nonzeros.
Reduced MIP has 2452 binaries, 0 generals, 0 SOSs, and 0 indicators.
Presolve time = 0.07 sec. (121.86 ticks)
Probing fixed 23 vars, tightened 0 bounds.
Probing time = 0.03 sec. (93.01 ticks)
Tried aggregator 1 time.
Detecting symmetries...
MIP Presolve eliminated 13 rows and 23 columns.
MIP Presolve modified 33 coefficients.
Reduced MIP has 3602 rows, 2605 columns, and 77844 nonzeros.
Reduced MIP has 2429 binaries, 0 generals, 0 SOSs, and 0 indicators.
Presolve time = 0.03 sec. (54.75 ticks)
Probing time = 0.01 sec. (10.33 ticks)
Clique table members: 34589.
MIP emphasis: balance optimality and feasibility.
MIP search method: dynamic search.
Parallel mode: deterministic, using up to 16 threads.
Root relaxation solution time = 0.13 sec. (266.35 ticks)

        Nodes                                         Cuts/
   Node  Left     Objective  IInf  Best Integer    Best Bound    ItCnt     Gap

*     0+    0                        49003.1668        0.0000           100.00%
      0     0       22.0698   204    49003.1668       22.0698     3235   99.95%
*     0+    0                          112.6861       22.0698            80.41%
      0     0       24.7358   256      112.6861      Cuts: 69     5210   78.05%
      0     0       30.1436   282      112.6861     Cuts: 260     7004   73.25%
      0     0       43.0695   311      112.6861     Cuts: 165     8085   61.78%
*     0+    0                          111.5318       43.0695            61.38%
      0     0       44.3124   273      111.5318     Cuts: 127     8663   60.27%
      0     0       44.6528   345      111.5318     Cuts: 129     9119   59.96%
Detecting symmetries...
      0     0       45.0220   346      111.5318      Cuts: 96     9449   59.63%
*     0+    0                           86.5572       45.0220            47.99%
      0     0       45.2538   335       86.5572      Cuts: 67     9650   47.72%
      0     0       46.4062   344       86.5572      Cuts: 75    10354   46.39%
      0     0       46.7842   301       86.5572      Cuts: 61    10662   45.95%
      0     0       47.0383   358       86.5572      Cuts: 66    11009   45.66%
      0     0       47.4813   352       86.5572      Cuts: 44    11468   45.14%
      0     0       47.5362   380       86.5572      Cuts: 60    11692   45.08%
      0     0       47.5711   427       86.5572      Cuts: 51    11834   45.04%
      0     0       47.6275   388       86.5572      Cuts: 28    11965   44.98%
      0     0       47.6620   390       86.5572      Cuts: 31    12109   44.94%
      0     0       47.6760   411       86.5572      Cuts: 28    12198   44.92%
      0     0       47.7039   396       86.5572      Cuts: 30    12314   44.89%
      0     0       47.7170   402       86.5572      Cuts: 34    12404   44.87%
      0     0       47.7251   406       86.5572      Cuts: 33    12469   44.86%
      0     0       47.9839   335       86.5572      Cuts: 30    12964   44.56%
*     0+    0                           81.0670       47.9839            40.81%
      0     0       48.4390   351       81.0670      Cuts: 61    13312   40.25%
      0     0       48.6363   375       81.0670      Cuts: 57    13519   40.00%
      0     0       48.7732   381       81.0670      Cuts: 64    13749   39.84%
      0     0       48.8956   376       81.0670      Cuts: 41    13957   39.68%
      0     0       48.9705   416       81.0670      Cuts: 28    14137   39.59%
      0     0       49.0932   360       81.0670      Cuts: 28    14335   39.44%
      0     0       49.1474   429       81.0670      Cuts: 44    14507   39.37%
      0     0       49.1733   407       81.0670      Cuts: 50    14629   39.34%
      0     0       49.9693   315       81.0670      Cuts: 35    15116   38.36%
      0     0       50.5635   318       81.0670      Cuts: 76    15519   37.63%
      0     0       52.2425   314       81.0670      Cuts: 75    16135   35.56%
      0     0       55.0151   265       81.0670      Cuts: 34    17196   30.51%
      0     0       58.4267   250       81.0670      Cuts: 62    18108   27.88%
      0     0       59.2194   314       81.0670      Cuts: 92    18924   26.95%
      0     0       60.3551   350       81.0670      Cuts: 58    19613   25.55%
      0     0       60.5857   359       81.0670      Cuts: 47    19906   25.26%
      0     0       60.6654   354       81.0670      Cuts: 60    20124   25.17%
      0     0       61.3244   334       81.0670      Cuts: 44    20862   24.35%
      0     0       61.3405   349       81.0670      Cuts: 51    21005   24.33%
*     0+    0                           71.5065       61.3405            14.22%
Detecting symmetries...
      0     2       61.3405   349       71.5065       61.3405    21005   14.22%
Elapsed time = 4.11 sec. (7807.12 ticks, tree = 0.02 MB, solutions = 6)
      2     4       68.6533   151       71.5065       61.3412    23077   14.22%
     16    11        cutoff             71.5065       61.5231    28592   13.96%
     53    16        cutoff             71.5065       61.5656    45664   13.90%
     92    22       64.1497   269       71.5065       62.1640    58446   13.07%
    138    55        cutoff             71.5065       62.4336   100661   12.69%
    172    73        cutoff             71.5065       62.4336   119929   12.69%
*   180+   47                           71.3441       62.4336            12.49%
    220    98        cutoff             71.3441       62.4336   152215   12.49%
    264   109        cutoff             71.3441       62.4336   166261   12.49%
    289   114        cutoff             71.3441       62.4336   180951   12.49%
    392   124        cutoff             71.3441       62.4336   259370   12.49%
Elapsed time = 7.31 sec. (11035.40 ticks, tree = 0.46 MB, solutions = 7)
*   533   136      integral     0       69.5865       62.4336   280834   10.28%
    742    79       68.3712   172       69.5865       63.6682   348317    8.50%
    845    11        cutoff             69.5865       63.8805   446319    8.20%

GUB cover cuts applied:  30
Clique cuts applied:  5
Cover cuts applied:  10
Implied bound cuts applied:  340
Flow cuts applied:  10
Mixed integer rounding cuts applied:  73
Zero-half cuts applied:  55
Gomory fractional cuts applied:  1

Root node processing (before b&c):
  Real time             =    4.03 sec. (7606.99 ticks)
Parallel b&c, 16 threads:
  Real time             =    4.82 sec. (5371.60 ticks)
  Sync time (average)   =    2.30 sec.
  Wait time (average)   =    0.00 sec.
                          ------------
Total (root+branch&cut) =    8.85 sec. (12978.59 ticks)
Feasible solution found!
Truck nodes:
Truck at node 0 at stage 1
Truck at node 8 at stage 2
Truck at node 1 at stage 3
Truck at node 2 at stage 4
Truck at node 5 at stage 5
Truck at node 6 at stage 6
Truck at node 7 at stage 7
Truck at node 4 at stage 8
Truck at node 10 at stage 9
Truck at node 3 at stage 10
Truck at node 9 at stage 11
Truck at node 11 at stage 12

Truck arcs:
Arc 1 connecting 0 and 8 with cost 1.11799 
Arc 2 connecting 8 and 1 with cost 3.32128 
Arc 3 connecting 1 and 2 with cost 8.59672 
Arc 4 connecting 2 and 5 with cost 8.42508 
Arc 5 connecting 5 and 6 with cost 0.968346 
Arc 6 connecting 6 and 7 with cost 6.70095 
Arc 7 connecting 7 and 4 with cost 7.34864 
Arc 8 connecting 4 and 10 with cost 10.5327 
Arc 9 connecting 10 and 3 with cost 10.0243 
Arc 10 connecting 3 and 9 with cost 5.1822 
Arc 11 connecting 9 and 11 with cost 7.36834 
Truck route length: 69.5865
Printing wait:
Printing z(k, k') and drone travel time: 
Printing zl:
Printing zr:
Printing zs:
Printing x_d:
Done!
Solve time: 8.851
OBJECTIVE VALUE: 69.5865.
In write mode
