Instance name: /home/cuong/CLionProjects/uMV-FSTSP/50_dis_rand_ins/v10
Write arg val: 1

drone speed: 1 miles/minute
uav non-eligible customer: 11 
Printing tau:
0 10.424 55.2678 50.7794 42.9177 23.3024 51.6468 38.0894 56.6657 85.7262 107.196 0 
10.424 0 54.5998 50.1115 42.2498 22.6344 50.9789 44.3471 55.9978 85.0583 106.528 10.424 
55.2678 54.5998 0 4.48835 38.6743 40.1298 26.9374 80.028 91.4102 44.9204 51.9286 55.2678 
50.7794 50.1115 4.48835 0 42.6853 44.1407 30.9483 84.0389 95.4211 48.9313 56.4169 50.7794 
42.9177 42.2498 38.6743 42.6853 0 19.6153 11.7369 41.3537 52.7359 42.8085 64.2787 42.9177 
23.3024 22.6344 40.1298 44.1407 19.6153 0 28.3445 39.8982 51.2804 62.4239 83.894 23.3024 
51.6468 50.9789 26.9374 30.9483 11.7369 28.3445 0 53.0906 64.4728 34.0794 55.5495 51.6468 
38.0894 44.3471 80.028 84.0389 41.3537 39.8982 53.0906 0 18.5763 47.6368 69.107 38.0894 
56.6657 55.9978 91.4102 95.4211 52.7359 51.2804 64.4728 18.5763 0 46.4899 50.5307 56.6657 
85.7262 85.0583 44.9204 48.9313 42.8085 62.4239 34.0794 47.6368 46.4899 0 21.4701 85.7262 
107.196 106.528 51.9286 56.4169 64.2787 83.894 55.5495 69.107 50.5307 21.4701 0 107.196 
0 0 0 0 0 0 0 0 0 0 0 0 
Printing tau_prime:
0 1.47721 10.1786 10.0897 6.15978 3.40207 7.79075 7.21328 10.2602 12.1247 15.1715 0 
1.47721 0 9.22418 9.04058 5.98999 3.26224 7.31478 8.20613 11.1727 12.0998 15.0911 1.47721 
10.1786 9.22418 0 0.851266 5.74148 7.2556 3.84379 11.5755 12.9289 7.67536 9.43643 10.1786 
10.0897 9.04058 0.851266 0 6.13814 7.35308 4.37848 12.0196 13.5202 8.50358 10.2867 10.0897 
6.15978 5.98999 5.74148 6.13814 0 2.78165 2.06859 5.88802 7.70724 6.11814 9.10183 6.15978 
3.40207 3.26224 7.2556 7.35308 2.78165 0 4.42142 6.01751 8.65193 8.85402 11.867 3.40207 
7.79075 7.31478 3.84379 4.37848 2.06859 4.42142 0 7.74908 9.14541 5.44938 8.13593 7.79075 
7.21328 8.20613 11.5755 12.0196 5.88802 6.01751 7.74908 0 3.08102 8.36877 11.1619 7.21328 
10.2602 11.1727 12.9289 13.5202 7.70724 8.65193 9.14541 3.08102 0 7.75348 10.0045 10.2602 
12.1247 12.0998 7.67536 8.50358 6.11814 8.85402 5.44938 8.36877 7.75348 0 3.06621 12.1247 
15.1715 15.0911 9.43643 10.2867 9.10183 11.867 8.13593 11.1619 10.0045 3.06621 0 15.1715 
0 0 0 0 0 0 0 0 0 0 0 0 
Printing number of nodes: 11

Version identifier: 22.1.1.0 | 2022-11-28 | 9160aff4d
CPXPARAM_ClockType                               0
CPXPARAM_Emphasis_MIP                            2
CPXPARAM_MIP_Tolerances_Integrality              0
Tried aggregator 3 times.
MIP Presolve eliminated 371 rows and 1223 columns.
MIP Presolve modified 702 coefficients.
Aggregator did 62 substitutions.
Reduced MIP has 5554 rows, 430 columns, and 163049 nonzeros.
Reduced MIP has 420 binaries, 0 generals, 0 SOSs, and 0 indicators.
Presolve time = 0.12 sec. (460.89 ticks)
Found incumbent of value 513.453100 after 0.17 sec. (559.50 ticks)
Probing fixed 98 vars, tightened 0 bounds.
Probing changed sense of 2 constraints.
Probing time = 0.02 sec. (15.29 ticks)
Cover probing fixed 12 vars, tightened 0 bounds.
Tried aggregator 2 times.
MIP Presolve eliminated 155 rows and 113 columns.
MIP Presolve added 2 rows and 0 columns.
MIP Presolve modified 124 coefficients.
Aggregator did 3 substitutions.
Reduced MIP has 5397 rows, 314 columns, and 161994 nonzeros.
Reduced MIP has 304 binaries, 0 generals, 0 SOSs, and 0 indicators.
Presolve time = 0.10 sec. (281.89 ticks)
Probing fixed 3 vars, tightened 0 bounds.
Probing changed sense of 32 constraints.
Probing time = 0.02 sec. (17.26 ticks)
Tried aggregator 1 time.
MIP Presolve eliminated 140 rows and 127 columns.
MIP Presolve added 2 rows and 0 columns.
MIP Presolve modified 69 coefficients.
Reduced MIP has 5259 rows, 187 columns, and 161367 nonzeros.
Reduced MIP has 183 binaries, 0 generals, 0 SOSs, and 0 indicators.
Presolve time = 0.08 sec. (224.24 ticks)
Probing changed sense of 1 constraints.
Probing time = 0.01 sec. (8.12 ticks)
Tried aggregator 1 time.
Detecting symmetries...
MIP Presolve eliminated 5 rows and 1 columns.
MIP Presolve modified 8 coefficients.
Reduced MIP has 5254 rows, 186 columns, and 161352 nonzeros.
Reduced MIP has 182 binaries, 0 generals, 0 SOSs, and 0 indicators.
Presolve time = 0.04 sec. (94.43 ticks)
Probing time = 0.01 sec. (9.70 ticks)
Clique table members: 6663.
MIP emphasis: optimality.
MIP search method: dynamic search.
Parallel mode: deterministic, using up to 20 threads.
Root relaxation solution time = 0.04 sec. (32.60 ticks)

        Nodes                                         Cuts/
   Node  Left     Objective  IInf  Best Integer    Best Bound    ItCnt     Gap

*     0+    0                          513.4531       -3.0000           100.58%
*     0+    0                          406.9801       -3.0000           100.74%
      0     0      219.7183    19      406.9801      219.7183      126   46.01%
*     0+    0                          349.8656      219.7183            37.20%
*     0+    0                          240.2677      219.7183             8.55%
      0     0      223.6006     7      240.2677       Cuts: 9      147    6.94%
*     0+    0                          223.6006      223.6006             0.00%
      0     0        cutoff            223.6006      223.6006      147    0.00%
Elapsed time = 0.60 sec. (1645.11 ticks, tree = 0.01 MB, solutions = 5)

Clique cuts applied:  6
Implied bound cuts applied:  2
Gomory fractional cuts applied:  1

Root node processing (before b&c):
  Real time             =    0.60 sec. (1645.69 ticks)
Parallel b&c, 20 threads:
  Real time             =    0.00 sec. (0.00 ticks)
  Sync time (average)   =    0.00 sec.
  Wait time (average)   =    0.00 sec.
                          ------------
Total (root+branch&cut) =    0.60 sec. (1645.69 ticks)
Truck arcs:
0 1
1 3
2 6
3 2
4 8
6 4
7 11
8 7
customer 5 is served by drone
start of this sortie: 0
end of this sortie: 1

customer 9 is served by drone
start of this sortie: 8
end of this sortie: 7

customer 10 is served by drone
start of this sortie: 6
end of this sortie: 4

223.601
In write mode
