Instance name: /home/cuong/CLionProjects/uMV-FSTSP/50_dis_rand_ins/v100
Write arg val: 1

drone speed: 1 miles/minute
uav non-eligible customer: 10 11 
Printing tau:
0 10.9392 58.4621 68.376 50.9276 45.0188 67.871 42.6017 44.5099 92.2573 82.8418 0 
10.9392 0 48.4775 57.4368 39.9884 34.0796 56.9318 42.2389 42.0921 81.3181 71.9026 10.9392 
58.4621 48.4775 0 16.2832 59.6278 47.407 52.508 90.7164 90.5696 57.7153 47.9204 58.4621 
68.376 57.4368 16.2832 0 49.5277 37.3069 42.4079 80.6162 80.4694 47.6151 37.8202 68.376 
50.9276 39.9884 59.6278 49.5277 0 12.2208 16.9434 31.0886 30.9417 41.3297 31.9141 50.9276 
45.0188 34.0796 47.407 37.3069 12.2208 0 22.8522 43.3094 43.1626 47.2385 37.823 45.0188 
67.871 56.9318 52.508 42.4079 16.9434 22.8522 0 38.2084 38.0615 24.3863 14.9707 67.871 
42.6017 42.2389 90.7164 80.6162 31.0886 43.3094 38.2084 0 1.90821 49.6556 42.796 42.6017 
44.5099 42.0921 90.5696 80.4694 30.9417 43.1626 38.0615 1.90821 0 47.7474 42.6492 44.5099 
92.2573 81.3181 57.7153 47.6151 41.3297 47.2385 24.3863 49.6556 47.7474 0 9.79491 92.2573 
82.8418 71.9026 47.9204 37.8202 31.9141 37.823 14.9707 42.796 42.6492 9.79491 0 82.8418 
0 0 0 0 0 0 0 0 0 0 0 0 
Printing tau_prime:
0 2.09455 11.0738 11.8441 7.20414 6.55577 9.63528 7.55678 7.76148 13.0476 11.8101 0 
2.09455 0 8.99298 9.76914 5.87096 4.82196 8.07153 7.46544 7.61412 11.5741 10.1689 2.09455 
11.0738 8.99298 0 2.70982 8.43426 6.7786 7.75377 12.8993 12.8533 9.94409 8.05216 11.0738 
11.8441 9.76914 2.70982 0 7.42622 6.22473 5.99781 11.9694 11.8701 7.53328 5.72648 11.8441 
7.20414 5.87096 8.43426 7.42622 0 1.9197 2.59912 4.55153 4.46896 5.85116 4.80745 7.20414 
6.55577 4.82196 6.7786 6.22473 1.9197 0 3.31133 6.1344 6.10453 6.83775 5.34947 6.55577 
9.63528 8.07153 7.75377 5.99781 2.59912 3.31133 0 6.4783 6.31573 3.52649 2.21436 9.63528 
7.55678 7.46544 12.8993 11.9694 4.55153 6.1344 6.4783 0 0.270659 8.43179 8.30754 7.55678 
7.76148 7.61412 12.8533 11.8701 4.46896 6.10453 6.31573 0.270659 0 8.19661 8.10961 7.76148 
13.0476 11.5741 9.94409 7.53328 5.85116 6.83775 3.52649 8.43179 8.19661 0 1.92142 13.0476 
11.8101 10.1689 8.05216 5.72648 4.80745 5.34947 2.21436 8.30754 8.10961 1.92142 0 11.8101 
0 0 0 0 0 0 0 0 0 0 0 0 
Printing number of nodes: 11

Version identifier: 22.1.1.0 | 2022-11-28 | 9160aff4d
CPXPARAM_ClockType                               0
CPXPARAM_Emphasis_MIP                            2
CPXPARAM_MIP_Tolerances_Integrality              0
Tried aggregator 3 times.
MIP Presolve eliminated 529 rows and 1192 columns.
MIP Presolve modified 857 coefficients.
Aggregator did 32 substitutions.
Reduced MIP has 5570 rows, 491 columns, and 161007 nonzeros.
Reduced MIP has 482 binaries, 0 generals, 0 SOSs, and 0 indicators.
Presolve time = 0.12 sec. (457.51 ticks)
Found incumbent of value 484.983400 after 0.18 sec. (577.71 ticks)
Probing fixed 51 vars, tightened 0 bounds.
Probing changed sense of 20 constraints.
Probing time = 0.02 sec. (18.86 ticks)
Cover probing fixed 10 vars, tightened 0 bounds.
Tried aggregator 2 times.
MIP Presolve eliminated 87 rows and 84 columns.
MIP Presolve modified 148 coefficients.
Aggregator did 1 substitutions.
Reduced MIP has 5482 rows, 406 columns, and 160401 nonzeros.
Reduced MIP has 397 binaries, 0 generals, 0 SOSs, and 0 indicators.
Presolve time = 0.11 sec. (290.77 ticks)
Probing changed sense of 6 constraints.
Probing time = 0.02 sec. (17.95 ticks)
Tried aggregator 1 time.
MIP Presolve eliminated 79 rows and 100 columns.
MIP Presolve modified 66 coefficients.
Reduced MIP has 5403 rows, 306 columns, and 160037 nonzeros.
Reduced MIP has 297 binaries, 0 generals, 0 SOSs, and 0 indicators.
Presolve time = 0.05 sec. (133.00 ticks)
Probing time = 0.01 sec. (10.62 ticks)
Tried aggregator 1 time.
Detecting symmetries...
Reduced MIP has 5403 rows, 306 columns, and 160037 nonzeros.
Reduced MIP has 297 binaries, 0 generals, 0 SOSs, and 0 indicators.
Presolve time = 0.03 sec. (86.43 ticks)
Probing time = 0.01 sec. (12.16 ticks)
Clique table members: 17267.
MIP emphasis: optimality.
MIP search method: dynamic search.
Parallel mode: deterministic, using up to 20 threads.
Root relaxation solution time = 0.07 sec. (68.48 ticks)

        Nodes                                         Cuts/
   Node  Left     Objective  IInf  Best Integer    Best Bound    ItCnt     Gap

*     0+    0                          484.9834       -5.0000           101.03%
*     0+    0                          340.8013       -5.0000           101.47%
      0     0      178.8562    62      340.8013      178.8562      791   47.52%
*     0+    0                          244.3165      178.8562            26.79%
*     0+    0                          190.3324      178.8562             6.03%
      0     0      180.9220    72      190.3324      Cuts: 73      859    4.94%
*     0+    0                          182.7809      180.9220             1.02%
      0     0        cutoff            182.7809      182.7809      945    0.00%
Elapsed time = 0.70 sec. (1748.57 ticks, tree = 0.01 MB, solutions = 5)

Clique cuts applied:  40
Implied bound cuts applied:  10
Flow cuts applied:  2
Mixed integer rounding cuts applied:  4
Zero-half cuts applied:  3
Lift and project cuts applied:  26
Gomory fractional cuts applied:  4

Root node processing (before b&c):
  Real time             =    0.70 sec. (1749.14 ticks)
Parallel b&c, 20 threads:
  Real time             =    0.00 sec. (0.00 ticks)
  Sync time (average)   =    0.00 sec.
  Wait time (average)   =    0.00 sec.
                          ------------
Total (root+branch&cut) =    0.70 sec. (1749.14 ticks)
Truck arcs:
0 7
1 11
4 5
5 1
6 4
7 8
8 10
customer 2 is served by drone
start of this sortie: 6
end of this sortie: 4

customer 3 is served by drone
start of this sortie: 10
end of this sortie: 6

customer 9 is served by drone
start of this sortie: 4
end of this sortie: 5

182.781
In write mode
