Instance name: /home/cuong/CLionProjects/uMV-FSTSP/50_dis_rand_ins/v17
Write arg val: 1

drone speed: 1 miles/minute
uav non-eligible customer: 1 10 11 
Printing tau:
0 12.8758 33.7474 32.5636 28.9732 45.2446 26.8719 61.6355 43.0829 81.3717 87.0089 0 
12.8758 0 39.1937 42.9081 41.849 58.1204 39.7478 63.9848 53.9075 94.2475 99.8848 12.8758 
33.7474 39.1937 0 3.71446 27.8633 34.2842 33.4975 95.3829 76.8303 55.0538 60.6911 33.7474 
32.5636 42.9081 3.71446 0 26.6795 33.1004 32.3137 94.1991 75.6465 51.3394 56.9766 32.5636 
28.9732 41.849 27.8633 26.6795 0 16.2714 5.6342 67.5195 48.967 52.3985 58.0357 28.9732 
45.2446 58.1204 34.2842 33.1004 16.2714 0 18.3726 61.0987 42.5461 36.1271 41.7644 45.2446 
26.8719 39.7478 33.4975 32.3137 5.6342 18.3726 0 61.8853 43.3328 54.4997 60.137 26.8719 
61.6355 63.9848 95.3829 94.1991 67.5195 61.0987 61.8853 0 18.5526 74.1118 56.1142 61.6355 
43.0829 53.9075 76.8303 75.6465 48.967 42.5461 43.3328 18.5526 0 55.5593 45.9773 43.0829 
81.3717 94.2475 55.0538 51.3394 52.3985 36.1271 54.4997 74.1118 55.5593 0 17.9976 81.3717 
87.0089 99.8848 60.6911 56.9766 58.0357 41.7644 60.137 56.1142 45.9773 17.9976 0 87.0089 
0 0 0 0 0 0 0 0 0 0 0 0 
Printing tau_prime:
0 1.85098 6.0523 6.2647 4.18107 6.399 3.80043 10.6993 8.41396 11.6422 12.3297 0 
1.85098 0 7.10208 7.4216 5.93942 8.22959 5.62902 12.095 9.97007 13.4053 14.1696 1.85098 
6.0523 7.10208 0 0.551337 3.95833 5.53828 4.73792 13.7157 11.0629 8.34671 10.223 6.0523 
6.2647 7.4216 0.551337 0 3.77603 5.15179 4.59166 13.4648 10.8105 7.79644 9.69205 6.2647 
4.18107 5.93942 3.95833 3.77603 0 2.4738 0.850407 9.77844 7.13186 7.46868 8.36448 4.18107 
6.399 8.22959 5.53828 5.15179 2.4738 0 2.60067 8.64283 6.04635 5.43049 5.94829 6.399 
3.80043 5.62902 4.73792 4.59166 0.850407 2.60067 0 9.07616 6.44706 7.899 8.54373 3.80043 
10.6993 12.095 13.7157 13.4648 9.77844 8.64283 9.07616 0 2.65432 11.7462 10.0095 10.6993 
8.41396 9.97007 11.0629 10.8105 7.13186 6.04635 6.44706 2.65432 0 9.70994 8.39618 8.41396 
11.6422 13.4053 8.34671 7.79644 7.46868 5.43049 7.899 11.7462 9.70994 0 2.66718 11.6422 
12.3297 14.1696 10.223 9.69205 8.36448 5.94829 8.54373 10.0095 8.39618 2.66718 0 12.3297 
0 0 0 0 0 0 0 0 0 0 0 0 
Printing number of nodes: 11

Version identifier: 22.1.1.0 | 2022-11-28 | 9160aff4d
CPXPARAM_ClockType                               0
CPXPARAM_Emphasis_MIP                            2
CPXPARAM_MIP_Tolerances_Integrality              0
Tried aggregator 2 times.
MIP Presolve eliminated 980 rows and 1236 columns.
MIP Presolve modified 757 coefficients.
Aggregator did 30 substitutions.
Reduced MIP has 5265 rows, 449 columns, and 149310 nonzeros.
Reduced MIP has 441 binaries, 0 generals, 0 SOSs, and 0 indicators.
Presolve time = 0.09 sec. (337.01 ticks)
Found incumbent of value 486.384100 after 0.15 sec. (458.96 ticks)
Probing fixed 53 vars, tightened 0 bounds.
Probing changed sense of 24 constraints.
Probing time = 0.02 sec. (16.98 ticks)
Cover probing fixed 4 vars, tightened 0 bounds.
Tried aggregator 2 times.
MIP Presolve eliminated 94 rows and 92 columns.
MIP Presolve modified 146 coefficients.
Aggregator did 7 substitutions.
Reduced MIP has 5163 rows, 350 columns, and 148637 nonzeros.
Reduced MIP has 342 binaries, 0 generals, 0 SOSs, and 0 indicators.
Presolve time = 0.12 sec. (318.24 ticks)
Probing changed sense of 2 constraints.
Probing time = 0.01 sec. (14.05 ticks)
Tried aggregator 1 time.
MIP Presolve eliminated 93 rows and 85 columns.
MIP Presolve modified 81 coefficients.
Reduced MIP has 5070 rows, 265 columns, and 148148 nonzeros.
Reduced MIP has 260 binaries, 0 generals, 0 SOSs, and 0 indicators.
Presolve time = 0.08 sec. (216.69 ticks)
Probing time = 0.15 sec. (9.64 ticks)
Tried aggregator 1 time.
Detecting symmetries...
MIP Presolve modified 2 coefficients.
Reduced MIP has 5070 rows, 265 columns, and 148148 nonzeros.
Reduced MIP has 260 binaries, 0 generals, 0 SOSs, and 0 indicators.
Presolve time = 0.04 sec. (115.40 ticks)
Probing time = 0.01 sec. (10.81 ticks)
Clique table members: 14475.
MIP emphasis: optimality.
MIP search method: dynamic search.
Parallel mode: deterministic, using up to 20 threads.
Root relaxation solution time = 0.04 sec. (48.42 ticks)

        Nodes                                         Cuts/
   Node  Left     Objective  IInf  Best Integer    Best Bound    ItCnt     Gap

*     0+    0                          486.3841       20.7516            95.73%
      0     0      216.6287    53      486.3841      216.6287      405   55.46%
*     0+    0                          217.2383      216.6287             0.28%
      0     0        cutoff            217.2383                    405    0.00%
Elapsed time = 0.67 sec. (1295.51 ticks, tree = 0.01 MB, solutions = 2)

Root node processing (before b&c):
  Real time             =    0.67 sec. (1296.02 ticks)
Parallel b&c, 20 threads:
  Real time             =    0.00 sec. (0.00 ticks)
  Sync time (average)   =    0.00 sec.
  Wait time (average)   =    0.00 sec.
                          ------------
Total (root+branch&cut) =    0.67 sec. (1296.02 ticks)
Truck arcs:
0 1
1 2
2 3
3 10
5 6
6 11
9 5
10 9
customer 4 is served by drone
start of this sortie: 0
end of this sortie: 1

customer 7 is served by drone
start of this sortie: 5
end of this sortie: 6

customer 8 is served by drone
start of this sortie: 10
end of this sortie: 9

217.238
In write mode
