Instance name: /home/cuong/CLionProjects/uMV-FSTSP/50_dis_rand_ins/v23
Write arg val: 1

drone speed: 1 miles/minute
uav non-eligible customer: 9 11 
Printing tau:
0 13.4546 36.5935 41.0158 49.0791 19.8121 36.6428 54.7487 45.8704 68.7564 86.4248 0 
13.4546 0 41.8758 54.4705 62.5337 33.2667 50.0974 62.5393 53.661 82.211 99.8795 13.4546 
36.5935 41.8758 0 14.9686 50.5448 49.609 26.7003 91.3421 82.4638 47.8386 58.0036 36.5935 
41.0158 54.4705 14.9686 0 35.5762 34.6404 11.7317 76.3735 67.4952 32.87 45.409 41.0158 
49.0791 62.5337 50.5448 35.5762 0 29.267 23.8445 40.7973 31.919 19.6773 37.3457 49.0791 
19.8121 33.2667 49.609 34.6404 29.267 0 22.9087 41.7332 32.8549 48.9443 66.6128 19.8121 
36.6428 50.0974 26.7003 11.7317 23.8445 22.9087 0 64.6419 55.7636 32.1136 49.782 36.6428 
54.7487 62.5393 91.3421 76.3735 40.7973 41.7332 64.6419 0 9.13475 43.5035 52.7923 54.7487 
45.8704 53.661 82.4638 67.4952 31.919 32.8549 55.7636 9.13475 0 44.2585 61.927 45.8704 
68.7564 82.211 47.8386 32.87 19.6773 48.9443 32.1136 43.5035 44.2585 0 17.6685 68.7564 
86.4248 99.8795 58.0036 45.409 37.3457 66.6128 49.782 52.7923 61.927 17.6685 0 86.4248 
0 0 0 0 0 0 0 0 0 0 0 0 
Printing tau_prime:
0 2.19873 6.55263 6.55733 7.21581 3.35238 5.36762 9.08688 7.35423 9.85281 12.4096 0 
2.19873 0 7.18776 7.94785 9.36289 5.549 7.09108 11.071 9.29504 11.934 14.4941 2.19873 
6.55263 7.18776 0 2.76653 7.72208 7.12063 3.95095 12.9387 11.6753 8.84924 10.9962 6.55263 
6.55733 7.94785 2.76653 0 5.15884 5.74378 1.77062 10.8512 9.82695 6.08272 8.26704 6.55733 
7.21581 9.36289 7.72208 5.15884 0 4.1411 3.80322 6.1693 5.69748 2.80898 5.28438 7.21581 
3.35238 5.549 7.12063 5.74378 4.1411 0 4.02015 6.21717 4.6934 6.92629 9.42548 3.35238 
5.36762 7.09108 3.95095 1.77062 3.80322 4.02015 0 9.15165 8.07103 5.43711 7.88333 5.36762 
9.08688 11.071 12.9387 10.8512 6.1693 6.21717 9.15165 0 1.80149 7.90726 9.32955 9.08688 
7.35423 9.29504 11.6753 9.82695 5.69748 4.6934 8.07103 1.80149 0 7.94698 9.77377 7.35423 
9.85281 11.934 8.84924 6.08272 2.80898 6.92629 5.43711 7.90726 7.94698 0 2.56017 9.85281 
12.4096 14.4941 10.9962 8.26704 5.28438 9.42548 7.88333 9.32955 9.77377 2.56017 0 12.4096 
0 0 0 0 0 0 0 0 0 0 0 0 
Printing number of nodes: 11

Version identifier: 22.1.1.0 | 2022-11-28 | 9160aff4d
CPXPARAM_ClockType                               0
CPXPARAM_Emphasis_MIP                            2
CPXPARAM_MIP_Tolerances_Integrality              0
Tried aggregator 3 times.
MIP Presolve eliminated 549 rows and 1234 columns.
MIP Presolve modified 865 coefficients.
Aggregator did 46 substitutions.
Reduced MIP has 5536 rows, 435 columns, and 160717 nonzeros.
Reduced MIP has 426 binaries, 0 generals, 0 SOSs, and 0 indicators.
Presolve time = 0.14 sec. (486.60 ticks)
Found incumbent of value 548.793400 after 0.19 sec. (578.59 ticks)
Probing fixed 81 vars, tightened 0 bounds.
Probing changed sense of 15 constraints.
Probing time = 0.02 sec. (16.35 ticks)
Cover probing fixed 8 vars, tightened 0 bounds.
Tried aggregator 2 times.
MIP Presolve eliminated 131 rows and 109 columns.
MIP Presolve modified 127 coefficients.
Aggregator did 3 substitutions.
Reduced MIP has 5401 rows, 323 columns, and 159798 nonzeros.
Reduced MIP has 314 binaries, 0 generals, 0 SOSs, and 0 indicators.
Presolve time = 0.09 sec. (239.32 ticks)
Probing fixed 3 vars, tightened 0 bounds.
Probing changed sense of 36 constraints.
Probing time = 0.02 sec. (17.25 ticks)
Tried aggregator 2 times.
MIP Presolve eliminated 148 rows and 126 columns.
MIP Presolve modified 107 coefficients.
Aggregator did 1 substitutions.
Reduced MIP has 5252 rows, 196 columns, and 159115 nonzeros.
Reduced MIP has 190 binaries, 0 generals, 0 SOSs, and 0 indicators.
Presolve time = 0.07 sec. (216.59 ticks)
Probing changed sense of 1 constraints.
Probing time = 0.01 sec. (9.00 ticks)
Tried aggregator 1 time.
Detecting symmetries...
MIP Presolve eliminated 3 rows and 1 columns.
MIP Presolve modified 4 coefficients.
Reduced MIP has 5249 rows, 195 columns, and 159106 nonzeros.
Reduced MIP has 189 binaries, 0 generals, 0 SOSs, and 0 indicators.
Presolve time = 0.03 sec. (92.47 ticks)
Probing time = 0.01 sec. (9.83 ticks)
Clique table members: 7105.
MIP emphasis: optimality.
MIP search method: dynamic search.
Parallel mode: deterministic, using up to 20 threads.
Root relaxation solution time = 0.02 sec. (40.00 ticks)

        Nodes                                         Cuts/
   Node  Left     Objective  IInf  Best Integer    Best Bound    ItCnt     Gap

*     0+    0                          548.7934       -5.0000           100.91%
      0     0      209.1330    49      548.7934      209.1330      288   61.89%
*     0+    0                          210.3276      209.1330             0.57%
      0     0        cutoff            210.3276                    293    0.00%
Elapsed time = 0.50 sec. (1319.70 ticks, tree = 0.01 MB, solutions = 2)

Root node processing (before b&c):
  Real time             =    0.50 sec. (1320.24 ticks)
Parallel b&c, 20 threads:
  Real time             =    0.00 sec. (0.00 ticks)
  Sync time (average)   =    0.00 sec.
  Wait time (average)   =    0.00 sec.
                          ------------
Total (root+branch&cut) =    0.50 sec. (1320.24 ticks)
Truck arcs:
0 1
1 2
2 3
3 10
4 5
5 11
9 4
10 9
customer 6 is served by drone
start of this sortie: 2
end of this sortie: 3

customer 7 is served by drone
start of this sortie: 10
end of this sortie: 9

customer 8 is served by drone
start of this sortie: 0
end of this sortie: 1

210.328
In write mode
