Instance name: /home/cuong/CLionProjects/uMV-FSTSP/50_dis_rand_ins/v25
Write arg val: 1

drone speed: 1 miles/minute
uav non-eligible customer: 11 
Printing tau:
0 25.5533 57.2454 63.1268 42.795 49.2421 50.9669 38.2685 47.7947 90.8139 91.0041 0 
25.5533 0 51.1329 37.5736 36.6825 43.1296 44.8545 63.8218 73.348 84.7014 84.8916 25.5533 
57.2454 51.1329 0 25.5659 27.7567 49.4675 41.4026 91.2402 100.766 39.6002 33.7587 57.2454 
63.1268 37.5736 25.5659 0 37.9119 59.6227 51.5577 101.395 110.922 59.1343 59.3246 63.1268 
42.795 36.6825 27.7567 37.9119 0 21.7108 13.6459 63.4835 73.0097 48.0188 48.2091 42.795 
49.2421 43.1296 49.4675 59.6227 21.7108 0 8.06492 41.7727 51.2989 41.5718 41.762 49.2421 
50.9669 44.8545 41.4026 51.5577 13.6459 8.06492 0 49.8376 59.3638 39.8469 40.0372 50.9669 
38.2685 63.8218 91.2402 101.395 63.4835 41.7727 49.8376 0 16.9416 60.2443 70.2471 38.2685 
47.7947 73.348 100.766 110.922 73.0097 51.2989 59.3638 16.9416 0 61.1662 79.7733 47.7947 
90.8139 84.7014 39.6002 59.1343 48.0188 41.5718 39.8469 60.2443 61.1662 0 18.6071 90.8139 
91.0041 84.8916 33.7587 59.3246 48.2091 41.762 40.0372 70.2471 79.7733 18.6071 0 91.0041 
0 0 0 0 0 0 0 0 0 0 0 0 
Printing tau_prime:
0 3.71573 11.03 9.98859 7.02454 6.98149 7.39117 6.92672 9.53063 12.9815 13.6414 0 
3.71573 0 8.2053 6.4272 5.18792 6.85029 6.64452 9.66578 11.9112 12.1018 12.0398 3.71573 
11.03 8.2053 0 3.89035 4.42549 7.08673 5.92215 13.4435 14.3169 7.34168 5.62203 11.03 
9.98859 6.4272 3.89035 0 5.58724 8.79011 7.78486 14.3403 15.8457 10.9293 9.47589 9.98859 
7.02454 5.18792 4.42549 5.58724 0 3.20288 2.2494 9.14288 10.3466 6.99439 6.88456 7.02454 
6.98149 6.85029 7.08673 8.79011 3.20288 0 1.16634 6.47089 7.25889 6.04247 7.14823 6.98149 
7.39117 6.64452 5.92215 7.78486 2.2494 1.16634 0 7.61557 8.40953 5.64097 6.35535 7.39117 
6.92672 9.66578 13.4435 14.3403 9.14288 6.47089 7.61557 0 2.7487 11.2215 13.105 6.92672 
9.53063 11.9112 14.3169 15.8457 10.3466 7.25889 8.40953 2.7487 0 10.5985 12.8494 9.53063 
12.9815 12.1018 7.34168 10.9293 6.99439 6.04247 5.64097 11.2215 10.5985 0 2.63157 12.9815 
13.6414 12.0398 5.62203 9.47589 6.88456 7.14823 6.35535 13.105 12.8494 2.63157 0 13.6414 
0 0 0 0 0 0 0 0 0 0 0 0 
Printing number of nodes: 11

Version identifier: 22.1.1.0 | 2022-11-28 | 9160aff4d
CPXPARAM_ClockType                               0
CPXPARAM_Emphasis_MIP                            2
CPXPARAM_MIP_Tolerances_Integrality              0
Tried aggregator 3 times.
MIP Presolve eliminated 424 rows and 1255 columns.
MIP Presolve modified 771 coefficients.
Aggregator did 40 substitutions.
Reduced MIP has 5523 rows, 420 columns, and 162919 nonzeros.
Reduced MIP has 410 binaries, 0 generals, 0 SOSs, and 0 indicators.
Presolve time = 0.14 sec. (504.97 ticks)
Found incumbent of value 584.685000 after 0.20 sec. (633.32 ticks)
Probing fixed 114 vars, tightened 0 bounds.
Probing time = 0.02 sec. (15.89 ticks)
Tried aggregator 2 times.
MIP Presolve eliminated 145 rows and 118 columns.
MIP Presolve modified 125 coefficients.
Aggregator did 2 substitutions.
Reduced MIP has 5376 rows, 300 columns, and 161899 nonzeros.
Reduced MIP has 290 binaries, 0 generals, 0 SOSs, and 0 indicators.
Presolve time = 0.13 sec. (345.36 ticks)
Probing fixed 4 vars, tightened 0 bounds.
Probing changed sense of 29 constraints.
Probing time = 0.01 sec. (15.24 ticks)
Tried aggregator 1 time.
MIP Presolve eliminated 100 rows and 93 columns.
MIP Presolve added 2 rows and 0 columns.
MIP Presolve modified 64 coefficients.
Reduced MIP has 5278 rows, 207 columns, and 161471 nonzeros.
Reduced MIP has 200 binaries, 0 generals, 0 SOSs, and 0 indicators.
Presolve time = 0.08 sec. (222.38 ticks)
Probing changed sense of 2 constraints.
Probing time = 0.01 sec. (9.25 ticks)
Tried aggregator 1 time.
Detecting symmetries...
MIP Presolve modified 6 coefficients.
Reduced MIP has 5278 rows, 207 columns, and 161466 nonzeros.
Reduced MIP has 200 binaries, 0 generals, 0 SOSs, and 0 indicators.
Presolve time = 0.03 sec. (88.09 ticks)
Probing time = 0.01 sec. (10.18 ticks)
Clique table members: 9321.
MIP emphasis: optimality.
MIP search method: dynamic search.
Parallel mode: deterministic, using up to 20 threads.
Root relaxation solution time = 0.03 sec. (40.82 ticks)

        Nodes                                         Cuts/
   Node  Left     Objective  IInf  Best Integer    Best Bound    ItCnt     Gap

*     0+    0                          584.6850        0.0000           100.00%
*     0+    0                          407.4963        0.0000           100.00%
      0     0      241.5080    68      407.4963      241.5080      231   40.73%
*     0+    0                          264.6920      241.5080             8.76%
*     0+    0                          252.2878      241.5080             4.27%
      0     0        cutoff            252.2878      252.2878      287    0.00%
Elapsed time = 0.84 sec. (2449.31 ticks, tree = 0.01 MB, solutions = 4)

GUB cover cuts applied:  2
Clique cuts applied:  36
Implied bound cuts applied:  5
Flow cuts applied:  1
Mixed integer rounding cuts applied:  1
Zero-half cuts applied:  6
Gomory fractional cuts applied:  4

Root node processing (before b&c):
  Real time             =    0.84 sec. (2449.86 ticks)
Parallel b&c, 20 threads:
  Real time             =    0.00 sec. (0.00 ticks)
  Sync time (average)   =    0.00 sec.
  Wait time (average)   =    0.00 sec.
                          ------------
Total (root+branch&cut) =    0.84 sec. (2449.86 ticks)
Truck arcs:
0 1
1 3
2 4
3 2
4 6
5 7
6 5
7 8
8 11
customer 9 is served by drone
start of this sortie: 6
end of this sortie: 5

customer 10 is served by drone
start of this sortie: 4
end of this sortie: 6

252.288
In write mode
