Instance name: /home/cuong/CLionProjects/uMV-FSTSP/50_dis_rand_ins/v26
Write arg val: 1

drone speed: 1 miles/minute
uav non-eligible customer: 1 7 11 
Printing tau:
0 8.5993 60.0338 51.8293 47.1747 47.4533 36.1851 65.1623 68.4026 107.29 92.505 0 
8.5993 0 56.0865 54.1864 43.2274 43.5061 32.2378 57.3338 59.8033 103.343 88.5577 8.5993 
60.0338 56.0865 0 13.7746 43.0926 42.8603 46.9438 96.9749 100.215 47.2561 38.7286 60.0338 
51.8293 54.1864 13.7746 0 56.8672 56.6349 60.7184 110.749 113.99 55.4606 52.5032 51.8293 
47.1747 43.2274 43.0926 56.8672 0 0.278643 10.9896 53.8822 57.1225 60.1152 45.3303 47.1747 
47.4533 43.5061 42.8603 56.6349 0.278643 0 11.2682 54.1146 57.3548 59.8366 45.0516 47.4533 
36.1851 32.2378 46.9438 60.7184 10.9896 11.2682 0 50.0311 53.2713 71.1048 56.3199 36.1851 
65.1623 57.3338 96.9749 110.749 53.8822 54.1146 50.0311 0 10.1494 57.334 58.2463 65.1623 
68.4026 59.8033 100.215 113.99 57.1225 57.3548 53.2713 10.1494 0 60.5742 61.4865 68.4026 
107.29 103.343 47.2561 55.4606 60.1152 59.8366 71.1048 57.334 60.5742 0 14.785 107.29 
92.505 88.5577 38.7286 52.5032 45.3303 45.0516 56.3199 58.2463 61.4865 14.785 0 92.505 
0 0 0 0 0 0 0 0 0 0 0 0 
Printing tau_prime:
0 1.33812 9.60843 9.76162 6.85958 6.89039 5.54674 12.6503 12.0775 15.2134 13.1187 0 
1.33812 0 9.77631 10.2263 6.12503 6.16242 4.65176 11.3899 10.7729 14.6153 12.5262 1.33812 
9.60843 9.77631 0 2.26739 6.35977 6.31707 7.44645 13.7155 14.2284 8.72301 7.14742 9.60843 
9.76162 10.2263 2.26739 0 8.06913 8.03325 8.86731 15.7193 16.1209 10.8895 9.39265 9.76162 
6.85958 6.12503 6.35977 8.06913 0 0.0513104 1.64683 7.87691 8.09769 8.51558 6.44031 6.85958 
6.89039 6.16242 6.31707 8.03325 0.0513104 0 1.69498 7.89885 8.12786 8.47441 6.398 6.89039 
5.54674 4.65176 7.44645 8.86731 1.64683 1.69498 0 7.9157 7.82461 10.1086 8.04912 5.54674 
12.6503 11.3899 13.7155 15.7193 7.87691 7.89885 7.9157 0 1.50672 10.3962 9.34619 12.6503 
12.0775 10.7729 14.2284 16.1209 8.09769 8.12786 7.82461 1.50672 0 11.6816 10.4808 12.0775 
15.2134 14.6153 8.72301 10.8895 8.51558 8.47441 10.1086 10.3962 11.6816 0 2.09489 15.2134 
13.1187 12.5262 7.14742 9.39265 6.44031 6.398 8.04912 9.34619 10.4808 2.09489 0 13.1187 
0 0 0 0 0 0 0 0 0 0 0 0 
Printing number of nodes: 11

Version identifier: 22.1.1.0 | 2022-11-28 | 9160aff4d
CPXPARAM_ClockType                               0
CPXPARAM_Emphasis_MIP                            2
CPXPARAM_MIP_Tolerances_Integrality              0
Tried aggregator 2 times.
MIP Presolve eliminated 995 rows and 1252 columns.
MIP Presolve modified 675 coefficients.
Aggregator did 28 substitutions.
Reduced MIP has 5252 rows, 435 columns, and 149189 nonzeros.
Reduced MIP has 427 binaries, 0 generals, 0 SOSs, and 0 indicators.
Presolve time = 0.09 sec. (353.59 ticks)
Found incumbent of value 682.842100 after 0.13 sec. (436.68 ticks)
Probing fixed 73 vars, tightened 0 bounds.
Probing changed sense of 14 constraints.
Probing time = 0.02 sec. (16.12 ticks)
Cover probing fixed 14 vars, tightened 0 bounds.
Tried aggregator 2 times.
MIP Presolve eliminated 110 rows and 103 columns.
MIP Presolve modified 116 coefficients.
Aggregator did 4 substitutions.
Reduced MIP has 5137 rows, 328 columns, and 148424 nonzeros.
Reduced MIP has 320 binaries, 0 generals, 0 SOSs, and 0 indicators.
Presolve time = 0.12 sec. (331.84 ticks)
Probing fixed 2 vars, tightened 0 bounds.
Probing time = 0.01 sec. (14.08 ticks)
Tried aggregator 1 time.
Detecting symmetries...
MIP Presolve eliminated 54 rows and 64 columns.
MIP Presolve modified 69 coefficients.
Reduced MIP has 5080 rows, 264 columns, and 148165 nonzeros.
Reduced MIP has 256 binaries, 0 generals, 0 SOSs, and 0 indicators.
Presolve time = 0.05 sec. (135.28 ticks)
Probing changed sense of 2 constraints.
Probing time = 0.01 sec. (11.32 ticks)
Clique table members: 14877.
MIP emphasis: optimality.
MIP search method: dynamic search.
Parallel mode: deterministic, using up to 20 threads.
Root relaxation solution time = 0.04 sec. (56.11 ticks)

        Nodes                                         Cuts/
   Node  Left     Objective  IInf  Best Integer    Best Bound    ItCnt     Gap

*     0+    0                          682.8421       14.1986            97.92%
      0     0      237.8232    87      682.8421      237.8232      279   65.17%
*     0+    0                          379.3731      237.8232            37.31%
*     0+    0                          253.8937      237.8232             6.33%
      0     0        cutoff            253.8937      253.8937      371    0.00%
Elapsed time = 0.78 sec. (2361.24 ticks, tree = 0.01 MB, solutions = 3)

Clique cuts applied:  55
Implied bound cuts applied:  9
Mixed integer rounding cuts applied:  4
Zero-half cuts applied:  15
Gomory fractional cuts applied:  15

Root node processing (before b&c):
  Real time             =    0.78 sec. (2361.75 ticks)
Parallel b&c, 20 threads:
  Real time             =    0.00 sec. (0.00 ticks)
  Sync time (average)   =    0.00 sec.
  Wait time (average)   =    0.00 sec.
                          ------------
Total (root+branch&cut) =    0.78 sec. (2361.75 ticks)
Truck arcs:
0 1
1 8
4 6
5 4
6 11
7 9
8 7
9 10
10 5
customer 2 is served by drone
start of this sortie: 9
end of this sortie: 10

customer 3 is served by drone
start of this sortie: 5
end of this sortie: 6

253.894
In write mode
