Instance name: /home/cuong/CLionProjects/uMV-FSTSP/50_dis_rand_ins/v41
Write arg val: 1

drone speed: 1 miles/minute
uav non-eligible customer: 11 
Printing tau:
0 19.0718 54.2512 74.1917 67.0877 47.2191 69.8816 64.3151 56.8844 92.1223 107.891 0 
19.0718 0 46.5585 69.369 48.0159 28.1473 50.8098 45.2433 43.6878 73.0505 88.8196 19.0718 
54.2512 46.5585 0 22.8105 38.1726 51.7726 41.2645 78.2674 90.2462 37.8711 53.6403 54.2512 
74.1917 69.369 22.8105 0 60.9831 74.5832 64.075 101.078 113.057 54.4448 63.2405 74.1917 
67.0877 48.0159 38.1726 60.9831 0 19.8686 3.09189 40.0948 52.0737 25.0346 40.8038 67.0877 
47.2191 28.1473 51.7726 74.5832 19.8686 0 22.6625 26.4948 38.4736 44.9032 60.6723 47.2191 
69.8816 50.8098 41.2645 64.075 3.09189 22.6625 0 37.0029 48.9818 22.2407 38.0098 69.8816 
64.3151 45.2433 78.2674 101.078 40.0948 26.4948 37.0029 0 11.9789 46.6331 43.5763 64.3151 
56.8844 43.6878 90.2462 113.057 52.0737 38.4736 48.9818 11.9789 0 58.612 51.007 56.8844 
92.1223 73.0505 37.8711 54.4448 25.0346 44.9032 22.2407 46.6331 58.612 0 15.7692 92.1223 
107.891 88.8196 53.6403 63.2405 40.8038 60.6723 38.0098 43.5763 51.007 15.7692 0 107.891 
0 0 0 0 0 0 0 0 0 0 0 0 
Printing tau_prime:
0 2.78206 10.5671 13.074 9.66977 6.67802 9.98578 9.8583 9.74303 13.324 15.3366 0 
2.78206 0 8.25261 11.0581 6.89325 4.04835 7.22449 7.81334 8.17118 10.5443 12.5909 2.78206 
10.5671 8.25261 0 3.22843 5.69548 7.38899 6.2403 11.1598 12.7682 6.97846 9.49933 10.5671 
13.074 11.0581 3.22843 0 8.78786 10.6072 9.29782 14.3532 15.9905 9.30677 11.6451 13.074 
9.66977 6.89325 5.69548 8.78786 0 3.40506 0.589335 5.6838 7.50436 3.65918 5.77935 9.66977 
6.67802 4.04835 7.38899 10.6072 3.40506 0 3.53273 4.45925 5.61006 6.95967 8.72902 6.67802 
9.98578 7.22449 6.2403 9.29782 0.589335 3.53273 0 5.29188 7.16679 3.4275 5.3767 9.98578 
9.8583 7.81334 11.1598 14.3532 5.6838 4.45925 5.29188 0 1.99353 7.6784 8.16158 9.8583 
9.74303 8.17118 12.7682 15.9905 7.50436 5.61006 7.16679 1.99353 0 9.67168 10.083 9.74303 
13.324 10.5443 6.97846 9.30677 3.65918 6.95967 3.4275 7.6784 9.67168 0 2.55355 13.324 
15.3366 12.5909 9.49933 11.6451 5.77935 8.72902 5.3767 8.16158 10.083 2.55355 0 15.3366 
0 0 0 0 0 0 0 0 0 0 0 0 
Printing number of nodes: 11

Version identifier: 22.1.1.0 | 2022-11-28 | 9160aff4d
CPXPARAM_ClockType                               0
CPXPARAM_Emphasis_MIP                            2
CPXPARAM_MIP_Tolerances_Integrality              0
Tried aggregator 4 times.
MIP Presolve eliminated 452 rows and 1287 columns.
MIP Presolve added 2 rows and 0 columns.
MIP Presolve modified 569 coefficients.
Aggregator did 52 substitutions.
Reduced MIP has 5485 rows, 376 columns, and 162640 nonzeros.
Reduced MIP has 366 binaries, 0 generals, 0 SOSs, and 0 indicators.
Presolve time = 0.19 sec. (735.02 ticks)
Found incumbent of value 610.936800 after 0.24 sec. (851.20 ticks)
Probing fixed 76 vars, tightened 0 bounds.
Probing changed sense of 8 constraints.
Probing time = 0.01 sec. (12.99 ticks)
Tried aggregator 1 time.
MIP Presolve eliminated 123 rows and 87 columns.
MIP Presolve added 2 rows and 0 columns.
MIP Presolve modified 128 coefficients.
Reduced MIP has 5363 rows, 289 columns, and 161816 nonzeros.
Reduced MIP has 280 binaries, 0 generals, 0 SOSs, and 0 indicators.
Presolve time = 0.05 sec. (139.43 ticks)
Probing changed sense of 36 constraints.
Probing time = 0.03 sec. (14.59 ticks)
Tried aggregator 1 time.
MIP Presolve eliminated 130 rows and 108 columns.
MIP Presolve added 4 rows and 0 columns.
MIP Presolve modified 70 coefficients.
Reduced MIP has 5237 rows, 181 columns, and 161289 nonzeros.
Reduced MIP has 178 binaries, 0 generals, 0 SOSs, and 0 indicators.
Presolve time = 0.06 sec. (166.95 ticks)
Probing time = 0.01 sec. (7.90 ticks)
Tried aggregator 1 time.
Detecting symmetries...
Reduced MIP has 5237 rows, 181 columns, and 161289 nonzeros.
Reduced MIP has 178 binaries, 0 generals, 0 SOSs, and 0 indicators.
Presolve time = 0.03 sec. (86.52 ticks)
Probing time = 0.01 sec. (9.76 ticks)
Clique table members: 5643.
MIP emphasis: optimality.
MIP search method: dynamic search.
Parallel mode: deterministic, using up to 20 threads.
Root relaxation solution time = 0.02 sec. (36.77 ticks)

        Nodes                                         Cuts/
   Node  Left     Objective  IInf  Best Integer    Best Bound    ItCnt     Gap

*     0+    0                          610.9368        0.0000           100.00%
*     0+    0                          423.2090        0.0000           100.00%
      0     0      236.6262    53      423.2090      236.6262      167   44.09%
*     0+    0                          240.3315      236.6262             1.54%
      0     0        cutoff            240.3315                    170    0.00%
Elapsed time = 0.54 sec. (1511.62 ticks, tree = 0.01 MB, solutions = 3)

Root node processing (before b&c):
  Real time             =    0.54 sec. (1512.18 ticks)
Parallel b&c, 20 threads:
  Real time             =    0.00 sec. (0.00 ticks)
  Sync time (average)   =    0.00 sec.
  Wait time (average)   =    0.00 sec.
                          ------------
Total (root+branch&cut) =    0.54 sec. (1512.18 ticks)
Truck arcs:
0 8
1 11
4 5
5 1
6 4
7 10
8 7
9 6
10 9
customer 2 is served by drone
start of this sortie: 10
end of this sortie: 9

customer 3 is served by drone
start of this sortie: 6
end of this sortie: 4

240.331
In write mode
