Instance name: /home/cuong/CLionProjects/uMV-FSTSP/50_dis_rand_ins/v42
Write arg val: 1

drone speed: 1 miles/minute
uav non-eligible customer: 4 11 
Printing tau:
0 13.0833 43.0323 46.9244 22.5428 37.0011 49.7905 46.5464 59.7903 89.0893 68.2312 0 
13.0833 0 50.1305 54.0226 29.641 44.0993 56.8887 42.834 46.707 96.1876 75.3294 13.0833 
43.0323 50.1305 0 14.5723 29.8894 17.6688 31.0611 67.7425 80.9864 46.0571 29.8099 43.0323 
46.9244 54.0226 14.5723 0 44.4617 32.2411 45.6334 82.3148 95.5587 46.194 44.3822 46.9244 
22.5428 29.641 29.8894 44.4617 0 14.4583 27.2477 37.8531 51.097 66.5465 45.6884 22.5428 
37.0011 44.0993 17.6688 32.2411 14.4583 0 13.3923 50.0737 63.3176 52.0882 31.2301 37.0011 
49.7905 56.8887 31.0611 45.6334 27.2477 13.3923 0 36.6814 49.9253 39.2988 18.4407 49.7905 
46.5464 42.834 67.7425 82.3148 37.8531 50.0737 36.6814 0 13.2439 53.3536 37.9326 46.5464 
59.7903 46.707 80.9864 95.5587 51.097 63.3176 49.9253 13.2439 0 54.3535 51.1766 59.7903 
89.0893 96.1876 46.0571 46.194 66.5465 52.0882 39.2988 53.3536 54.3535 0 20.8581 89.0893 
68.2312 75.3294 29.8099 44.3822 45.6884 31.2301 18.4407 37.9326 51.1766 20.8581 0 68.2312 
0 0 0 0 0 0 0 0 0 0 0 0 
Printing tau_prime:
0 2.10503 6.78388 8.34419 3.41688 5.25647 7.17832 8.29894 9.77902 12.6851 9.72594 0 
2.10503 0 8.58853 10.3004 4.2376 6.66432 8.05814 7.68704 8.86751 13.6082 10.6719 2.10503 
6.78388 8.58853 0 2.13308 5.12483 2.64031 4.49548 9.63565 11.5132 7.90087 5.52017 6.78388 
8.34419 10.3004 2.13308 0 7.1712 4.77066 6.46626 11.7481 13.6235 8.84508 6.96241 8.34419 
3.41688 4.2376 5.12483 7.1712 0 2.67725 3.85697 5.66906 7.4291 9.41429 6.46133 3.41688 
5.25647 6.66432 2.64031 4.77066 2.67725 0 2.61886 7.08375 8.96019 7.6261 4.73862 5.25647 
7.17832 8.05814 4.49548 6.46626 3.85697 2.61886 0 5.55529 7.37453 5.55826 2.61391 7.17832 
8.29894 7.68704 9.63565 11.7481 5.66906 7.08375 5.55529 0 1.8783 9.11188 7.06377 8.29894 
9.77902 8.86751 11.5132 13.6235 7.4291 8.96019 7.37453 1.8783 0 10.3838 8.64983 9.77902 
12.6851 13.6082 7.90087 8.84508 9.41429 7.6261 5.55826 9.11188 10.3838 0 2.96089 12.6851 
9.72594 10.6719 5.52017 6.96241 6.46133 4.73862 2.61391 7.06377 8.64983 2.96089 0 9.72594 
0 0 0 0 0 0 0 0 0 0 0 0 
Printing number of nodes: 11

Version identifier: 22.1.1.0 | 2022-11-28 | 9160aff4d
CPXPARAM_ClockType                               0
CPXPARAM_Emphasis_MIP                            2
CPXPARAM_MIP_Tolerances_Integrality              0
Tried aggregator 3 times.
MIP Presolve eliminated 544 rows and 1206 columns.
MIP Presolve modified 935 coefficients.
Aggregator did 30 substitutions.
Reduced MIP has 5557 rows, 479 columns, and 160964 nonzeros.
Reduced MIP has 470 binaries, 0 generals, 0 SOSs, and 0 indicators.
Presolve time = 0.12 sec. (460.29 ticks)
Found incumbent of value 506.697000 after 0.16 sec. (551.83 ticks)
Probing fixed 49 vars, tightened 0 bounds.
Probing changed sense of 16 constraints.
Probing time = 0.02 sec. (18.82 ticks)
Cover probing fixed 4 vars, tightened 0 bounds.
Tried aggregator 2 times.
MIP Presolve eliminated 89 rows and 82 columns.
MIP Presolve modified 125 coefficients.
Aggregator did 7 substitutions.
Reduced MIP has 5461 rows, 390 columns, and 160304 nonzeros.
Reduced MIP has 381 binaries, 0 generals, 0 SOSs, and 0 indicators.
Presolve time = 0.13 sec. (336.61 ticks)
Probing fixed 3 vars, tightened 0 bounds.
Probing changed sense of 16 constraints.
Probing time = 0.02 sec. (18.99 ticks)
Tried aggregator 1 time.
MIP Presolve eliminated 103 rows and 100 columns.
MIP Presolve modified 94 coefficients.
Reduced MIP has 5358 rows, 290 columns, and 159808 nonzeros.
Reduced MIP has 281 binaries, 0 generals, 0 SOSs, and 0 indicators.
Presolve time = 0.05 sec. (131.87 ticks)
Probing time = 0.01 sec. (10.84 ticks)
Tried aggregator 1 time.
Detecting symmetries...
Reduced MIP has 5358 rows, 290 columns, and 159808 nonzeros.
Reduced MIP has 281 binaries, 0 generals, 0 SOSs, and 0 indicators.
Presolve time = 0.03 sec. (85.50 ticks)
Probing time = 0.01 sec. (12.25 ticks)
Clique table members: 15886.
MIP emphasis: optimality.
MIP search method: dynamic search.
Parallel mode: deterministic, using up to 20 threads.
Root relaxation solution time = 0.04 sec. (57.17 ticks)

        Nodes                                         Cuts/
   Node  Left     Objective  IInf  Best Integer    Best Bound    ItCnt     Gap

*     0+    0                          506.6970       -6.0000           101.18%
      0     0      157.3766    96      506.6970      157.3766      575   68.94%
*     0+    0                          231.9987      157.3766            32.16%
*     0+    0                          171.7605      157.3766             8.37%
      0     0      159.0099   110      171.7605      Cuts: 99      694    4.42%
      0     0      159.6767   101      171.7605      Cuts: 28      766    4.42%
*     0+    0                          170.3144      164.1608             3.61%
      0     0      160.1891   118      170.3144      Cuts: 38      820    2.38%
      0     0        cutoff            170.3144      170.3144      839    0.00%
Elapsed time = 0.77 sec. (1930.92 ticks, tree = 0.01 MB, solutions = 4)

Clique cuts applied:  20
Implied bound cuts applied:  28
Flow cuts applied:  3
Mixed integer rounding cuts applied:  3
Zero-half cuts applied:  2
Gomory fractional cuts applied:  1

Root node processing (before b&c):
  Real time             =    0.77 sec. (1931.47 ticks)
Parallel b&c, 20 threads:
  Real time             =    0.00 sec. (0.00 ticks)
  Sync time (average)   =    0.00 sec.
  Wait time (average)   =    0.00 sec.
                          ------------
Total (root+branch&cut) =    0.77 sec. (1931.47 ticks)
Truck arcs:
0 4
2 3
3 11
4 5
customer 1 is served by drone

customer 7 is served by drone
end of this sortie: 6

customer 9 is served by drone
start of this sortie: 2
end of this sortie: 3

170.314
In write mode
