Instance name: /home/cuong/CLionProjects/uMV-FSTSP/50_dis_rand_ins/v44
Write arg val: 1

drone speed: 1 miles/minute
uav non-eligible customer: 9 11 
Printing tau:
0 24.8422 45.6189 56.6397 56.067 32.8029 44.3687 36.7628 54.0684 96.5178 96.5292 0 
24.8422 0 32.4465 47.4312 53.1898 29.9257 41.4915 60.1967 64.1295 93.6406 93.652 24.8422 
45.6189 32.4465 0 14.9847 45.1513 35.8069 29.6112 80.9733 84.9061 61.1941 61.2055 45.6189 
56.6397 47.4312 14.9847 0 56.1721 46.8277 40.632 91.9941 95.9269 53.3079 48.9206 56.6397 
56.067 53.1898 45.1513 56.1721 0 23.2641 15.54 35.8221 39.7549 40.4508 40.4622 56.067 
32.8029 29.9257 35.8069 46.8277 23.2641 0 11.5658 45.1665 49.0993 63.7149 63.7263 32.8029 
44.3687 41.4915 29.6112 40.632 15.54 11.5658 0 51.3621 55.2949 52.1491 52.1605 44.3687 
36.7628 60.1967 80.9733 91.9941 35.8221 45.1665 51.3621 0 17.3056 59.755 59.7664 36.7628 
54.0684 64.1295 84.9061 95.9269 39.7549 49.0993 55.2949 17.3056 0 42.619 47.0063 54.0684 
96.5178 93.6406 61.1941 53.3079 40.4508 63.7149 52.1491 59.755 42.619 0 4.38734 96.5178 
96.5292 93.652 61.2055 48.9206 40.4622 63.7263 52.1605 59.7664 47.0063 4.38734 0 96.5292 
0 0 0 0 0 0 0 0 0 0 0 0 
Printing tau_prime:
0 3.5367 8.15947 10.7135 7.92935 4.84212 6.67057 7.2131 9.45186 13.6578 13.6949 0 
3.5367 0 5.44876 8.07564 8.27439 4.73594 5.99932 9.76921 11.6044 13.5877 13.464 3.5367 
8.15947 5.44876 0 2.63058 7.02698 5.07639 4.37867 11.4532 12.2967 10.5194 10.1809 8.15947 
10.7135 8.07564 2.63058 0 7.98556 7.07004 5.80731 13.1502 13.5765 9.97702 9.51797 10.7135 
7.92935 8.27439 7.02698 7.98556 0 3.54552 2.7508 5.75478 5.62929 5.73493 5.81339 7.92935 
4.84212 4.73594 5.07639 7.07004 3.54552 0 1.85555 6.41201 7.56698 9.05713 9.01712 4.84212 
6.67057 5.99932 4.37867 5.80731 2.7508 1.85555 0 7.34291 7.93928 7.58975 7.46917 6.67057 
7.2131 9.76921 11.4532 13.1502 5.75478 6.41201 7.34291 0 2.50979 10.0671 10.4186 7.2131 
9.45186 11.6044 12.2967 13.5765 5.62929 7.56698 7.93928 2.50979 0 8.50686 8.95825 9.45186 
13.6578 13.5877 10.5194 9.97702 5.73493 9.05713 7.58975 10.0671 8.50686 0 0.620465 13.6578 
13.6949 13.464 10.1809 9.51797 5.81339 9.01712 7.46917 10.4186 8.95825 0.620465 0 13.6949 
0 0 0 0 0 0 0 0 0 0 0 0 
Printing number of nodes: 11

Version identifier: 22.1.1.0 | 2022-11-28 | 9160aff4d
CPXPARAM_ClockType                               0
CPXPARAM_Emphasis_MIP                            2
CPXPARAM_MIP_Tolerances_Integrality              0
Tried aggregator 2 times.
MIP Presolve eliminated 595 rows and 1258 columns.
MIP Presolve modified 709 coefficients.
Aggregator did 22 substitutions.
Reduced MIP has 5514 rows, 435 columns, and 160632 nonzeros.
Reduced MIP has 426 binaries, 0 generals, 0 SOSs, and 0 indicators.
Presolve time = 0.10 sec. (303.80 ticks)
Found incumbent of value 710.695100 after 0.14 sec. (402.98 ticks)
Probing fixed 111 vars, tightened 0 bounds.
Probing changed sense of 8 constraints.
Probing time = 0.02 sec. (16.67 ticks)
Tried aggregator 2 times.
MIP Presolve eliminated 131 rows and 126 columns.
MIP Presolve modified 146 coefficients.
Aggregator did 7 substitutions.
Reduced MIP has 5373 rows, 302 columns, and 159642 nonzeros.
Reduced MIP has 293 binaries, 0 generals, 0 SOSs, and 0 indicators.
Presolve time = 0.10 sec. (277.83 ticks)
Probing fixed 1 vars, tightened 0 bounds.
Probing changed sense of 20 constraints.
Probing time = 0.02 sec. (15.03 ticks)
Tried aggregator 1 time.
MIP Presolve eliminated 72 rows and 82 columns.
MIP Presolve modified 63 coefficients.
Reduced MIP has 5300 rows, 220 columns, and 159279 nonzeros.
Reduced MIP has 214 binaries, 0 generals, 0 SOSs, and 0 indicators.
Presolve time = 0.08 sec. (226.59 ticks)
Probing changed sense of 2 constraints.
Probing time = 0.01 sec. (9.43 ticks)
Tried aggregator 1 time.
Detecting symmetries...
MIP Presolve eliminated 3 rows and 1 columns.
MIP Presolve modified 3 coefficients.
Reduced MIP has 5297 rows, 219 columns, and 159269 nonzeros.
Reduced MIP has 213 binaries, 0 generals, 0 SOSs, and 0 indicators.
Presolve time = 0.03 sec. (91.83 ticks)
Probing time = 0.01 sec. (10.87 ticks)
Clique table members: 10133.
MIP emphasis: optimality.
MIP search method: dynamic search.
Parallel mode: deterministic, using up to 20 threads.
Root relaxation solution time = 0.02 sec. (30.53 ticks)

        Nodes                                         Cuts/
   Node  Left     Objective  IInf  Best Integer    Best Bound    ItCnt     Gap

*     0+    0                          710.6951        0.0000           100.00%
      0     0      219.2003    64      710.6951      219.2003       98   69.16%
*     0+    0                          366.8656      219.2003            40.25%
*     0+    0                          222.4602      219.2003             1.47%
      0     0        cutoff            222.4602      222.4602      140    0.00%
Elapsed time = 0.67 sec. (1779.44 ticks, tree = 0.01 MB, solutions = 3)

Clique cuts applied:  8
Implied bound cuts applied:  4
Flow cuts applied:  1
Mixed integer rounding cuts applied:  1
Gomory fractional cuts applied:  1

Root node processing (before b&c):
  Real time             =    0.67 sec. (1779.98 ticks)
Parallel b&c, 20 threads:
  Real time             =    0.00 sec. (0.00 ticks)
  Sync time (average)   =    0.00 sec.
  Wait time (average)   =    0.00 sec.
                          ------------
Total (root+branch&cut) =    0.67 sec. (1779.98 ticks)
Truck arcs:
0 2
2 3
3 10
4 6
5 11
6 5
9 4
10 9
customer 1 is served by drone
start of this sortie: 2
end of this sortie: 3

customer 7 is served by drone
start of this sortie: 6
end of this sortie: 5

customer 8 is served by drone
start of this sortie: 4
end of this sortie: 6

222.46
In write mode
