Instance name: /home/cuong/CLionProjects/uMV-FSTSP/50_dis_rand_ins/v47
Write arg val: 1

drone speed: 1 miles/minute
uav non-eligible customer: 11 
Printing tau:
0 15.0699 56.2267 57.2047 50.9557 38.9442 45.6625 48.3902 55.6951 84.7118 100.216 0 
15.0699 0 71.2966 67.2703 66.0256 54.0141 60.7324 40.6456 63.3329 99.7817 115.286 15.0699 
56.2267 71.2966 0 17.0568 27.5456 36.9321 36.5347 88.5381 95.8429 57.8992 43.9895 56.2267 
57.2047 67.2703 17.0568 0 44.6025 53.989 53.5915 105.595 112.9 74.9561 60.8202 57.2047 
50.9557 66.0256 27.5456 44.6025 0 12.0114 8.98902 60.9924 68.2973 33.7561 49.2606 50.9557 
38.9442 54.0141 36.9321 53.989 12.0114 0 6.71826 51.6059 58.9108 45.7675 61.272 38.9442 
45.6625 60.7324 36.5347 53.5915 8.98902 6.71826 0 52.0034 59.3083 39.0493 54.5538 45.6625 
48.3902 40.6456 88.5381 105.595 60.9924 51.6059 52.0034 0 22.6873 59.1361 74.6406 48.3902 
55.6951 63.3329 95.8429 112.9 68.2973 58.9108 59.3083 22.6873 0 37.9437 52.0795 55.6951 
84.7118 99.7817 57.8992 74.9561 33.7561 45.7675 39.0493 59.1361 37.9437 0 15.5045 84.7118 
100.216 115.286 43.9895 60.8202 49.2606 61.272 54.5538 74.6406 52.0795 15.5045 0 100.216 
0 0 0 0 0 0 0 0 0 0 0 0 
Printing tau_prime:
0 2.56288 9.77067 10.0478 7.42334 5.52629 6.47783 7.74045 10.4223 12.2403 14.1819 0 
2.56288 0 12.3326 12.4884 9.87239 7.86628 8.80401 7.90042 11.0391 14.1531 16.3294 2.56288 
9.77067 12.3326 0 3.12874 3.96622 5.76657 5.37845 13.2503 13.6009 9.12548 8.77532 9.77067 
10.0478 12.4884 3.12874 0 6.42985 7.64853 7.59536 15.1159 15.9899 12.191 11.8931 10.0478 
7.42334 9.87239 3.96622 6.42985 0 2.15583 1.47526 9.34261 9.6662 6.41999 7.33433 7.42334 
5.52629 7.86628 5.76657 7.64853 2.15583 0 0.951766 7.53909 8.43484 7.11939 8.71886 5.52629 
6.47783 8.80401 5.37845 7.59536 1.47526 0.951766 0 7.88395 8.39552 6.29491 7.7825 6.47783 
7.74045 7.90042 13.2503 15.1159 9.34261 7.53909 7.88395 0 3.37068 9.41893 12.3093 7.74045 
10.4223 11.0391 13.6009 15.9899 9.6662 8.43484 8.39552 3.37068 0 7.44075 10.4033 10.4223 
12.2403 14.1531 9.12548 12.191 6.41999 7.11939 6.29491 9.41893 7.44075 0 2.96719 12.2403 
14.1819 16.3294 8.77532 11.8931 7.33433 8.71886 7.7825 12.3093 10.4033 2.96719 0 14.1819 
0 0 0 0 0 0 0 0 0 0 0 0 
Printing number of nodes: 11

Version identifier: 22.1.1.0 | 2022-11-28 | 9160aff4d
CPXPARAM_ClockType                               0
CPXPARAM_Emphasis_MIP                            2
CPXPARAM_MIP_Tolerances_Integrality              0
Tried aggregator 4 times.
MIP Presolve eliminated 373 rows and 1205 columns.
MIP Presolve modified 814 coefficients.
Aggregator did 52 substitutions.
Reduced MIP has 5562 rows, 458 columns, and 163146 nonzeros.
Reduced MIP has 448 binaries, 0 generals, 0 SOSs, and 0 indicators.
Presolve time = 0.19 sec. (679.46 ticks)
Found incumbent of value 522.836500 after 0.24 sec. (797.50 ticks)
Probing fixed 80 vars, tightened 0 bounds.
Probing changed sense of 4 constraints.
Probing time = 0.02 sec. (17.62 ticks)
Cover probing fixed 12 vars, tightened 0 bounds.
Tried aggregator 2 times.
MIP Presolve eliminated 132 rows and 101 columns.
MIP Presolve modified 91 coefficients.
Aggregator did 4 substitutions.
Reduced MIP has 5426 rows, 353 columns, and 162289 nonzeros.
Reduced MIP has 343 binaries, 0 generals, 0 SOSs, and 0 indicators.
Presolve time = 0.09 sec. (249.10 ticks)
Probing fixed 1 vars, tightened 0 bounds.
Probing changed sense of 17 constraints.
Probing time = 0.02 sec. (17.43 ticks)
Tried aggregator 1 time.
MIP Presolve eliminated 74 rows and 72 columns.
MIP Presolve modified 58 coefficients.
Reduced MIP has 5352 rows, 281 columns, and 161933 nonzeros.
Reduced MIP has 271 binaries, 0 generals, 0 SOSs, and 0 indicators.
Presolve time = 0.05 sec. (132.99 ticks)
Probing changed sense of 1 constraints.
Probing time = 0.01 sec. (10.61 ticks)
Tried aggregator 1 time.
Detecting symmetries...
MIP Presolve eliminated 3 rows and 1 columns.
MIP Presolve modified 3 coefficients.
Reduced MIP has 5349 rows, 280 columns, and 161923 nonzeros.
Reduced MIP has 270 binaries, 0 generals, 0 SOSs, and 0 indicators.
Presolve time = 0.04 sec. (95.40 ticks)
Probing time = 0.01 sec. (11.23 ticks)
Clique table members: 14944.
MIP emphasis: optimality.
MIP search method: dynamic search.
Parallel mode: deterministic, using up to 20 threads.
Root relaxation solution time = 0.03 sec. (43.62 ticks)

        Nodes                                         Cuts/
   Node  Left     Objective  IInf  Best Integer    Best Bound    ItCnt     Gap

*     0+    0                          522.8365       -4.0000           100.77%
*     0+    0                          395.1104       -4.0000           101.01%
      0     0      193.8473    77      395.1104      193.8473      314   50.94%
      0     0      202.3309    98      395.1104      Cuts: 42      424   48.79%
*     0+    0                          240.3737      202.3309            15.83%
      0     0        cutoff            240.3737      240.3737      530    0.00%
Elapsed time = 0.94 sec. (2841.91 ticks, tree = 0.01 MB, solutions = 3)

Clique cuts applied:  37
Implied bound cuts applied:  3
Mixed integer rounding cuts applied:  1
Zero-half cuts applied:  8
Gomory fractional cuts applied:  8

Root node processing (before b&c):
  Real time             =    0.94 sec. (2842.45 ticks)
Parallel b&c, 20 threads:
  Real time             =    0.00 sec. (0.00 ticks)
  Sync time (average)   =    0.00 sec.
  Wait time (average)   =    0.00 sec.
                          ------------
Total (root+branch&cut) =    0.94 sec. (2842.45 ticks)
Truck arcs:
0 1
1 7
4 5
5 11
7 8
8 10
9 4
10 9
customer 2 is served by drone
start of this sortie: 10
end of this sortie: 9

customer 3 is served by drone
start of this sortie: 4
end of this sortie: 5

240.374
In write mode
