Instance name: /home/cuong/CLionProjects/uMV-FSTSP/50_dis_rand_ins/v5
Write arg val: 1

drone speed: 1 miles/minute
uav non-eligible customer: 1 11 
Printing tau:
0 15.2818 47.1437 58.5538 45.9887 58.4643 46.8148 30.7989 56.7398 82.2334 88.2175 0 
15.2818 0 41.5017 43.272 40.3467 52.8223 41.1728 46.0807 51.0978 76.5914 82.5755 15.2818 
47.1437 41.5017 0 23.772 35.372 22.6908 15.5468 69.7931 66.2467 35.0897 42.8824 47.1437 
58.5538 43.272 23.772 0 54.9316 42.2504 35.1065 89.3527 85.8063 58.8616 64.8457 58.5538 
45.9887 40.3467 35.372 54.9316 0 12.6812 19.8251 34.4211 30.8747 36.2447 42.2288 45.9887 
58.4643 52.8223 22.6908 42.2504 12.6812 0 11.6495 47.1023 43.5559 23.7691 29.7532 58.4643 
46.8148 41.1728 15.5468 35.1065 19.8251 11.6495 0 54.2462 50.6999 35.4186 41.4027 46.8148 
30.7989 46.0807 69.7931 89.3527 34.4211 47.1023 54.2462 0 32.9098 58.4499 64.3875 30.7989 
56.7398 51.0978 66.2467 85.8063 30.8747 43.5559 50.6999 32.9098 0 54.9036 31.4777 56.7398 
82.2334 76.5914 35.0897 58.8616 36.2447 23.7691 35.4186 58.4499 54.9036 0 31.5393 82.2334 
88.2175 82.5755 42.8824 64.8457 42.2288 29.7532 41.4027 64.3875 31.4777 31.5393 0 88.2175 
0 0 0 0 0 0 0 0 0 0 0 0 
Printing tau_prime:
0 2.30376 8.65226 8.91604 6.52392 8.58355 7.4046 5.50716 8.9018 12.2694 12.4879 0 
2.30376 0 6.75969 6.61334 5.93936 7.47159 5.93612 7.00604 9.40229 10.972 11.9885 2.30376 
8.65226 6.75969 0 4.35359 5.00502 3.58616 2.19915 10.4063 9.46648 5.21527 8.39756 8.65226 
8.91604 6.61334 4.35359 0 8.4012 7.76735 5.96999 12.6365 13.0201 9.40178 12.731 8.91604 
6.52392 5.93936 5.00502 8.4012 0 2.51576 2.80613 5.78934 4.6235 6.1499 6.06577 6.52392 
8.58355 7.47159 3.58616 7.76735 2.51576 0 1.9326 8.2682 6.16456 3.72489 5.08519 8.58355 
7.4046 5.93612 2.19915 5.96999 2.80613 1.9326 0 8.33181 7.30614 5.0441 7.01629 7.4046 
5.50716 7.00604 10.4063 12.6365 5.78934 8.2682 8.33181 0 4.68109 11.6853 9.86908 5.50716 
8.9018 9.40229 9.46648 13.0201 4.6235 6.16456 7.30614 4.68109 0 8.56076 5.54389 8.9018 
12.2694 10.972 5.21527 9.40178 6.1499 3.72489 5.0441 11.6853 8.56076 0 4.5399 12.2694 
12.4879 11.9885 8.39756 12.731 6.06577 5.08519 7.01629 9.86908 5.54389 4.5399 0 12.4879 
0 0 0 0 0 0 0 0 0 0 0 0 
Printing number of nodes: 11

Version identifier: 22.1.1.0 | 2022-11-28 | 9160aff4d
CPXPARAM_ClockType                               0
CPXPARAM_Emphasis_MIP                            2
CPXPARAM_MIP_Tolerances_Integrality              0
Tried aggregator 2 times.
MIP Presolve eliminated 588 rows and 1272 columns.
MIP Presolve modified 719 coefficients.
Aggregator did 62 substitutions.
Reduced MIP has 5481 rows, 381 columns, and 160336 nonzeros.
Reduced MIP has 372 binaries, 0 generals, 0 SOSs, and 0 indicators.
Presolve time = 0.13 sec. (512.05 ticks)
Found incumbent of value 480.680000 after 0.17 sec. (601.56 ticks)
Probing fixed 41 vars, tightened 0 bounds.
Probing changed sense of 16 constraints.
Probing time = 0.02 sec. (14.59 ticks)
Cover probing fixed 4 vars, tightened 0 bounds.
Tried aggregator 1 time.
MIP Presolve eliminated 122 rows and 67 columns.
MIP Presolve modified 95 coefficients.
Reduced MIP has 5359 rows, 314 columns, and 159653 nonzeros.
Reduced MIP has 305 binaries, 0 generals, 0 SOSs, and 0 indicators.
Presolve time = 0.07 sec. (180.15 ticks)
Probing changed sense of 42 constraints.
Probing time = 0.01 sec. (15.36 ticks)
Tried aggregator 1 time.
MIP Presolve eliminated 138 rows and 102 columns.
MIP Presolve modified 55 coefficients.
Reduced MIP has 5221 rows, 212 columns, and 159090 nonzeros.
Reduced MIP has 205 binaries, 0 generals, 0 SOSs, and 0 indicators.
Presolve time = 0.08 sec. (225.67 ticks)
Probing time = 0.01 sec. (8.75 ticks)
Tried aggregator 1 time.
Detecting symmetries...
Reduced MIP has 5221 rows, 212 columns, and 159090 nonzeros.
Reduced MIP has 205 binaries, 0 generals, 0 SOSs, and 0 indicators.
Presolve time = 0.03 sec. (84.22 ticks)
Probing time = 0.01 sec. (10.55 ticks)
Clique table members: 7929.
MIP emphasis: optimality.
MIP search method: dynamic search.
Parallel mode: deterministic, using up to 20 threads.
Root relaxation solution time = 0.04 sec. (60.29 ticks)

        Nodes                                         Cuts/
   Node  Left     Objective  IInf  Best Integer    Best Bound    ItCnt     Gap

*     0+    0                          480.6800       24.3369            94.94%
      0     0      168.8810    25      480.6800      168.8810      563   64.87%
*     0+    0                          169.5806      168.8810             0.41%
*     0+    0                          169.1286      168.8810             0.15%
      0     0        cutoff            169.1286      168.8810      563    0.15%
Elapsed time = 0.49 sec. (1315.71 ticks, tree = 0.01 MB, solutions = 3)

Root node processing (before b&c):
  Real time             =    0.49 sec. (1316.26 ticks)
Parallel b&c, 20 threads:
  Real time             =    0.03 sec. (2.71 ticks)
  Sync time (average)   =    0.00 sec.
  Wait time (average)   =    0.00 sec.
                          ------------
Total (root+branch&cut) =    0.52 sec. (1318.97 ticks)
Truck arcs:
0 1
1 2
2 6
4 7
5 4
6 5
7 11
customer 3 is served by drone
start of this sortie: 0
end of this sortie: 1

customer 8 is served by drone
start of this sortie: 5
end of this sortie: 4

customer 9 is served by drone
start of this sortie: 6
end of this sortie: 5

customer 10 is served by drone
start of this sortie: 2
end of this sortie: 6

169.129
In write mode
