Instance name: /home/cuong/CLionProjects/uMV-FSTSP/50_dis_rand_ins/v50
Write arg val: 1

drone speed: 1 miles/minute
uav non-eligible customer: 11 
Printing tau:
0 23.1094 58.1723 56.6694 28.8426 35.1258 27.5635 51.209 40.6372 76.417 67.7615 0 
23.1094 0 70.0029 44.286 51.952 58.2352 50.6729 63.5924 53.0206 99.5264 90.8709 23.1094 
58.1723 70.0029 0 30.6463 49.8701 34.2725 45.9832 109.381 98.8096 48.6762 50.1287 58.1723 
56.6694 44.286 30.6463 0 48.3671 32.7695 44.4802 107.878 97.3066 60.1699 51.5144 56.6694 
28.8426 51.952 49.8701 48.3671 0 15.5976 3.88689 59.5113 48.9395 47.5745 38.919 28.8426 
35.1258 58.2352 34.2725 32.7695 15.5976 0 11.7107 75.1089 64.5371 41.2912 32.6357 35.1258 
27.5635 50.6729 45.9832 44.4802 3.88689 11.7107 0 63.3982 52.8264 48.8535 40.198 27.5635 
51.209 63.5924 109.381 107.878 59.5113 75.1089 63.3982 0 19.3405 60.7052 59.2527 51.209 
40.6372 53.0206 98.8096 97.3066 48.9395 64.5371 52.8264 19.3405 0 57.9866 49.3311 40.6372 
76.417 99.5264 48.6762 60.1699 47.5745 41.2912 48.8535 60.7052 57.9866 0 8.65552 76.417 
67.7615 90.8709 50.1287 51.5144 38.919 32.6357 40.198 59.2527 49.3311 8.65552 0 67.7615 
0 0 0 0 0 0 0 0 0 0 0 0 
Printing tau_prime:
0 3.70781 10.5669 8.33713 4.24458 6.00837 4.26222 8.9989 6.31042 10.8901 9.65021 0 
3.70781 0 11.8297 8.37877 7.36975 8.3952 7.16629 12.4502 9.52548 14.0811 12.8657 3.70781 
10.5669 11.8297 0 4.33925 7.50048 5.12461 7.05422 15.5226 14.542 8.0511 7.67901 10.5669 
8.33713 8.37877 4.33925 0 7.06827 5.34835 6.49084 15.557 13.7647 10.8127 10.0182 8.33713 
4.24458 7.36975 7.50048 7.06827 0 2.37808 0.578685 8.51036 7.076 6.73017 5.50409 4.24458 
6.00837 8.3952 5.12461 5.34835 2.37808 0 1.97144 10.6286 9.42738 6.18455 5.13129 6.00837 
4.26222 7.16629 7.05422 6.49084 0.578685 1.97144 0 9.08133 7.58161 6.91942 5.715 4.26222 
8.9989 12.4502 15.5226 15.557 8.51036 10.6286 9.08133 0 3.11711 10.1771 9.39182 8.9989 
6.31042 9.52548 14.542 13.7647 7.076 9.42738 7.58161 3.11711 0 10.8405 9.80141 6.31042 
10.8901 14.0811 8.0511 10.8127 6.73017 6.18455 6.91942 10.1771 10.8405 0 1.24119 10.8901 
9.65021 12.8657 7.67901 10.0182 5.50409 5.13129 5.715 9.39182 9.80141 1.24119 0 9.65021 
0 0 0 0 0 0 0 0 0 0 0 0 
Printing number of nodes: 11

Version identifier: 22.1.1.0 | 2022-11-28 | 9160aff4d
CPXPARAM_ClockType                               0
CPXPARAM_Emphasis_MIP                            2
CPXPARAM_MIP_Tolerances_Integrality              0
Tried aggregator 2 times.
MIP Presolve eliminated 478 rows and 1289 columns.
MIP Presolve modified 574 coefficients.
Aggregator did 47 substitutions.
Reduced MIP has 5462 rows, 379 columns, and 162576 nonzeros.
Reduced MIP has 369 binaries, 0 generals, 0 SOSs, and 0 indicators.
Presolve time = 0.11 sec. (360.68 ticks)
Found incumbent of value 605.241700 after 0.17 sec. (487.27 ticks)
Probing fixed 75 vars, tightened 0 bounds.
Probing changed sense of 12 constraints.
Probing time = 0.02 sec. (14.07 ticks)
Tried aggregator 2 times.
MIP Presolve eliminated 113 rows and 79 columns.
MIP Presolve added 2 rows and 0 columns.
MIP Presolve modified 110 coefficients.
Aggregator did 1 substitutions.
Reduced MIP has 5349 rows, 299 columns, and 161842 nonzeros.
Reduced MIP has 289 binaries, 0 generals, 0 SOSs, and 0 indicators.
Presolve time = 0.09 sec. (193.12 ticks)
Probing fixed 3 vars, tightened 0 bounds.
Probing changed sense of 29 constraints.
Probing time = 0.02 sec. (13.93 ticks)
Tried aggregator 1 time.
MIP Presolve eliminated 85 rows and 65 columns.
MIP Presolve added 2 rows and 0 columns.
MIP Presolve modified 38 coefficients.
Reduced MIP has 5266 rows, 234 columns, and 161502 nonzeros.
Reduced MIP has 226 binaries, 0 generals, 0 SOSs, and 0 indicators.
Presolve time = 0.06 sec. (170.97 ticks)
Probing time = 0.01 sec. (10.12 ticks)
Tried aggregator 1 time.
Detecting symmetries...
Reduced MIP has 5266 rows, 234 columns, and 161502 nonzeros.
Reduced MIP has 226 binaries, 0 generals, 0 SOSs, and 0 indicators.
Presolve time = 0.03 sec. (86.76 ticks)
Probing time = 0.01 sec. (11.27 ticks)
Clique table members: 12112.
MIP emphasis: optimality.
MIP search method: dynamic search.
Parallel mode: deterministic, using up to 20 threads.
Root relaxation solution time = 0.04 sec. (37.77 ticks)

        Nodes                                         Cuts/
   Node  Left     Objective  IInf  Best Integer    Best Bound    ItCnt     Gap

*     0+    0                          605.2417        0.0000           100.00%
*     0+    0                          416.5763        0.0000           100.00%
      0     0      215.6612    60      416.5763      215.6612      186   48.23%
*     0+    0                          317.5744      215.6612            32.09%
*     0+    0                          231.9363      215.6612             7.02%
      0     0      226.2968    64      231.9363      Cuts: 61      270    2.43%
*     0+    0                          230.2665      226.2968             1.72%
      0     0        cutoff            230.2665      230.2665      338    0.00%
Elapsed time = 0.61 sec. (1455.32 ticks, tree = 0.01 MB, solutions = 5)

Clique cuts applied:  9
Implied bound cuts applied:  6
Zero-half cuts applied:  15
Lift and project cuts applied:  6
Gomory fractional cuts applied:  12

Root node processing (before b&c):
  Real time             =    0.61 sec. (1455.88 ticks)
Parallel b&c, 20 threads:
  Real time             =    0.00 sec. (0.00 ticks)
  Sync time (average)   =    0.00 sec.
  Wait time (average)   =    0.00 sec.
                          ------------
Total (root+branch&cut) =    0.61 sec. (1455.88 ticks)
Truck arcs:
0 8
4 11
5 6
6 4
8 7
9 10
10 5
customer 1 is served by drone
start of this sortie: 6
end of this sortie: 4

customer 2 is served by drone
start of this sortie: 9
end of this sortie: 10

230.267
In write mode
