Instance name: /home/cuong/CLionProjects/uMV-FSTSP/50_dis_rand_ins/v59
Write arg val: 1

drone speed: 1 miles/minute
uav non-eligible customer: 11 
Printing tau:
0 11.5645 57.0282 62.0399 72.4415 50.1748 64.0592 55.7384 54.0549 97.8958 100.623 0 
11.5645 0 45.4638 50.4754 60.877 38.6103 52.4947 44.1739 45.9642 86.3313 89.0582 11.5645 
57.0282 45.4638 0 5.01169 53.2061 45.4987 49.1029 76.1906 88.5689 51.7478 43.5944 57.0282 
62.0399 50.4754 5.01169 0 54.5404 46.833 50.4371 77.5248 89.9031 53.082 38.5827 62.0399 
72.4415 60.877 53.2061 54.5404 0 22.2667 8.3823 22.9844 35.3628 25.4543 28.1812 72.4415 
50.1748 38.6103 45.4987 46.833 22.2667 0 13.8844 30.6918 43.0702 47.721 50.4479 50.1748 
64.0592 52.4947 49.1029 50.4371 8.3823 13.8844 0 27.0877 39.466 33.8366 36.5635 64.0592 
55.7384 44.1739 76.1906 77.5248 22.9844 30.6918 27.0877 0 12.3783 42.1574 45.1037 55.7384 
54.0549 45.9642 88.5689 89.9031 35.3628 43.0702 39.466 12.3783 0 43.8408 57.482 54.0549 
97.8958 86.3313 51.7478 53.082 25.4543 47.721 33.8366 42.1574 43.8408 0 20.6609 97.8958 
100.623 89.0582 43.5944 38.5827 28.1812 50.4479 36.5635 45.1037 57.482 20.6609 0 100.623 
0 0 0 0 0 0 0 0 0 0 0 0 
Printing tau_prime:
0 1.63998 10.1404 10.8221 10.337 7.10161 9.09436 9.14082 9.9562 13.894 14.3375 0 
1.63998 0 8.81149 9.46404 8.73888 5.47564 7.48054 7.84773 8.85228 12.2774 12.6996 1.63998 
10.1404 8.81149 0 0.733447 7.83385 6.50708 7.01502 10.7765 12.5326 9.32523 7.57215 10.1404 
10.8221 9.46404 0.733447 0 7.85219 6.83243 7.1386 10.9998 12.7643 9.05908 7.12707 10.8221 
10.337 8.73888 7.83385 7.85219 0 3.3323 1.31985 4.01815 5.63665 3.60568 5.06643 10.337 
7.10161 5.47564 6.50708 6.83243 3.3323 0 2.02863 4.41122 6.11571 6.80639 7.41982 7.10161 
9.09436 7.48054 7.01502 7.1386 1.31985 2.02863 0 4.00744 5.75787 4.79981 5.76448 9.09436 
9.14082 7.84773 10.7765 10.9998 4.01815 4.41122 4.00744 0 1.76668 6.89158 8.99882 9.14082 
9.9562 8.85228 12.5326 12.7643 5.63665 6.11571 5.75787 1.76668 0 8.09668 10.4621 9.9562 
13.894 12.2774 9.32523 9.05908 3.60568 6.80639 4.79981 6.89158 8.09668 0 2.94723 13.894 
14.3375 12.6996 7.57215 7.12707 5.06643 7.41982 5.76448 8.99882 10.4621 2.94723 0 14.3375 
0 0 0 0 0 0 0 0 0 0 0 0 
Printing number of nodes: 11

Version identifier: 22.1.1.0 | 2022-11-28 | 9160aff4d
CPXPARAM_ClockType                               0
CPXPARAM_Emphasis_MIP                            2
CPXPARAM_MIP_Tolerances_Integrality              0
Tried aggregator 3 times.
MIP Presolve eliminated 364 rows and 1199 columns.
MIP Presolve modified 761 coefficients.
Aggregator did 55 substitutions.
Reduced MIP has 5568 rows, 461 columns, and 163200 nonzeros.
Reduced MIP has 451 binaries, 0 generals, 0 SOSs, and 0 indicators.
Presolve time = 0.14 sec. (514.77 ticks)
Found incumbent of value 489.486300 after 0.21 sec. (648.99 ticks)
Probing fixed 65 vars, tightened 0 bounds.
Probing changed sense of 1 constraints.
Probing time = 0.10 sec. (16.62 ticks)
Cover probing fixed 8 vars, tightened 0 bounds.
Tried aggregator 2 times.
MIP Presolve eliminated 109 rows and 84 columns.
MIP Presolve modified 151 coefficients.
Aggregator did 4 substitutions.
Reduced MIP has 5455 rows, 373 columns, and 162402 nonzeros.
Reduced MIP has 363 binaries, 0 generals, 0 SOSs, and 0 indicators.
Presolve time = 0.13 sec. (339.30 ticks)
Probing fixed 3 vars, tightened 0 bounds.
Probing changed sense of 28 constraints.
Probing time = 0.02 sec. (19.03 ticks)
Tried aggregator 1 time.
MIP Presolve eliminated 127 rows and 132 columns.
MIP Presolve modified 104 coefficients.
Reduced MIP has 5328 rows, 241 columns, and 161816 nonzeros.
Reduced MIP has 234 binaries, 0 generals, 0 SOSs, and 0 indicators.
Presolve time = 0.08 sec. (206.74 ticks)
Probing changed sense of 3 constraints.
Probing time = 0.01 sec. (9.60 ticks)
Tried aggregator 1 time.
Detecting symmetries...
Reduced MIP has 5328 rows, 241 columns, and 161816 nonzeros.
Reduced MIP has 234 binaries, 0 generals, 0 SOSs, and 0 indicators.
Presolve time = 0.03 sec. (87.43 ticks)
Probing time = 0.01 sec. (10.80 ticks)
Clique table members: 11204.
MIP emphasis: optimality.
MIP search method: dynamic search.
Parallel mode: deterministic, using up to 20 threads.
Root relaxation solution time = 0.04 sec. (36.28 ticks)

        Nodes                                         Cuts/
   Node  Left     Objective  IInf  Best Integer    Best Bound    ItCnt     Gap

*     0+    0                          489.4863       -3.0000           100.61%
*     0+    0                          357.3222       -3.0000           100.84%
      0     0      181.3917     1      357.3222      181.3917      210   49.24%
*     0+    0                          181.3917      181.3917             0.00%
      0     0        cutoff            181.3917      181.3917      210    0.00%
Elapsed time = 0.67 sec. (1457.16 ticks, tree = 0.01 MB, solutions = 3)

Root node processing (before b&c):
  Real time             =    0.67 sec. (1457.72 ticks)
Parallel b&c, 20 threads:
  Real time             =    0.00 sec. (0.00 ticks)
  Sync time (average)   =    0.00 sec.
  Wait time (average)   =    0.00 sec.
                          ------------
Total (root+branch&cut) =    0.67 sec. (1457.72 ticks)
Truck arcs:
0 1
1 5
4 7
5 6
6 4
7 8
8 11
customer 2 is served by drone
start of this sortie: 0
end of this sortie: 1

customer 3 is served by drone
start of this sortie: 5
end of this sortie: 6

customer 9 is served by drone
start of this sortie: 7
end of this sortie: 8

customer 10 is served by drone
start of this sortie: 6
end of this sortie: 4

181.392
In write mode
