Instance name: /home/cuong/CLionProjects/uMV-FSTSP/50_dis_rand_ins/v64
Write arg val: 1

drone speed: 1 miles/minute
uav non-eligible customer: 4 11 
Printing tau:
0 12.8973 53.5022 60.5064 34.2813 24.2381 40.9 37.665 49.0236 78.8281 79.6993 0 
12.8973 0 40.6049 47.6091 34.4297 24.3865 41.0484 46.8118 61.9209 78.9765 79.8477 12.8973 
53.5022 40.6049 0 16.9096 45.3319 56.6745 47.1796 87.4166 102.526 55.3404 56.2117 53.5022 
60.5064 47.6091 16.9096 0 52.3361 63.6787 54.1838 94.4209 109.53 46.4042 39.3021 60.5064 
34.2813 34.4297 45.3319 52.3361 0 11.3426 6.61875 42.0847 57.1938 44.5468 45.418 34.2813 
24.2381 24.3865 56.6745 63.6787 11.3426 0 16.6619 30.7421 45.8512 54.59 55.4612 24.2381 
40.9 41.0484 47.1796 54.1838 6.61875 16.6619 0 40.237 55.3461 37.928 38.7993 40.9 
37.665 46.8118 87.4166 94.4209 42.0847 30.7421 40.237 0 15.1091 48.0166 58.009 37.665 
49.0236 61.9209 102.526 109.53 57.1938 45.8512 55.3461 15.1091 0 63.1257 73.1181 49.0236 
78.8281 78.9765 55.3404 46.4042 44.5468 54.59 37.928 48.0166 63.1257 0 9.99236 78.8281 
79.6993 79.8477 56.2117 39.3021 45.418 55.4612 38.7993 58.009 73.1181 9.99236 0 79.6993 
0 0 0 0 0 0 0 0 0 0 0 0 
Printing tau_prime:
0 1.82408 8.26335 10.2888 4.98389 3.45702 5.85284 7.16777 8.08285 11.325 11.775 0 
1.82408 0 6.64442 8.84373 4.91477 4.13022 5.87912 8.51023 9.70181 11.1703 11.4027 1.82408 
8.26335 6.64442 0 2.58842 6.59012 8.01569 7.11211 12.5241 14.5233 9.60721 8.97169 8.26335 
10.2888 8.84373 2.58842 0 7.45182 9.29096 7.66308 13.3587 15.568 8.52089 7.5769 10.2888 
4.98389 4.91477 6.59012 7.45182 0 2.14252 0.971821 5.97088 8.11804 6.35548 6.80644 4.98389 
3.45702 4.13022 8.01569 9.29096 2.14252 0 2.71209 4.74418 6.52502 8.0975 8.74006 3.45702 
5.85284 5.87912 7.11211 7.66308 0.971821 2.71209 0 5.70874 7.99482 5.47551 6.03528 5.85284 
7.16777 8.51023 12.5241 13.3587 5.97088 4.74418 5.70874 0 2.43676 8.94426 10.1311 7.16777 
8.08285 9.70181 14.5233 15.568 8.11804 6.52502 7.99482 2.43676 0 11.34 12.5523 8.08285 
11.325 11.1703 9.60721 8.52089 6.35548 8.0975 5.47551 8.94426 11.34 0 1.41849 11.325 
11.775 11.4027 8.97169 7.5769 6.80644 8.74006 6.03528 10.1311 12.5523 1.41849 0 11.775 
0 0 0 0 0 0 0 0 0 0 0 0 
Printing number of nodes: 11

Version identifier: 22.1.1.0 | 2022-11-28 | 9160aff4d
CPXPARAM_ClockType                               0
CPXPARAM_Emphasis_MIP                            2
CPXPARAM_MIP_Tolerances_Integrality              0
Tried aggregator 3 times.
MIP Presolve eliminated 527 rows and 1194 columns.
MIP Presolve modified 896 coefficients.
Aggregator did 35 substitutions.
Reduced MIP has 5569 rows, 486 columns, and 161005 nonzeros.
Reduced MIP has 477 binaries, 0 generals, 0 SOSs, and 0 indicators.
Presolve time = 0.12 sec. (420.66 ticks)
Found incumbent of value 681.587900 after 0.16 sec. (512.28 ticks)
Probing fixed 90 vars, tightened 0 bounds.
Probing changed sense of 20 constraints.
Probing time = 0.02 sec. (19.74 ticks)
Cover probing fixed 6 vars, tightened 0 bounds.
Tried aggregator 2 times.
MIP Presolve eliminated 129 rows and 127 columns.
MIP Presolve modified 151 coefficients.
Aggregator did 5 substitutions.
Reduced MIP has 5433 rows, 354 columns, and 160100 nonzeros.
Reduced MIP has 345 binaries, 0 generals, 0 SOSs, and 0 indicators.
Presolve time = 0.12 sec. (336.00 ticks)
Probing changed sense of 1 constraints.
Probing time = 0.09 sec. (15.21 ticks)
Tried aggregator 1 time.
Detecting symmetries...
MIP Presolve eliminated 50 rows and 62 columns.
MIP Presolve modified 80 coefficients.
Reduced MIP has 5381 rows, 292 columns, and 159809 nonzeros.
Reduced MIP has 285 binaries, 0 generals, 0 SOSs, and 0 indicators.
Presolve time = 0.08 sec. (207.30 ticks)
Probing time = 0.01 sec. (12.24 ticks)
Clique table members: 16807.
MIP emphasis: optimality.
MIP search method: dynamic search.
Parallel mode: deterministic, using up to 20 threads.
Root relaxation solution time = 0.05 sec. (54.63 ticks)

        Nodes                                         Cuts/
   Node  Left     Objective  IInf  Best Integer    Best Bound    ItCnt     Gap

*     0+    0                          681.5879       -5.0000           100.73%
      0     0      158.5263    86      681.5879      158.5263      513   76.74%
*     0+    0                          310.8052      158.5263            48.99%
      0     0      176.3326    82      310.8052     Cuts: 112      679   43.27%
*     0+    0                          183.8947      176.3326             4.11%
      0     0        cutoff            183.8947      183.8947      791    0.00%
Elapsed time = 1.14 sec. (3323.38 ticks, tree = 0.01 MB, solutions = 3)

Clique cuts applied:  60
Implied bound cuts applied:  9
Zero-half cuts applied:  17
Lift and project cuts applied:  2
Gomory fractional cuts applied:  7

Root node processing (before b&c):
  Real time             =    1.14 sec. (3323.92 ticks)
Parallel b&c, 20 threads:
  Real time             =    0.00 sec. (0.00 ticks)
  Sync time (average)   =    0.00 sec.
  Wait time (average)   =    0.00 sec.
                          ------------
Total (root+branch&cut) =    1.14 sec. (3323.92 ticks)
Truck arcs:
0 1
1 3
2 6
3 2
4 5
5 11
6 4
customer 7 is served by drone
start of this sortie: 4
end of this sortie: 5

customer 8 is served by drone
start of this sortie: 0
end of this sortie: 1

customer 9 is served by drone
start of this sortie: 6
end of this sortie: 4

customer 10 is served by drone
start of this sortie: 3
end of this sortie: 2

183.895
In write mode
