Instance name: /home/cuong/CLionProjects/uMV-FSTSP/50_dis_rand_ins/v74
Write arg val: 1

drone speed: 1 miles/minute
uav non-eligible customer: 4 6 11 
Printing tau:
0 5.90758 47.1088 39.7682 38.5205 40.0181 34.9823 53.9436 51.7772 82.5371 84.8238 0 
5.90758 0 53.0163 36.9056 44.4281 45.9257 40.8899 58.4617 57.1151 88.4447 90.7314 5.90758 
47.1088 53.0163 0 16.1107 58.3133 31.4031 28.2569 88.2827 86.1163 61.8682 37.715 47.1088 
39.7682 36.9056 16.1107 0 63.7423 36.8322 33.6859 93.7118 91.5454 67.2972 53.8258 39.7682 
38.5205 44.4281 58.3133 63.7423 0 26.9102 30.0564 29.9695 27.8031 44.0166 46.3033 38.5205 
40.0181 45.9257 31.4031 36.8322 26.9102 0 5.03576 56.8796 54.7132 42.519 44.8057 40.0181 
34.9823 40.8899 28.2569 33.6859 30.0564 5.03576 0 60.0259 57.8595 47.5548 49.8415 34.9823 
53.9436 58.4617 88.2827 93.7118 29.9695 56.8796 60.0259 0 8.89912 40.2287 59.515 53.9436 
51.7772 57.1151 86.1163 91.5454 27.8031 54.7132 57.8595 8.89912 0 31.3296 57.3485 51.7772 
82.5371 88.4447 61.8682 67.2972 44.0166 42.519 47.5548 40.2287 31.3296 0 33.1004 82.5371 
84.8238 90.7314 37.715 53.8258 46.3033 44.8057 49.8415 59.515 57.3485 33.1004 0 84.8238 
0 0 0 0 0 0 0 0 0 0 0 0 
Printing tau_prime:
0 1.05178 8.24429 7.13076 6.41652 5.67462 5.02147 9.69527 10.2986 12.3046 12.0217 0 
1.05178 0 8.60236 7.21747 7.46412 6.49872 5.78693 10.7169 11.3413 13.3037 12.8322 1.05178 
8.24429 8.60236 0 2.40429 8.3357 4.55287 4.34857 12.5035 12.1925 10.0825 6.70822 8.24429 
7.13076 7.21747 2.40429 0 9.07708 5.36278 4.79712 13.349 13.2582 11.9877 9.01847 7.13076 
6.41652 7.46412 8.3357 9.07708 0 3.81156 4.27997 4.27204 4.32197 6.24516 7.7678 6.41652 
5.67462 6.49872 4.55287 5.36278 3.81156 0 0.839734 8.05052 7.89777 7.39728 6.34744 5.67462 
5.02147 5.78693 4.34857 4.79712 4.27997 0.839734 0 8.55193 8.49821 8.2355 7.04902 5.02147 
9.69527 10.7169 12.5035 13.349 4.27204 8.05052 8.55193 0 1.29528 6.806 10.3437 9.69527 
10.2986 11.3413 12.1925 13.2582 4.32197 7.89777 8.49821 1.29528 0 5.60271 9.40097 10.2986 
12.3046 13.3037 10.0825 11.9877 6.24516 7.39728 8.2355 6.806 5.60271 0 4.69226 12.3046 
12.0217 12.8322 6.70822 9.01847 7.7678 6.34744 7.04902 10.3437 9.40097 4.69226 0 12.0217 
0 0 0 0 0 0 0 0 0 0 0 0 
Printing number of nodes: 11

Version identifier: 22.1.1.0 | 2022-11-28 | 9160aff4d
CPXPARAM_ClockType                               0
CPXPARAM_Emphasis_MIP                            2
CPXPARAM_MIP_Tolerances_Integrality              0
Tried aggregator 3 times.
MIP Presolve eliminated 996 rows and 1284 columns.
MIP Presolve modified 587 coefficients.
Aggregator did 53 substitutions.
Reduced MIP has 5226 rows, 378 columns, and 148934 nonzeros.
Reduced MIP has 370 binaries, 0 generals, 0 SOSs, and 0 indicators.
Presolve time = 0.10 sec. (387.58 ticks)
Found incumbent of value 453.682080 after 0.15 sec. (492.26 ticks)
Probing fixed 106 vars, tightened 0 bounds.
Probing changed sense of 24 constraints.
Probing time = 0.01 sec. (14.33 ticks)
Cover probing fixed 12 vars, tightened 0 bounds.
Tried aggregator 2 times.
MIP Presolve eliminated 174 rows and 133 columns.
MIP Presolve added 6 rows and 0 columns.
MIP Presolve modified 136 coefficients.
Aggregator did 1 substitutions.
Reduced MIP has 5057 rows, 244 columns, and 147810 nonzeros.
Reduced MIP has 236 binaries, 0 generals, 0 SOSs, and 0 indicators.
Presolve time = 0.11 sec. (311.79 ticks)
Probing fixed 3 vars, tightened 0 bounds.
Probing changed sense of 13 constraints.
Probing time = 0.01 sec. (11.15 ticks)
Tried aggregator 1 time.
MIP Presolve eliminated 86 rows and 71 columns.
MIP Presolve added 2 rows and 0 columns.
MIP Presolve modified 59 coefficients.
Reduced MIP has 4970 rows, 173 columns, and 147429 nonzeros.
Reduced MIP has 168 binaries, 0 generals, 0 SOSs, and 0 indicators.
Presolve time = 0.06 sec. (158.89 ticks)
Probing time = 0.01 sec. (7.06 ticks)
Tried aggregator 1 time.
Detecting symmetries...
Reduced MIP has 4970 rows, 173 columns, and 147429 nonzeros.
Reduced MIP has 168 binaries, 0 generals, 0 SOSs, and 0 indicators.
Presolve time = 0.03 sec. (78.06 ticks)
Probing time = 0.01 sec. (7.99 ticks)
Clique table members: 5450.
MIP emphasis: optimality.
MIP search method: dynamic search.
Parallel mode: deterministic, using up to 20 threads.
Root relaxation solution time = 0.02 sec. (26.82 ticks)

        Nodes                                         Cuts/
   Node  Left     Objective  IInf  Best Integer    Best Bound    ItCnt     Gap

*     0+    0                          453.6821       -3.0000           100.66%
      0     0      205.0401    26      453.6821      205.0401       99   54.81%
*     0+    0                          319.8018      205.0401            35.89%
*     0+    0                          217.2822      205.0401             5.63%
      0     0        cutoff            217.2822      217.2822      125    0.00%
Elapsed time = 0.61 sec. (1775.57 ticks, tree = 0.01 MB, solutions = 3)

Clique cuts applied:  8
Implied bound cuts applied:  2
Gomory fractional cuts applied:  1

Root node processing (before b&c):
  Real time             =    0.61 sec. (1776.07 ticks)
Parallel b&c, 20 threads:
  Real time             =    0.00 sec. (0.00 ticks)
  Sync time (average)   =    0.00 sec.
  Wait time (average)   =    0.00 sec.
                          ------------
Total (root+branch&cut) =    0.61 sec. (1776.07 ticks)
Truck arcs:
0 1
1 3
2 6
3 2
4 7
5 4
6 5
7 8
8 11
customer 9 is served by drone
start of this sortie: 7
end of this sortie: 8

customer 10 is served by drone
start of this sortie: 3
end of this sortie: 2

217.282
In write mode
