Instance name: /home/cuong/CLionProjects/uMV-FSTSP/50_dis_rand_ins/v75
Write arg val: 1

drone speed: 1 miles/minute
uav non-eligible customer: 3 11 
Printing tau:
0 21.0489 29.4021 54.1362 32.3391 47.5595 52.1344 80.9153 61.036 92.1837 105.195 0 
21.0489 0 45.0146 55.886 17.5478 32.7681 37.343 59.8664 39.9871 77.3924 90.4034 21.0489 
29.4021 45.0146 0 24.7341 53.9938 34.2869 56.8024 104.881 85.0017 62.7817 75.7927 29.4021 
54.1362 55.886 24.7341 0 64.8653 45.1584 67.6739 115.752 95.8732 59.9348 54.1866 54.1362 
32.3391 17.5478 53.9938 64.8653 0 19.7069 19.7953 50.8872 31.0079 59.8446 72.8556 32.3391 
47.5595 32.7681 34.2869 45.1584 19.7069 0 22.5155 70.5941 50.7148 44.6243 57.6353 47.5595 
52.1344 37.343 56.8024 67.6739 19.7953 22.5155 0 48.0786 28.1993 40.0493 53.0603 52.1344 
80.9153 59.8664 104.881 115.752 50.8872 70.5941 48.0786 0 19.8793 55.8177 66.2796 80.9153 
61.036 39.9871 85.0017 95.8732 31.0079 50.7148 28.1993 19.8793 0 47.7391 60.7501 61.036 
92.1837 77.3924 62.7817 59.9348 59.8446 44.6243 40.0493 55.8177 47.7391 0 13.011 92.1837 
105.195 90.4034 75.7927 54.1866 72.8556 57.6353 53.0603 66.2796 60.7501 13.011 0 105.195 
0 0 0 0 0 0 0 0 0 0 0 0 
Printing tau_prime:
0 3.63824 5.36439 9.10423 6.24101 6.88249 8.71349 12.6978 10.6778 13.5113 15.1264 0 
3.63824 0 6.69296 9.66567 2.78766 4.87613 5.53797 9.12792 7.0403 10.9599 12.7872 3.63824 
5.36439 6.69296 0 3.8209 7.64717 5.48687 8.65249 14.8933 12.2078 11.2683 12.3456 5.36439 
9.10423 9.66567 3.8209 0 9.67741 6.45373 9.57472 16.5108 13.6276 10.0397 10.5292 9.10423 
6.24101 2.78766 7.64717 9.67741 0 3.52142 2.82751 7.25638 4.70751 8.49198 10.4134 6.24101 
6.88249 4.87613 5.48687 6.45373 3.52142 0 3.24924 10.0581 7.18567 6.6478 8.25025 6.88249 
8.71349 5.53797 8.65249 9.57472 2.82751 3.24924 0 7.05166 4.1336 5.76861 7.74249 8.71349 
12.6978 9.12792 14.8933 16.5108 7.25638 10.0581 7.05166 0 2.91809 10.9116 12.7932 12.6978 
10.6778 7.0403 12.2078 13.6276 4.70751 7.18567 4.1336 2.91809 0 8.45055 10.4195 10.6778 
13.5113 10.9599 11.2683 10.0397 8.49198 6.6478 5.76861 10.9116 8.45055 0 2.01161 13.5113 
15.1264 12.7872 12.3456 10.5292 10.4134 8.25025 7.74249 12.7932 10.4195 2.01161 0 15.1264 
0 0 0 0 0 0 0 0 0 0 0 0 
Printing number of nodes: 11

Version identifier: 22.1.1.0 | 2022-11-28 | 9160aff4d
CPXPARAM_ClockType                               0
CPXPARAM_Emphasis_MIP                            2
CPXPARAM_MIP_Tolerances_Integrality              0
Tried aggregator 2 times.
MIP Presolve eliminated 665 rows and 1359 columns.
MIP Presolve modified 505 coefficients.
Aggregator did 52 substitutions.
Reduced MIP has 5414 rows, 304 columns, and 159840 nonzeros.
Reduced MIP has 295 binaries, 0 generals, 0 SOSs, and 0 indicators.
Presolve time = 0.09 sec. (317.33 ticks)
Found incumbent of value 533.101700 after 0.18 sec. (524.24 ticks)
Probing fixed 89 vars, tightened 0 bounds.
Probing changed sense of 16 constraints.
Probing time = 0.01 sec. (11.09 ticks)
Tried aggregator 2 times.
MIP Presolve eliminated 1273 rows and 110 columns.
MIP Presolve added 2 rows and 0 columns.
MIP Presolve modified 112 coefficients.
Aggregator did 1 substitutions.
Reduced MIP has 4141 rows, 193 columns, and 116195 nonzeros.
Reduced MIP has 189 binaries, 0 generals, 0 SOSs, and 0 indicators.
Presolve time = 0.07 sec. (180.45 ticks)
Probing changed sense of 33 constraints.
Probing time = 0.01 sec. (7.48 ticks)
Tried aggregator 1 time.
MIP Presolve eliminated 92 rows and 56 columns.
MIP Presolve modified 9 coefficients.
Reduced MIP has 4049 rows, 137 columns, and 115845 nonzeros.
Reduced MIP has 134 binaries, 0 generals, 0 SOSs, and 0 indicators.
Presolve time = 0.03 sec. (98.17 ticks)
Probing time = 0.01 sec. (4.55 ticks)
Tried aggregator 1 time.
Detecting symmetries...
Reduced MIP has 4049 rows, 137 columns, and 115845 nonzeros.
Reduced MIP has 134 binaries, 0 generals, 0 SOSs, and 0 indicators.
Presolve time = 0.02 sec. (61.98 ticks)
Probing time = 0.00 sec. (5.12 ticks)
Clique table members: 1475.
MIP emphasis: optimality.
MIP search method: dynamic search.
Parallel mode: deterministic, using up to 20 threads.
Root relaxation solution time = 0.02 sec. (21.16 ticks)

        Nodes                                         Cuts/
   Node  Left     Objective  IInf  Best Integer    Best Bound    ItCnt     Gap

*     0+    0                          533.1017        0.0000           100.00%
*     0     0      integral     0      252.0613      252.0612       57    0.00%
Elapsed time = 0.38 sec. (958.76 ticks, tree = 0.00 MB, solutions = 2)

Root node processing (before b&c):
  Real time             =    0.39 sec. (959.17 ticks)
Parallel b&c, 20 threads:
  Real time             =    0.00 sec. (0.00 ticks)
  Sync time (average)   =    0.00 sec.
  Wait time (average)   =    0.00 sec.
                          ------------
Total (root+branch&cut) =    0.39 sec. (959.17 ticks)
Truck arcs:
0 2
1 11
2 3
3 10
4 1
5 4
6 5
9 6
10 9
customer 7 is served by drone
start of this sortie: 4
end of this sortie: 1

customer 8 is served by drone
start of this sortie: 10
end of this sortie: 9

252.061
In write mode
