Instance name: /home/cuong/CLionProjects/uMV-FSTSP/50_dis_rand_ins/v78
Write arg val: 1

drone speed: 1 miles/minute
uav non-eligible customer: 11 
Printing tau:
0 22.1968 54.4086 52.7059 51.6339 52.9552 69.1713 44.7307 70.0697 89.2419 100.122 0 
22.1968 0 61.2732 57.4579 29.4371 30.7585 46.9745 30.0697 47.8729 67.0451 77.9251 22.1968 
54.4086 61.2732 0 3.81525 59.4764 38.7928 46.5294 91.3429 99.514 41.274 45.7133 54.4086 
52.7059 57.4579 3.81525 0 55.6611 34.9776 42.7141 87.5277 95.6987 37.4587 47.416 52.7059 
51.6339 29.4371 59.4764 55.6611 0 20.6835 17.5374 31.8665 40.0376 37.608 48.488 51.6339 
52.9552 30.7585 38.7928 34.9776 20.6835 0 16.216 52.5501 60.7211 36.2867 47.1666 52.9552 
69.1713 46.9745 46.5294 42.7141 17.5374 16.216 0 44.8135 52.9846 20.0707 30.9506 69.1713 
44.7307 30.0697 91.3429 87.5277 31.8665 52.5501 44.8135 0 29.547 50.069 59.5992 44.7307 
70.0697 47.8729 99.514 95.6987 40.0376 60.7211 52.9846 29.547 0 58.24 55.4596 70.0697 
89.2419 67.0451 41.274 37.4587 37.608 36.2867 20.0707 50.069 58.24 0 10.88 89.2419 
100.122 77.9251 45.7133 47.416 48.488 47.1666 30.9506 59.5992 55.4596 10.88 0 100.122 
0 0 0 0 0 0 0 0 0 0 0 0 
Printing tau_prime:
0 3.76202 10.1321 9.60155 7.52535 7.5702 9.7823 8.53572 12.4164 12.6433 14.164 0 
3.76202 0 9.78979 9.20023 4.17078 5.38785 6.96273 4.98002 8.66507 9.89446 11.2861 3.76202 
10.1321 9.78979 0 0.590854 8.42038 5.48999 6.90351 13.0663 14.2466 7.63793 8.97831 10.1321 
9.60155 9.20023 0.590854 0 7.87313 4.9467 6.47396 12.4976 13.7548 7.40005 8.79485 9.60155 
7.52535 4.17078 8.42038 7.87313 0 2.93106 3.0828 4.7727 6.2336 5.9088 7.19573 7.52535 
7.5702 5.38785 5.48999 4.9467 2.93106 0 2.54092 7.63685 8.92184 5.14369 6.71175 7.5702 
9.7823 6.96273 6.90351 6.47396 3.0828 2.54092 0 7.52196 7.49423 2.93411 4.39105 9.7823 
8.53572 4.98002 13.0663 12.4976 4.7727 7.63685 7.52196 0 4.33541 9.87974 10.7594 8.53572 
12.4164 8.66507 14.2466 13.7548 6.2336 8.92184 7.49423 4.33541 0 8.67119 8.92065 12.4164 
12.6433 9.89446 7.63793 7.40005 5.9088 5.14369 2.93411 9.87974 8.67119 0 1.58811 12.6433 
14.164 11.2861 8.97831 8.79485 7.19573 6.71175 4.39105 10.7594 8.92065 1.58811 0 14.164 
0 0 0 0 0 0 0 0 0 0 0 0 
Printing number of nodes: 11

Version identifier: 22.1.1.0 | 2022-11-28 | 9160aff4d
CPXPARAM_ClockType                               0
CPXPARAM_Emphasis_MIP                            2
CPXPARAM_MIP_Tolerances_Integrality              0
Tried aggregator 2 times.
MIP Presolve eliminated 426 rows and 1252 columns.
MIP Presolve modified 687 coefficients.
Aggregator did 39 substitutions.
Reduced MIP has 5522 rows, 424 columns, and 162913 nonzeros.
Reduced MIP has 414 binaries, 0 generals, 0 SOSs, and 0 indicators.
Presolve time = 0.10 sec. (343.31 ticks)
Found incumbent of value 595.061700 after 0.15 sec. (455.27 ticks)
Probing fixed 76 vars, tightened 0 bounds.
Probing changed sense of 3 constraints.
Probing time = 0.02 sec. (15.14 ticks)
Tried aggregator 2 times.
MIP Presolve eliminated 119 rows and 87 columns.
MIP Presolve modified 145 coefficients.
Aggregator did 3 substitutions.
Reduced MIP has 5399 rows, 334 columns, and 162123 nonzeros.
Reduced MIP has 324 binaries, 0 generals, 0 SOSs, and 0 indicators.
Presolve time = 0.17 sec. (501.69 ticks)
Probing changed sense of 27 constraints.
Probing time = 0.01 sec. (16.55 ticks)
Tried aggregator 1 time.
MIP Presolve eliminated 93 rows and 101 columns.
MIP Presolve added 2 rows and 0 columns.
MIP Presolve modified 54 coefficients.
Reduced MIP has 5307 rows, 233 columns, and 161710 nonzeros.
Reduced MIP has 224 binaries, 0 generals, 0 SOSs, and 0 indicators.
Presolve time = 0.08 sec. (229.44 ticks)
Probing time = 0.01 sec. (9.58 ticks)
Tried aggregator 1 time.
Detecting symmetries...
Reduced MIP has 5307 rows, 233 columns, and 161710 nonzeros.
Reduced MIP has 224 binaries, 0 generals, 0 SOSs, and 0 indicators.
Presolve time = 0.03 sec. (87.70 ticks)
Probing time = 0.01 sec. (10.70 ticks)
Clique table members: 10723.
MIP emphasis: optimality.
MIP search method: dynamic search.
Parallel mode: deterministic, using up to 20 threads.
Root relaxation solution time = 0.02 sec. (36.61 ticks)

        Nodes                                         Cuts/
   Node  Left     Objective  IInf  Best Integer    Best Bound    ItCnt     Gap

*     0+    0                          595.0617        0.0000           100.00%
*     0+    0                          423.4484        0.0000           100.00%
      0     0      213.9385    55      423.4484      213.9385      249   49.48%
*     0+    0                          279.5648      213.9385            23.47%
*     0+    0                          221.6897      213.9385             3.50%
      0     0        cutoff            221.6897      221.6897      302    0.00%
Elapsed time = 0.60 sec. (1579.82 ticks, tree = 0.01 MB, solutions = 4)

GUB cover cuts applied:  1
Clique cuts applied:  27
Implied bound cuts applied:  4
Zero-half cuts applied:  5
Lift and project cuts applied:  8
Gomory fractional cuts applied:  9

Root node processing (before b&c):
  Real time             =    0.60 sec. (1580.38 ticks)
Parallel b&c, 20 threads:
  Real time             =    0.00 sec. (0.00 ticks)
  Sync time (average)   =    0.00 sec.
  Wait time (average)   =    0.00 sec.
                          ------------
Total (root+branch&cut) =    0.60 sec. (1580.38 ticks)
Truck arcs:
0 3
1 11
2 10
3 2
4 1
6 4
10 9
customer 5 is served by drone
start of this sortie: 3
end of this sortie: 2

customer 7 is served by drone
start of this sortie: 6
end of this sortie: 4

customer 8 is served by drone
start of this sortie: 10
end of this sortie: 9

221.69
In write mode
