Instance name: /home/cuong/CLionProjects/uMV-FSTSP/50_dis_rand_ins/v8
Write arg val: 1

drone speed: 1 miles/minute
uav non-eligible customer: 1 11 
Printing tau:
0 15.5649 46.3296 51.6099 17.0193 23.0835 40.8015 43.3187 33.6276 88.1378 83.7386 0 
15.5649 0 56.7296 67.1748 32.5842 38.6483 56.3664 58.8835 36.8518 103.703 99.3035 15.5649 
46.3296 56.7296 0 10.4451 39.2916 39.0486 41.2301 84.789 79.9572 48.9718 50.3386 46.3296 
51.6099 67.1748 10.4451 0 39.8532 39.6101 41.7917 85.3506 80.5187 49.5333 50.9001 51.6099 
17.0193 32.5842 39.2916 39.8532 0 6.06418 23.7822 45.4974 40.6656 71.1185 66.7193 17.0193 
23.0835 38.6483 39.0486 39.6101 6.06418 0 17.7181 45.7404 40.9086 65.0543 60.6551 23.0835 
40.8015 56.3664 41.2301 41.7917 23.7822 17.7181 0 43.5589 38.7271 47.3362 42.9371 40.8015 
43.3187 58.8835 84.789 85.3506 45.4974 45.7404 43.5589 0 23.3788 44.8191 40.4199 43.3187 
33.6276 36.8518 79.9572 80.5187 40.6656 40.9086 38.7271 23.3788 0 68.1979 63.7988 33.6276 
88.1378 103.703 48.9718 49.5333 71.1185 65.0543 47.3362 44.8191 68.1979 0 4.39918 88.1378 
83.7386 99.3035 50.3386 50.9001 66.7193 60.6551 42.9371 40.4199 63.7988 4.39918 0 83.7386 
0 0 0 0 0 0 0 0 0 0 0 0 
Printing tau_prime:
0 2.24794 8.76467 9.8614 2.60457 3.42304 5.8151 8.19223 5.52885 12.4702 11.856 0 
2.24794 0 10.076 11.3307 4.63955 5.49573 7.97582 10.2027 7.2369 14.6892 14.0808 2.24794 
8.76467 10.076 0 1.4793 6.52201 6.0856 5.83105 11.9948 11.6993 9.59656 9.32363 8.76467 
9.8614 11.3307 1.4793 0 7.46295 6.90322 6.1047 12.1272 12.2362 8.70384 8.51243 9.8614 
2.60457 4.63955 6.52201 7.46295 0 0.858293 3.37447 7.43192 5.7658 10.1504 9.564 2.60457 
3.42304 5.49573 6.0856 6.90322 0.858293 0 2.52463 7.0734 5.80241 9.30648 8.72526 3.42304 
5.8151 7.97582 5.83105 6.1047 3.37447 2.52463 0 6.17044 6.22093 6.78329 6.20734 5.8151 
8.19223 10.2027 11.9948 12.1272 7.43192 7.0734 6.17044 0 3.37614 8.11372 7.5108 8.19223 
5.52885 7.2369 11.6993 12.2362 5.7658 5.80241 6.22093 3.37614 0 10.5934 9.94741 5.52885 
12.4702 14.6892 9.59656 8.70384 10.1504 9.30648 6.78329 8.11372 10.5934 0 0.651472 12.4702 
11.856 14.0808 9.32363 8.51243 9.564 8.72526 6.20734 7.5108 9.94741 0.651472 0 11.856 
0 0 0 0 0 0 0 0 0 0 0 0 
Printing number of nodes: 11

Version identifier: 22.1.1.0 | 2022-11-28 | 9160aff4d
CPXPARAM_ClockType                               0
CPXPARAM_Emphasis_MIP                            2
CPXPARAM_MIP_Tolerances_Integrality              0
Tried aggregator 2 times.
MIP Presolve eliminated 532 rows and 1204 columns.
MIP Presolve modified 732 coefficients.
Aggregator did 32 substitutions.
Reduced MIP has 5567 rows, 479 columns, and 160958 nonzeros.
Reduced MIP has 470 binaries, 0 generals, 0 SOSs, and 0 indicators.
Presolve time = 0.10 sec. (395.74 ticks)
Found incumbent of value 577.993600 after 0.15 sec. (505.18 ticks)
Probing fixed 91 vars, tightened 0 bounds.
Probing changed sense of 14 constraints.
Probing time = 0.02 sec. (19.61 ticks)
Cover probing fixed 4 vars, tightened 0 bounds.
Tried aggregator 2 times.
MIP Presolve eliminated 151 rows and 132 columns.
MIP Presolve modified 199 coefficients.
Aggregator did 3 substitutions.
Reduced MIP has 5411 rows, 344 columns, and 159971 nonzeros.
Reduced MIP has 335 binaries, 0 generals, 0 SOSs, and 0 indicators.
Presolve time = 0.12 sec. (322.66 ticks)
Probing changed sense of 12 constraints.
Probing time = 0.01 sec. (15.65 ticks)
Tried aggregator 1 time.
MIP Presolve eliminated 79 rows and 88 columns.
MIP Presolve modified 93 coefficients.
Reduced MIP has 5331 rows, 256 columns, and 159593 nonzeros.
Reduced MIP has 249 binaries, 0 generals, 0 SOSs, and 0 indicators.
Presolve time = 0.09 sec. (243.27 ticks)
Probing time = 0.01 sec. (9.64 ticks)
Tried aggregator 1 time.
Detecting symmetries...
MIP Presolve eliminated 1 rows and 0 columns.
MIP Presolve modified 13 coefficients.
Reduced MIP has 5330 rows, 256 columns, and 159588 nonzeros.
Reduced MIP has 249 binaries, 0 generals, 0 SOSs, and 0 indicators.
Presolve time = 0.03 sec. (85.35 ticks)
Probing time = 0.01 sec. (11.20 ticks)
Clique table members: 13505.
MIP emphasis: optimality.
MIP search method: dynamic search.
Parallel mode: deterministic, using up to 20 threads.
Root relaxation solution time = 0.06 sec. (56.53 ticks)

        Nodes                                         Cuts/
   Node  Left     Objective  IInf  Best Integer    Best Bound    ItCnt     Gap

*     0+    0                          577.9936       24.1298            95.83%
      0     0      163.9529    81      577.9936      163.9529      550   71.63%
*     0+    0                          238.6361      163.9529            31.30%
      0     0      167.4837    76      238.6361      Cuts: 87      650   29.82%
*     0+    0                          192.4133      167.4837            12.96%
*     0+    0                          179.7238      167.4837             6.81%
      0     0        cutoff            179.7238      179.7238      716    0.00%
Elapsed time = 0.69 sec. (1722.25 ticks, tree = 0.01 MB, solutions = 4)

Clique cuts applied:  45
Implied bound cuts applied:  14
Flow cuts applied:  2
Mixed integer rounding cuts applied:  5
Zero-half cuts applied:  7
Lift and project cuts applied:  16
Gomory fractional cuts applied:  3

Root node processing (before b&c):
  Real time             =    0.69 sec. (1722.80 ticks)
Parallel b&c, 20 threads:
  Real time             =    0.00 sec. (0.00 ticks)
  Sync time (average)   =    0.00 sec.
  Wait time (average)   =    0.00 sec.
                          ------------
Total (root+branch&cut) =    0.69 sec. (1722.80 ticks)
Truck arcs:
0 1
1 2
2 3
3 6
4 11
5 4
6 5
customer 7 is served by drone
start of this sortie: 4
end of this sortie: 11

customer 8 is served by drone
start of this sortie: 0
end of this sortie: 1

customer 9 is served by drone
start of this sortie: 6
end of this sortie: 5

customer 10 is served by drone
start of this sortie: 2
end of this sortie: 3

179.724
In write mode
