Instance name: /home/cuong/CLionProjects/uMV-FSTSP/50_dis_rand_ins/v80
Write arg val: 1

drone speed: 1 miles/minute
uav non-eligible customer: 7 8 11 
Printing tau:
0 5.66941 67.9162 49.7619 33.6077 23.7416 35.2447 46.6697 46.1233 70.4788 75.1651 0 
5.66941 0 62.2468 44.0925 37.7402 27.8741 39.3772 52.3391 50.2559 74.6114 79.2977 5.66941 
67.9162 62.2468 0 18.1543 52.7772 64.5978 75.4063 114.586 108.843 76.0107 51.0888 67.9162 
49.7619 44.0925 18.1543 0 34.6229 46.4435 57.252 96.4315 90.6882 57.8564 58.7964 49.7619 
33.6077 37.7402 52.7772 34.6229 0 11.8206 22.6291 61.8086 56.0653 36.8711 41.5574 33.6077 
23.7416 27.8741 64.5978 46.4435 11.8206 0 11.5031 49.988 44.2447 46.7372 51.4236 23.7416 
35.2447 39.3772 75.4063 57.252 22.6291 11.5031 0 39.1795 33.4362 35.2341 39.9205 35.2447 
46.6697 52.3391 114.586 96.4315 61.8086 49.988 39.1795 0 27.1613 51.5167 63.4971 46.6697 
46.1233 50.2559 108.843 90.6882 56.0653 44.2447 33.4362 27.1613 0 32.8318 57.7537 46.1233 
70.4788 74.6114 76.0107 57.8564 36.8711 46.7372 35.2341 51.5167 32.8318 0 24.922 70.4788 
75.1651 79.2977 51.0888 58.7964 41.5574 51.4236 39.9205 63.4971 57.7537 24.922 0 75.1651 
0 0 0 0 0 0 0 0 0 0 0 0 
Printing tau_prime:
0 0.992173 10.705 7.40834 5.2128 3.3902 5.09566 7.12407 8.72046 10.0327 10.8931 0 
0.992173 0 10.2813 6.87669 5.50272 3.956 5.87152 8.09041 9.69207 10.7297 11.3249 0.992173 
10.705 10.2813 0 3.52283 7.46387 9.2376 10.6672 16.3335 15.497 11.9587 9.32979 10.705 
7.40834 6.87669 3.52283 0 5.46979 6.65035 8.52536 13.6424 13.4979 11.2029 9.53068 7.40834 
5.2128 5.50272 7.46387 5.46979 0 2.17746 3.20859 8.98309 8.12398 6.16324 5.88196 5.2128 
3.3902 3.956 9.2376 6.65035 2.17746 0 2.23224 7.10161 7.01218 6.80386 7.51914 3.3902 
5.09566 5.87152 10.6672 8.52536 3.20859 2.23224 0 6.00027 4.97258 4.98359 6.61057 5.09566 
7.12407 8.09041 16.3335 13.6424 8.98309 7.10161 6.00027 0 3.92612 9.10166 11.9922 7.12407 
8.72046 9.69207 15.497 13.4979 8.12398 7.01218 4.97258 3.92612 0 5.7812 9.14212 8.72046 
10.0327 10.7297 11.9587 11.2029 6.16324 6.80386 4.98359 9.10166 5.7812 0 3.58627 10.0327 
10.8931 11.3249 9.32979 9.53068 5.88196 7.51914 6.61057 11.9922 9.14212 3.58627 0 10.8931 
0 0 0 0 0 0 0 0 0 0 0 0 
Printing number of nodes: 11

Version identifier: 22.1.1.0 | 2022-11-28 | 9160aff4d
CPXPARAM_ClockType                               0
CPXPARAM_Emphasis_MIP                            2
CPXPARAM_MIP_Tolerances_Integrality              0
Tried aggregator 3 times.
MIP Presolve eliminated 1020 rows and 1299 columns.
MIP Presolve modified 649 coefficients.
Aggregator did 54 substitutions.
Reduced MIP has 5201 rows, 362 columns, and 148784 nonzeros.
Reduced MIP has 354 binaries, 0 generals, 0 SOSs, and 0 indicators.
Presolve time = 0.12 sec. (446.33 ticks)
Found incumbent of value 563.629910 after 0.16 sec. (530.31 ticks)
Probing fixed 76 vars, tightened 0 bounds.
Probing changed sense of 19 constraints.
Probing time = 0.01 sec. (13.47 ticks)
Cover probing fixed 4 vars, tightened 0 bounds.
Tried aggregator 2 times.
MIP Presolve eliminated 119 rows and 88 columns.
MIP Presolve modified 78 coefficients.
Aggregator did 1 substitutions.
Reduced MIP has 5081 rows, 273 columns, and 148001 nonzeros.
Reduced MIP has 265 binaries, 0 generals, 0 SOSs, and 0 indicators.
Presolve time = 0.08 sec. (222.85 ticks)
Probing fixed 6 vars, tightened 0 bounds.
Probing changed sense of 20 constraints.
Probing time = 0.01 sec. (13.04 ticks)
Tried aggregator 1 time.
MIP Presolve eliminated 84 rows and 75 columns.
MIP Presolve modified 69 coefficients.
Reduced MIP has 4994 rows, 198 columns, and 147627 nonzeros.
Reduced MIP has 191 binaries, 0 generals, 0 SOSs, and 0 indicators.
Presolve time = 0.05 sec. (123.42 ticks)
Probing changed sense of 3 constraints.
Probing time = 0.01 sec. (7.83 ticks)
Tried aggregator 1 time.
Detecting symmetries...
MIP Presolve eliminated 3 rows and 1 columns.
MIP Presolve modified 4 coefficients.
Reduced MIP has 4991 rows, 197 columns, and 147618 nonzeros.
Reduced MIP has 190 binaries, 0 generals, 0 SOSs, and 0 indicators.
Presolve time = 0.03 sec. (85.45 ticks)
Probing time = 0.01 sec. (9.07 ticks)
Clique table members: 7759.
MIP emphasis: optimality.
MIP search method: dynamic search.
Parallel mode: deterministic, using up to 20 threads.
Root relaxation solution time = 0.03 sec. (32.66 ticks)

        Nodes                                         Cuts/
   Node  Left     Objective  IInf  Best Integer    Best Bound    ItCnt     Gap

*     0+    0                          563.6299       -4.0000           100.71%
      0     0      223.7495    30      563.6299      223.7495      143   60.30%
*     0+    0                          376.1329      223.7495            40.51%
*     0+    0                          229.7533      223.7495             2.61%
      0     0        cutoff            229.7533      229.7533      147    0.00%
Elapsed time = 0.61 sec. (1797.10 ticks, tree = 0.01 MB, solutions = 3)

Clique cuts applied:  10
Zero-half cuts applied:  2
Gomory fractional cuts applied:  1

Root node processing (before b&c):
  Real time             =    0.61 sec. (1797.60 ticks)
Parallel b&c, 20 threads:
  Real time             =    0.00 sec. (0.00 ticks)
  Sync time (average)   =    0.00 sec.
  Wait time (average)   =    0.00 sec.
                          ------------
Total (root+branch&cut) =    0.61 sec. (1797.60 ticks)
Truck arcs:
0 1
1 4
4 5
5 6
6 9
7 11
8 7
9 8
customer 2 is served by drone
start of this sortie: 4
end of this sortie: 5

customer 3 is served by drone
start of this sortie: 0
end of this sortie: 1

customer 10 is served by drone
start of this sortie: 5
end of this sortie: 6

229.753
In write mode
