Instance name: /home/cuong/CLionProjects/uMV-FSTSP/50_dis_rand_ins/v83
Write arg val: 1

drone speed: 1 miles/minute
uav non-eligible customer: 2 11 
Printing tau:
0 24.1706 53.6892 62.2192 31.7124 26.9951 46.634 27.9177 31.2104 81.6358 70.7866 0 
24.1706 0 74.2314 50.6462 55.8829 51.1657 70.8046 45.2328 55.3809 105.806 94.9572 24.1706 
53.6892 74.2314 0 23.5851 56.1199 40.5083 47.263 81.6069 80.7281 54.8005 56.4729 53.6892 
62.2192 50.6462 23.5851 0 64.6499 49.0383 55.793 90.1369 89.2581 63.3306 65.0029 62.2192 
31.7124 55.8829 56.1199 64.6499 0 15.6116 14.9217 25.4871 24.6082 49.9234 39.0743 31.7124 
26.9951 51.1657 40.5083 49.0383 15.6116 0 19.6389 41.0986 40.2198 54.6407 43.7915 26.9951 
46.634 70.8046 47.263 55.793 14.9217 19.6389 0 34.3439 33.4651 35.0018 24.1526 46.634 
27.9177 45.2328 81.6069 90.1369 25.4871 41.0986 34.3439 0 10.1481 60.5736 49.7244 27.9177 
31.2104 55.3809 80.7281 89.2581 24.6082 40.2198 33.4651 10.1481 0 50.4254 39.5763 31.2104 
81.6358 105.806 54.8005 63.3306 49.9234 54.6407 35.0018 60.5736 50.4254 0 10.8492 81.6358 
70.7866 94.9572 56.4729 65.0029 39.0743 43.7915 24.1526 49.7244 39.5763 10.8492 0 70.7866 
0 0 0 0 0 0 0 0 0 0 0 0 
Printing tau_prime:
0 4.08109 10.3813 9.56263 4.49796 4.24847 6.65737 4.94574 5.83984 11.5461 10.0185 0 
4.08109 0 11.7886 9.71906 8.31144 7.24515 10.1 8.89294 9.89874 15.1524 13.6828 4.08109 
10.3813 11.7886 0 3.54688 8.34998 6.59234 6.70154 12.2479 11.7238 8.94436 8.50734 10.3813 
9.56263 9.71906 3.54688 0 9.17282 6.93545 8.38954 12.7703 12.6407 11.8772 11.1255 9.56263 
4.49796 8.31144 8.34998 9.17282 0 2.3064 2.45398 3.90645 3.48085 7.06271 5.52616 4.49796 
4.24847 7.24515 6.59234 6.93545 2.3064 0 2.93705 5.87247 5.71909 7.98733 6.59176 4.24847 
6.65737 10.1 6.70154 8.38954 2.45398 2.93705 0 6.05545 5.21114 5.06348 3.6556 6.65737 
4.94574 8.89294 12.2479 12.7703 3.90645 5.87247 6.05545 0 1.44053 9.36775 7.87939 4.94574 
5.83984 9.89874 11.7238 12.6407 3.48085 5.71909 5.21114 1.44053 0 8.01868 6.56445 5.83984 
11.5461 15.1524 8.94436 11.8772 7.06271 7.98733 5.06348 9.36775 8.01868 0 1.55243 11.5461 
10.0185 13.6828 8.50734 11.1255 5.52616 6.59176 3.6556 7.87939 6.56445 1.55243 0 10.0185 
0 0 0 0 0 0 0 0 0 0 0 0 
Printing number of nodes: 11

Version identifier: 22.1.1.0 | 2022-11-28 | 9160aff4d
CPXPARAM_ClockType                               0
CPXPARAM_Emphasis_MIP                            2
CPXPARAM_MIP_Tolerances_Integrality              0
Tried aggregator 2 times.
MIP Presolve eliminated 645 rows and 1311 columns.
MIP Presolve modified 678 coefficients.
Aggregator did 30 substitutions.
Reduced MIP has 5456 rows, 374 columns, and 160195 nonzeros.
Reduced MIP has 365 binaries, 0 generals, 0 SOSs, and 0 indicators.
Presolve time = 0.10 sec. (355.33 ticks)
Found incumbent of value 629.423600 after 0.15 sec. (444.77 ticks)
Probing fixed 54 vars, tightened 0 bounds.
Probing changed sense of 16 constraints.
Probing time = 0.01 sec. (14.73 ticks)
Tried aggregator 2 times.
MIP Presolve eliminated 89 rows and 63 columns.
MIP Presolve modified 63 coefficients.
Aggregator did 2 substitutions.
Reduced MIP has 5365 rows, 309 columns, and 159641 nonzeros.
Reduced MIP has 300 binaries, 0 generals, 0 SOSs, and 0 indicators.
Presolve time = 0.11 sec. (285.38 ticks)
Probing changed sense of 22 constraints.
Probing time = 0.15 sec. (14.23 ticks)
Tried aggregator 1 time.
MIP Presolve eliminated 74 rows and 88 columns.
MIP Presolve modified 27 coefficients.
Reduced MIP has 5291 rows, 221 columns, and 159298 nonzeros.
Reduced MIP has 215 binaries, 0 generals, 0 SOSs, and 0 indicators.
Presolve time = 0.07 sec. (191.20 ticks)
Probing time = 0.04 sec. (8.98 ticks)
Tried aggregator 1 time.
Detecting symmetries...
Reduced MIP has 5291 rows, 221 columns, and 159298 nonzeros.
Reduced MIP has 215 binaries, 0 generals, 0 SOSs, and 0 indicators.
Presolve time = 0.03 sec. (84.75 ticks)
Probing time = 0.01 sec. (10.62 ticks)
Clique table members: 8926.
MIP emphasis: optimality.
MIP search method: dynamic search.
Parallel mode: deterministic, using up to 20 threads.
Root relaxation solution time = 0.02 sec. (35.98 ticks)

        Nodes                                         Cuts/
   Node  Left     Objective  IInf  Best Integer    Best Bound    ItCnt     Gap

*     0+    0                          629.4236        0.0000           100.00%
      0     0      226.3658    24      629.4236      226.3658      207   64.04%
*     0+    0                          249.2701      226.3658             9.19%
      0     0      232.7100    66      249.2701      Cuts: 14      294    6.64%
*     0+    0                          238.6725      232.7100             2.50%
      0     0        cutoff            238.6725      238.6725      313    0.00%
Elapsed time = 0.86 sec. (1750.21 ticks, tree = 0.01 MB, solutions = 3)

Clique cuts applied:  23
Implied bound cuts applied:  7
Flow cuts applied:  1
Mixed integer rounding cuts applied:  1
Lift and project cuts applied:  1
Gomory fractional cuts applied:  4

Root node processing (before b&c):
  Real time             =    0.86 sec. (1750.75 ticks)
Parallel b&c, 20 threads:
  Real time             =    0.00 sec. (0.00 ticks)
  Sync time (average)   =    0.00 sec.
  Wait time (average)   =    0.00 sec.
                          ------------
Total (root+branch&cut) =    0.86 sec. (1750.75 ticks)
Truck arcs:
0 3
2 5
3 2
4 6
5 4
6 8
7 11
8 7
customer 1 is served by drone
start of this sortie: 5
end of this sortie: 4

customer 9 is served by drone
start of this sortie: 4
end of this sortie: 6

customer 10 is served by drone
start of this sortie: 8
end of this sortie: 7

238.673
In write mode
