Instance name: /home/cuong/CLionProjects/uMV-FSTSP/50_dis_rand_ins/v84
Write arg val: 1

drone speed: 1 miles/minute
uav non-eligible customer: 9 11 
Printing tau:
0 17.062 40.493 34.1783 35.8152 29.6398 45.7589 39.8786 35.0654 80.9328 71.2421 0 
17.062 0 52.2029 50.0518 47.5252 41.3497 57.4689 46.8632 44.5823 92.6427 82.952 17.062 
40.493 52.2029 0 7.17701 33.355 27.4496 28.8783 65.6914 60.8782 40.4398 36.3516 40.493 
34.1783 50.0518 7.17701 0 40.532 34.6266 36.0553 72.8684 68.0552 46.7545 43.5286 34.1783 
35.8152 47.5252 33.355 40.532 0 6.17545 9.94369 32.3364 27.5231 45.1176 35.4268 35.8152 
29.6398 41.3497 27.4496 34.6266 6.17545 0 16.1191 38.2418 33.4286 51.293 41.6023 29.6398 
45.7589 57.4689 28.8783 36.0553 9.94369 16.1191 0 36.8131 31.9999 35.1739 25.4831 45.7589 
39.8786 46.8632 65.6914 72.8684 32.3364 38.2418 36.8131 0 4.81326 45.7795 36.0888 39.8786 
35.0654 44.5823 60.8782 68.0552 27.5231 33.4286 31.9999 4.81326 0 48.0604 38.3697 35.0654 
80.9328 92.6427 40.4398 46.7545 45.1176 51.293 35.1739 45.7795 48.0604 0 9.69074 80.9328 
71.2421 82.952 36.3516 43.5286 35.4268 41.6023 25.4831 36.0888 38.3697 9.69074 0 71.2421 
0 0 0 0 0 0 0 0 0 0 0 0 
Printing tau_prime:
0 2.92655 6.79115 6.71786 5.17613 4.19809 6.4858 7.51806 6.79732 11.487 10.1848 0 
2.92655 0 9.55342 9.60303 6.85459 6.24137 8.36489 7.37124 6.79956 13.1804 11.7674 2.92655 
6.79115 9.55342 0 1.35193 4.76327 4.17438 4.15135 9.32081 8.67666 7.35512 6.73341 6.79115 
6.71786 9.60303 1.35193 0 5.73677 4.93882 5.35555 10.3061 9.62623 8.69073 8.08512 6.71786 
5.17613 6.85459 4.76327 5.73677 0 1.20839 1.54219 4.57402 3.91455 6.38125 5.028 5.17613 
4.19809 6.24137 4.17438 4.93882 1.20839 0 2.28853 5.46413 4.74957 7.29188 6.01663 4.19809 
6.4858 8.36489 4.15135 5.35555 1.54219 2.28853 0 5.41791 4.87864 5.00366 3.75564 6.4858 
7.51806 7.37124 9.32081 10.3061 4.57402 5.46413 5.41791 0 0.753258 7.97994 6.57758 7.51806 
6.79732 6.79956 8.67666 9.62623 3.91455 4.74957 4.87864 0.753258 0 7.8786 6.44016 6.79732 
11.487 13.1804 7.35512 8.69073 6.38125 7.29188 5.00366 7.97994 7.8786 0 1.46437 11.487 
10.1848 11.7674 6.73341 8.08512 5.028 6.01663 3.75564 6.57758 6.44016 1.46437 0 10.1848 
0 0 0 0 0 0 0 0 0 0 0 0 
Printing number of nodes: 11

Version identifier: 22.1.1.0 | 2022-11-28 | 9160aff4d
CPXPARAM_ClockType                               0
CPXPARAM_Emphasis_MIP                            2
CPXPARAM_MIP_Tolerances_Integrality              0
Tried aggregator 3 times.
MIP Presolve eliminated 532 rows and 1187 columns.
MIP Presolve modified 891 coefficients.
Aggregator did 32 substitutions.
Reduced MIP has 5567 rows, 496 columns, and 161020 nonzeros.
Reduced MIP has 487 binaries, 0 generals, 0 SOSs, and 0 indicators.
Presolve time = 0.12 sec. (462.79 ticks)
Found incumbent of value 404.131400 after 0.16 sec. (554.74 ticks)
Probing fixed 40 vars, tightened 0 bounds.
Probing changed sense of 15 constraints.
Probing time = 0.02 sec. (19.36 ticks)
Cover probing fixed 4 vars, tightened 0 bounds.
Tried aggregator 2 times.
MIP Presolve eliminated 59 rows and 68 columns.
MIP Presolve modified 100 coefficients.
Aggregator did 7 substitutions.
Reduced MIP has 5501 rows, 421 columns, and 160557 nonzeros.
Reduced MIP has 412 binaries, 0 generals, 0 SOSs, and 0 indicators.
Presolve time = 0.13 sec. (340.39 ticks)
Probing fixed 1 vars, tightened 0 bounds.
Probing changed sense of 7 constraints.
Probing time = 0.02 sec. (19.14 ticks)
Tried aggregator 1 time.
MIP Presolve eliminated 102 rows and 109 columns.
MIP Presolve modified 112 coefficients.
Reduced MIP has 5399 rows, 312 columns, and 160008 nonzeros.
Reduced MIP has 303 binaries, 0 generals, 0 SOSs, and 0 indicators.
Presolve time = 0.05 sec. (133.09 ticks)
Probing time = 0.01 sec. (11.90 ticks)
Tried aggregator 1 time.
Detecting symmetries...
Reduced MIP has 5399 rows, 312 columns, and 160008 nonzeros.
Reduced MIP has 303 binaries, 0 generals, 0 SOSs, and 0 indicators.
Presolve time = 0.03 sec. (86.05 ticks)
Probing time = 0.01 sec. (12.44 ticks)
Clique table members: 18126.
MIP emphasis: optimality.
MIP search method: dynamic search.
Parallel mode: deterministic, using up to 20 threads.
Root relaxation solution time = 0.05 sec. (47.78 ticks)

        Nodes                                         Cuts/
   Node  Left     Objective  IInf  Best Integer    Best Bound    ItCnt     Gap

*     0+    0                          404.1314       -7.0000           101.73%
      0     0      178.3172    57      404.1314      178.3172      445   55.88%
*     0+    0                          287.4585      178.3172            37.97%
*     0+    0                          180.3247      178.3172             1.11%
      0     0        cutoff            180.3247      180.3247      460    0.00%
Elapsed time = 0.87 sec. (2538.61 ticks, tree = 0.01 MB, solutions = 3)

GUB cover cuts applied:  1
Clique cuts applied:  51
Implied bound cuts applied:  10
Flow cuts applied:  2
Mixed integer rounding cuts applied:  1
Zero-half cuts applied:  16
Gomory fractional cuts applied:  8

Root node processing (before b&c):
  Real time             =    0.87 sec. (2539.15 ticks)
Parallel b&c, 20 threads:
  Real time             =    0.00 sec. (0.00 ticks)
  Sync time (average)   =    0.00 sec.
  Wait time (average)   =    0.00 sec.
                          ------------
Total (root+branch&cut) =    0.87 sec. (2539.15 ticks)
Truck arcs:
0 3
2 9
3 2
4 5
5 11
6 4
9 10
10 6
customer 1 is served by drone
start of this sortie: 4
end of this sortie: 5

customer 7 is served by drone
start of this sortie: 6
end of this sortie: 4

customer 8 is served by drone
start of this sortie: 9
end of this sortie: 10

180.325
In write mode
