Instance name: /home/cuong/CLionProjects/uMV-FSTSP/50_dis_rand_ins/v9
Write arg val: 1

drone speed: 1 miles/minute
uav non-eligible customer: 1 11 
Printing tau:
0 28.1831 33.575 46.8039 50.467 46.8634 40.0251 56.3663 54.0425 86.8268 81.2761 0 
28.1831 0 47.7269 74.987 78.65 75.0464 68.2082 69.4241 47.4454 115.01 109.459 28.1831 
33.575 47.7269 0 27.26 36.5616 46.6586 34.3992 89.9413 87.6175 67.2829 61.7322 33.575 
46.8039 74.987 27.26 0 39.6296 49.7265 37.4672 93.0093 90.6855 46.5437 46.4781 46.8039 
50.467 78.65 36.5616 39.6296 0 10.097 10.4419 53.3797 51.0559 36.3598 30.8091 50.467 
46.8634 75.0464 46.6586 49.7265 10.097 0 12.2594 43.2827 40.9589 39.9634 34.4127 46.8634 
40.0251 68.2082 34.3992 37.4672 10.4419 12.2594 0 55.5421 53.2183 46.8017 41.251 40.0251 
56.3663 69.4241 89.9413 93.0093 53.3797 43.2827 55.5421 0 24.8802 46.4656 46.5311 56.3663 
54.0425 47.4454 87.6175 90.6855 51.0559 40.9589 53.2183 24.8802 0 70.4659 64.9153 54.0425 
86.8268 115.01 67.2829 46.5437 36.3598 39.9634 46.8017 46.4656 70.4659 0 5.55069 86.8268 
81.2761 109.459 61.7322 46.4781 30.8091 34.4127 41.251 46.5311 64.9153 5.55069 0 81.2761 
0 0 0 0 0 0 0 0 0 0 0 0 
Printing tau_prime:
0 4.09343 5.49408 8.40632 7.14959 6.88092 5.6616 9.87722 7.98532 12.3587 11.578 0 
4.09343 0 8.82231 12.2415 11.1345 10.6527 9.68058 12.0803 9.20351 16.2716 15.4866 4.09343 
5.49408 8.82231 0 3.87949 6.77198 7.6464 5.66177 13.0845 12.3992 11.3288 10.6727 5.49408 
8.40632 12.2415 3.87949 0 5.62836 7.0324 5.38468 13.177 13.5282 8.68118 8.18358 8.40632 
7.14959 11.1345 6.77198 5.62836 0 1.51614 1.50804 7.66095 8.68324 5.2342 4.46342 7.14959 
6.88092 10.6527 7.6464 7.0324 1.51614 0 1.98521 6.17253 7.22224 5.66958 4.88833 6.88092 
5.6616 9.68058 5.66177 5.38468 1.50804 1.98521 0 7.85672 8.23673 6.74208 5.97133 5.6616 
9.87722 12.0803 13.0845 13.177 7.66095 6.17253 7.85672 0 3.5339 9.20555 8.68096 9.87722 
7.98532 9.20351 12.3992 13.5282 8.68324 7.22224 8.23673 3.5339 0 11.7592 11.107 7.98532 
12.3587 16.2716 11.3288 8.68118 5.2342 5.66958 6.74208 9.20555 11.7592 0 0.785041 12.3587 
11.578 15.4866 10.6727 8.18358 4.46342 4.88833 5.97133 8.68096 11.107 0.785041 0 11.578 
0 0 0 0 0 0 0 0 0 0 0 0 
Printing number of nodes: 11

Version identifier: 22.1.1.0 | 2022-11-28 | 9160aff4d
CPXPARAM_ClockType                               0
CPXPARAM_Emphasis_MIP                            2
CPXPARAM_MIP_Tolerances_Integrality              0
Tried aggregator 2 times.
MIP Presolve eliminated 659 rows and 1316 columns.
MIP Presolve modified 592 coefficients.
Aggregator did 45 substitutions.
Reduced MIP has 5427 rows, 354 columns, and 160062 nonzeros.
Reduced MIP has 345 binaries, 0 generals, 0 SOSs, and 0 indicators.
Presolve time = 0.09 sec. (316.33 ticks)
Found incumbent of value 597.197800 after 0.13 sec. (404.85 ticks)
Probing fixed 56 vars, tightened 0 bounds.
Probing changed sense of 6 constraints.
Probing time = 0.02 sec. (12.92 ticks)
Tried aggregator 1 time.
MIP Presolve eliminated 97 rows and 58 columns.
MIP Presolve modified 105 coefficients.
Reduced MIP has 5330 rows, 296 columns, and 159467 nonzeros.
Reduced MIP has 287 binaries, 0 generals, 0 SOSs, and 0 indicators.
Presolve time = 0.05 sec. (133.08 ticks)
Probing changed sense of 30 constraints.
Probing time = 0.01 sec. (13.49 ticks)
Tried aggregator 1 time.
MIP Presolve eliminated 85 rows and 65 columns.
MIP Presolve added 6 rows and 0 columns.
MIP Presolve modified 46 coefficients.
Reduced MIP has 5251 rows, 231 columns, and 159144 nonzeros.
Reduced MIP has 225 binaries, 0 generals, 0 SOSs, and 0 indicators.
Presolve time = 0.08 sec. (230.40 ticks)
Probing time = 0.01 sec. (9.97 ticks)
Tried aggregator 1 time.
Detecting symmetries...
Reduced MIP has 5251 rows, 231 columns, and 159144 nonzeros.
Reduced MIP has 225 binaries, 0 generals, 0 SOSs, and 0 indicators.
Presolve time = 0.03 sec. (83.98 ticks)
Probing time = 0.01 sec. (11.26 ticks)
Clique table members: 11317.
MIP emphasis: optimality.
MIP search method: dynamic search.
Parallel mode: deterministic, using up to 20 threads.
Root relaxation solution time = 0.02 sec. (38.59 ticks)

        Nodes                                         Cuts/
   Node  Left     Objective  IInf  Best Integer    Best Bound    ItCnt     Gap

*     0+    0                          597.1978        0.0000           100.00%
      0     0      234.8564    68      597.1978      234.8564      207   60.67%
*     0+    0                          253.3281      234.8564             7.29%
      0     0        cutoff            253.3281      253.3281      364    0.00%
Elapsed time = 0.56 sec. (1425.89 ticks, tree = 0.01 MB, solutions = 2)

Clique cuts applied:  49
Implied bound cuts applied:  6
Flow cuts applied:  1
Mixed integer rounding cuts applied:  2
Zero-half cuts applied:  9
Gomory fractional cuts applied:  10

Root node processing (before b&c):
  Real time             =    0.56 sec. (1426.42 ticks)
Parallel b&c, 20 threads:
  Real time             =    0.00 sec. (0.00 ticks)
  Sync time (average)   =    0.00 sec.
  Wait time (average)   =    0.00 sec.
                          ------------
Total (root+branch&cut) =    0.56 sec. (1426.42 ticks)
Truck arcs:
0 6
1 11
6 5
7 8
8 1
9 7
10 9
customer 2 is served by drone
start of this sortie: 6
end of this sortie: 5

253.328
In write mode
