Instance name: /home/cuong/CLionProjects/uMV-FSTSP/50_dis_rand_ins/v90
Write arg val: 1

drone speed: 1 miles/minute
uav non-eligible customer: 5 11 
Printing tau:
0 9.92692 34.8918 38.6534 34.7988 38.5688 27.6028 45.5057 56.7674 70.277 89.6882 0 
9.92692 0 35.9264 28.7265 42.2185 45.9885 35.0225 55.4326 66.6943 77.6968 97.1079 9.92692 
34.8918 35.9264 0 10.8256 42.9839 39.1796 38.3113 80.3975 91.6592 41.7704 61.1815 34.8918 
38.6534 28.7265 10.8256 0 46.7455 42.9412 42.0729 84.1591 95.4208 52.5959 72.007 38.6534 
34.7988 42.2185 42.9839 46.7455 0 3.80427 7.19599 37.4136 48.6753 35.4783 54.8894 34.7988 
38.5688 45.9885 39.1796 42.9412 3.80427 0 10.966 41.2178 52.4796 31.7082 51.1194 38.5688 
27.6028 35.0225 38.3113 42.0729 7.19599 10.966 0 42.0862 53.3479 42.6743 62.0854 27.6028 
45.5057 55.4326 80.3975 84.1591 37.4136 41.2178 42.0862 0 13.3418 38.6655 48.584 45.5057 
56.7674 66.6943 91.6592 95.4208 48.6753 52.4796 53.3479 13.3418 0 49.9272 61.9257 56.7674 
70.277 77.6968 41.7704 52.5959 35.4783 31.7082 42.6743 38.6655 49.9272 0 19.4111 70.277 
89.6882 97.1079 61.1815 72.007 54.8894 51.1194 62.0854 48.584 61.9257 19.4111 0 89.6882 
0 0 0 0 0 0 0 0 0 0 0 0 
Printing tau_prime:
0 1.75269 6.37192 6.01117 5.05259 5.48806 3.93346 8.67216 8.93677 9.98564 12.6853 0 
1.75269 0 6.187 5.39493 6.49166 6.80735 5.30038 10.4186 10.6639 11.2409 13.8256 1.75269 
6.37192 6.187 0 1.62076 6.14362 5.72064 5.41954 11.5086 12.963 8.35023 10.0573 6.37192 
6.01117 5.39493 1.62076 0 7.04011 6.75314 6.11322 12.3543 13.5696 9.83463 11.6501 6.01117 
5.05259 6.49166 6.14362 7.04011 0 0.757439 1.21339 5.36569 6.95528 5.02051 7.82067 5.05259 
5.48806 6.80735 5.72064 6.75314 0.757439 0 1.55569 5.8401 7.57744 4.49873 7.2412 5.48806 
3.93346 5.30038 5.41954 6.11322 1.21339 1.55569 0 6.25065 7.54456 6.05441 8.78502 3.93346 
8.67216 10.4186 11.5086 12.3543 5.36569 5.8401 6.25065 0 2.46912 6.84993 9.28343 8.67216 
8.93677 10.6639 12.963 13.5696 6.95528 7.57744 7.54456 2.46912 0 9.27385 11.7513 8.93677 
9.98564 11.2409 8.35023 9.83463 5.02051 4.49873 6.05441 6.84993 9.27385 0 2.85239 9.98564 
12.6853 13.8256 10.0573 11.6501 7.82067 7.2412 8.78502 9.28343 11.7513 2.85239 0 12.6853 
0 0 0 0 0 0 0 0 0 0 0 0 
Printing number of nodes: 11

Version identifier: 22.1.1.0 | 2022-11-28 | 9160aff4d
CPXPARAM_ClockType                               0
CPXPARAM_Emphasis_MIP                            2
CPXPARAM_MIP_Tolerances_Integrality              0
Tried aggregator 3 times.
MIP Presolve eliminated 538 rows and 1211 columns.
MIP Presolve modified 714 coefficients.
Aggregator did 44 substitutions.
Reduced MIP has 5549 rows, 460 columns, and 160857 nonzeros.
Reduced MIP has 451 binaries, 0 generals, 0 SOSs, and 0 indicators.
Presolve time = 0.10 sec. (375.95 ticks)
Found incumbent of value 473.092520 after 0.14 sec. (467.18 ticks)
Probing fixed 90 vars, tightened 0 bounds.
Probing changed sense of 22 constraints.
Probing time = 0.02 sec. (18.75 ticks)
Cover probing fixed 12 vars, tightened 0 bounds.
Tried aggregator 2 times.
MIP Presolve eliminated 158 rows and 131 columns.
MIP Presolve modified 166 coefficients.
Aggregator did 4 substitutions.
Reduced MIP has 5386 rows, 325 columns, and 159804 nonzeros.
Reduced MIP has 316 binaries, 0 generals, 0 SOSs, and 0 indicators.
Presolve time = 0.16 sec. (416.20 ticks)
Probing fixed 3 vars, tightened 0 bounds.
Probing changed sense of 11 constraints.
Probing time = 0.02 sec. (14.59 ticks)
Tried aggregator 1 time.
Detecting symmetries...
MIP Presolve eliminated 68 rows and 61 columns.
MIP Presolve added 2 rows and 0 columns.
MIP Presolve modified 55 coefficients.
Reduced MIP has 5320 rows, 264 columns, and 159487 nonzeros.
Reduced MIP has 255 binaries, 0 generals, 0 SOSs, and 0 indicators.
Presolve time = 0.06 sec. (177.32 ticks)
Probing time = 0.01 sec. (11.25 ticks)
Clique table members: 12420.
MIP emphasis: optimality.
MIP search method: dynamic search.
Parallel mode: deterministic, using up to 20 threads.
Root relaxation solution time = 0.04 sec. (38.47 ticks)

        Nodes                                         Cuts/
   Node  Left     Objective  IInf  Best Integer    Best Bound    ItCnt     Gap

*     0+    0                          473.0925       -4.0000           100.85%
      0     0      165.4681    58      473.0925      165.4681      231   65.02%
*     0+    0                          276.4109      165.4681            40.14%
      0     0      180.2120    61      276.4109      Cuts: 53      307   34.80%
*     0+    0                          189.9354      180.2120             5.12%
      0     0      180.4691    47      189.9354      Cuts: 23      334    4.98%
      0     0      180.5485    48      189.9354   ZeroHalf: 8      358    4.94%
      0     0      180.8092    63      189.9354  ZeroHalf: 13      379    4.80%
      0     0      181.4929    57      189.9354      Cuts: 39      418    4.44%
Detecting symmetries...
      0     0      182.0991    73      189.9354   ZeroHalf: 3      438    4.13%
      0     0      183.0450    72      189.9354      Cuts: 19      454    3.63%
      0     0        cutoff            189.9354      189.9354      483    0.00%
Elapsed time = 0.76 sec. (1955.61 ticks, tree = 0.01 MB, solutions = 3)

Clique cuts applied:  18
Implied bound cuts applied:  2
Zero-half cuts applied:  14
Gomory fractional cuts applied:  4

Root node processing (before b&c):
  Real time             =    0.76 sec. (1956.15 ticks)
Parallel b&c, 20 threads:
  Real time             =    0.00 sec. (0.00 ticks)
  Sync time (average)   =    0.00 sec.
  Wait time (average)   =    0.00 sec.
                          ------------
Total (root+branch&cut) =    0.76 sec. (1956.15 ticks)
Truck arcs:
0 1
1 6
4 7
6 5
7 8
8 11
customer 2 is served by drone
start of this sortie: 6
end of this sortie: 5

customer 3 is served by drone
start of this sortie: 0
end of this sortie: 1

customer 9 is served by drone
start of this sortie: 7
end of this sortie: 8

customer 10 is served by drone
start of this sortie: 5
end of this sortie: 4

189.935
In write mode
