Instance name: /home/cuong/CLionProjects/uMV-FSTSP/50_dis_rand_ins/v95
Write arg val: 1

drone speed: 1 miles/minute
uav non-eligible customer: 9 11 
Printing tau:
0 9.52898 56.54 46.1612 43.9199 53.1822 45.3846 58.3237 48.538 89.1821 90.8708 0 
9.52898 0 66.069 55.6902 51.6227 60.8849 53.0874 66.0265 56.2408 96.8848 98.5736 9.52898 
56.54 66.069 0 12.4353 35.3736 46.4893 67.9661 98.6016 96.177 51.5288 67.7156 56.54 
46.1612 55.6902 12.4353 0 24.9948 36.1105 57.5873 88.2228 85.7982 63.964 65.6528 46.1612 
43.9199 51.6227 35.3736 24.9948 0 11.1157 32.5925 63.228 60.8034 45.2622 46.9509 43.9199 
53.1822 60.8849 46.4893 36.1105 11.1157 0 21.4768 52.1123 49.6877 35.9999 37.6887 53.1822 
45.3846 53.0874 67.9661 57.5873 32.5925 21.4768 0 30.6355 28.2109 43.7975 45.4862 45.3846 
58.3237 66.0265 98.6016 88.2228 63.228 52.1123 30.6355 0 9.78571 49.2744 32.5471 58.3237 
48.538 56.2408 96.177 85.7982 60.8034 49.6877 28.2109 9.78571 0 46.8498 42.3328 48.538 
89.1821 96.8848 51.5288 63.964 45.2622 35.9999 43.7975 49.2744 46.8498 0 18.3884 89.1821 
90.8708 98.5736 67.7156 65.6528 46.9509 37.6887 45.4862 32.5471 42.3328 18.3884 0 90.8708 
0 0 0 0 0 0 0 0 0 0 0 0 
Printing tau_prime:
0 1.73283 9.60682 7.43883 6.89489 7.65423 6.61864 10.1694 8.86231 12.6534 12.9479 0 
1.73283 0 11.3334 9.14897 8.49365 9.04471 7.51248 10.4095 9.02166 13.9046 13.9424 1.73283 
9.60682 11.3334 0 2.29066 5.08047 6.93166 9.67385 14.2475 13.6883 10.088 12.1799 9.60682 
7.43883 9.14897 2.29066 0 4.41475 6.45904 8.62901 13.3261 12.5739 10.5909 12.327 7.43883 
6.89489 8.49365 5.08047 4.41475 0 2.04621 4.61393 9.17088 8.62366 6.69831 8.06275 6.89489 
7.65423 9.04471 6.93166 6.45904 2.04621 0 3.23127 7.40558 7.05753 5.10695 6.11718 7.65423 
6.61864 7.51248 9.67385 8.62901 4.61393 3.23127 0 4.70309 4.01447 6.73146 6.43282 6.61864 
10.1694 10.4095 14.2475 13.3261 9.17088 7.40558 4.70309 0 1.42576 8.22217 6.34549 10.1694 
8.86231 9.02166 13.6883 12.5739 8.62366 7.05753 4.01447 1.42576 0 8.77137 7.21404 8.86231 
12.6534 13.9046 10.088 10.5909 6.69831 5.10695 6.73146 8.22217 8.77137 0 2.61146 12.6534 
12.9479 13.9424 12.1799 12.327 8.06275 6.11718 6.43282 6.34549 7.21404 2.61146 0 12.9479 
0 0 0 0 0 0 0 0 0 0 0 0 
Printing number of nodes: 11

Version identifier: 22.1.1.0 | 2022-11-28 | 9160aff4d
CPXPARAM_ClockType                               0
CPXPARAM_Emphasis_MIP                            2
CPXPARAM_MIP_Tolerances_Integrality              0
Tried aggregator 3 times.
MIP Presolve eliminated 557 rows and 1251 columns.
MIP Presolve modified 795 coefficients.
Aggregator did 33 substitutions.
Reduced MIP has 5541 rows, 431 columns, and 160695 nonzeros.
Reduced MIP has 422 binaries, 0 generals, 0 SOSs, and 0 indicators.
Presolve time = 0.15 sec. (570.71 ticks)
Found incumbent of value 534.989980 after 0.21 sec. (712.70 ticks)
Probing fixed 93 vars, tightened 0 bounds.
Probing changed sense of 14 constraints.
Probing time = 0.02 sec. (16.81 ticks)
Cover probing fixed 6 vars, tightened 0 bounds.
Tried aggregator 2 times.
MIP Presolve eliminated 143 rows and 117 columns.
MIP Presolve added 2 rows and 0 columns.
MIP Presolve modified 105 coefficients.
Aggregator did 4 substitutions.
Reduced MIP has 5396 rows, 310 columns, and 159741 nonzeros.
Reduced MIP has 301 binaries, 0 generals, 0 SOSs, and 0 indicators.
Presolve time = 0.14 sec. (329.30 ticks)
Probing fixed 1 vars, tightened 0 bounds.
Probing changed sense of 24 constraints.
Probing time = 0.01 sec. (15.14 ticks)
Tried aggregator 1 time.
MIP Presolve eliminated 113 rows and 108 columns.
MIP Presolve modified 29 coefficients.
Reduced MIP has 5283 rows, 202 columns, and 159182 nonzeros.
Reduced MIP has 196 binaries, 0 generals, 0 SOSs, and 0 indicators.
Presolve time = 0.05 sec. (132.52 ticks)
Probing changed sense of 1 constraints.
Probing time = 0.01 sec. (8.39 ticks)
Tried aggregator 1 time.
Detecting symmetries...
MIP Presolve eliminated 3 rows and 1 columns.
MIP Presolve modified 4 coefficients.
Reduced MIP has 5280 rows, 201 columns, and 159173 nonzeros.
Reduced MIP has 195 binaries, 0 generals, 0 SOSs, and 0 indicators.
Presolve time = 0.04 sec. (92.50 ticks)
Probing time = 0.01 sec. (10.26 ticks)
Clique table members: 7631.
MIP emphasis: optimality.
MIP search method: dynamic search.
Parallel mode: deterministic, using up to 20 threads.
Root relaxation solution time = 0.02 sec. (33.10 ticks)

        Nodes                                         Cuts/
   Node  Left     Objective  IInf  Best Integer    Best Bound    ItCnt     Gap

*     0+    0                          534.9900       -5.0000           100.93%
      0     0      229.8182    41      534.9900      229.8182      108   57.04%
*     0+    0                          317.7625      229.8182            27.68%
*     0+    0                          230.4817      229.8182             0.29%
      0     0        cutoff            230.4817      230.4817      116    0.00%
Elapsed time = 0.76 sec. (2171.39 ticks, tree = 0.01 MB, solutions = 3)

Clique cuts applied:  9
Implied bound cuts applied:  2
Flow cuts applied:  2
Gomory fractional cuts applied:  5

Root node processing (before b&c):
  Real time             =    0.76 sec. (2171.92 ticks)
Parallel b&c, 20 threads:
  Real time             =    0.00 sec. (0.00 ticks)
  Sync time (average)   =    0.00 sec.
  Wait time (average)   =    0.00 sec.
                          ------------
Total (root+branch&cut) =    0.76 sec. (2171.92 ticks)
Truck arcs:
0 1
1 4
4 5
5 9
7 8
8 11
9 10
10 7
customer 2 is served by drone
start of this sortie: 4
end of this sortie: 5

customer 3 is served by drone
start of this sortie: 0
end of this sortie: 1

customer 6 is served by drone
start of this sortie: 7
end of this sortie: 8

230.482
In write mode
