Instance name: /home/cuong/CLionProjects/uMV-FSTSP/50_dis_rand_ins/v99
Write arg val: 1

drone speed: 1 miles/minute
uav non-eligible customer: 9 11 
Printing tau:
0 8.87351 57.8314 61.0354 59.4579 58.1546 58.2346 53.4342 62.0881 101.449 103.303 0 
8.87351 0 48.9579 52.1619 50.5843 49.2811 49.3611 60.1873 53.2145 92.575 94.4295 8.87351 
57.8314 48.9579 0 15.0438 48.8047 39.0542 46.7746 108.621 92.9759 43.6172 55.1079 57.8314 
61.0354 52.1619 15.0438 0 33.7609 24.0104 31.7308 93.5768 77.9321 40.4131 42.2676 61.0354 
59.4579 50.5843 48.8047 33.7609 0 9.75052 2.0301 59.8159 44.1712 41.9907 43.8452 59.4579 
58.1546 49.2811 39.0542 24.0104 9.75052 0 7.72042 69.5664 53.9217 43.2939 45.1484 58.1546 
58.2346 49.3611 46.7746 31.7308 2.0301 7.72042 0 61.846 46.2013 43.214 45.0684 58.2346 
53.4342 60.1873 108.621 93.5768 59.8159 69.5664 61.846 0 15.6448 69.8951 54.4616 53.4342 
62.0881 53.2145 92.9759 77.9321 44.1712 53.9217 46.2013 15.6448 0 54.2503 41.215 62.0881 
101.449 92.575 43.6172 40.4131 41.9907 43.2939 43.214 69.8951 54.2503 0 16.3823 101.449 
103.303 94.4295 55.1079 42.2676 43.8452 45.1484 45.0684 54.4616 41.215 16.3823 0 103.303 
0 0 0 0 0 0 0 0 0 0 0 0 
Printing tau_prime:
0 1.57697 11.3049 10.3313 8.45691 8.53488 8.32109 10.2379 10.2791 14.5346 14.6093 0 
1.57697 0 9.73927 8.75869 7.1539 7.0945 6.98465 10.2176 9.81409 13.1639 13.3877 1.57697 
11.3049 9.73927 0 2.17523 6.90586 5.52329 6.61518 15.4138 13.1625 8.24879 10.104 11.3049 
10.3313 8.75869 2.17523 0 4.77972 3.41994 4.50486 13.3457 11.0223 6.62427 8.23611 10.3313 
8.45691 7.1539 6.90586 4.77972 0 1.39119 0.335194 8.59145 6.25781 6.10706 6.26439 8.45691 
8.53488 7.0945 5.52329 3.41994 1.39119 0 1.09189 9.92595 7.64594 6.12286 6.77657 8.53488 
8.32109 6.98465 6.61518 4.50486 0.335194 1.09189 0 8.84665 6.55653 6.21649 6.48168 8.32109 
10.2379 10.2176 15.4138 13.3457 8.59145 9.92595 8.84665 0 2.89908 12.3716 10.7979 10.2379 
10.2791 9.81409 13.1625 11.0223 6.25781 7.64594 6.55653 2.89908 0 9.47876 7.91538 10.2791 
14.5346 13.1639 8.24879 6.62427 6.10706 6.12286 6.21649 12.3716 9.47876 0 2.3316 14.5346 
14.6093 13.3877 10.104 8.23611 6.26439 6.77657 6.48168 10.7979 7.91538 2.3316 0 14.6093 
0 0 0 0 0 0 0 0 0 0 0 0 
Printing number of nodes: 11

Version identifier: 22.1.1.0 | 2022-11-28 | 9160aff4d
CPXPARAM_ClockType                               0
CPXPARAM_Emphasis_MIP                            2
CPXPARAM_MIP_Tolerances_Integrality              0
Tried aggregator 3 times.
MIP Presolve eliminated 528 rows and 1191 columns.
MIP Presolve modified 806 coefficients.
Aggregator did 32 substitutions.
Reduced MIP has 5571 rows, 492 columns, and 161013 nonzeros.
Reduced MIP has 483 binaries, 0 generals, 0 SOSs, and 0 indicators.
Presolve time = 0.11 sec. (402.62 ticks)
Found incumbent of value 616.032300 after 0.15 sec. (500.61 ticks)
Probing fixed 86 vars, tightened 0 bounds.
Probing changed sense of 14 constraints.
Probing time = 0.02 sec. (21.35 ticks)
Cover probing fixed 8 vars, tightened 0 bounds.
Tried aggregator 2 times.
MIP Presolve eliminated 122 rows and 117 columns.
MIP Presolve modified 82 coefficients.
Aggregator did 1 substitutions.
Reduced MIP has 5448 rows, 374 columns, and 160207 nonzeros.
Reduced MIP has 365 binaries, 0 generals, 0 SOSs, and 0 indicators.
Presolve time = 0.07 sec. (187.31 ticks)
Probing fixed 6 vars, tightened 0 bounds.
Probing time = 0.02 sec. (16.81 ticks)
Tried aggregator 1 time.
MIP Presolve eliminated 63 rows and 77 columns.
MIP Presolve modified 185 coefficients.
Reduced MIP has 5382 rows, 297 columns, and 159808 nonzeros.
Reduced MIP has 288 binaries, 0 generals, 0 SOSs, and 0 indicators.
Presolve time = 0.09 sec. (243.84 ticks)
Probing changed sense of 1 constraints.
Probing time = 0.01 sec. (10.81 ticks)
Tried aggregator 1 time.
Detecting symmetries...
MIP Presolve eliminated 3 rows and 1 columns.
MIP Presolve modified 13 coefficients.
Reduced MIP has 5379 rows, 296 columns, and 159798 nonzeros.
Reduced MIP has 287 binaries, 0 generals, 0 SOSs, and 0 indicators.
Presolve time = 0.03 sec. (93.40 ticks)
Probing time = 0.01 sec. (11.68 ticks)
Clique table members: 16446.
MIP emphasis: optimality.
MIP search method: dynamic search.
Parallel mode: deterministic, using up to 20 threads.
Root relaxation solution time = 0.04 sec. (46.60 ticks)

        Nodes                                         Cuts/
   Node  Left     Objective  IInf  Best Integer    Best Bound    ItCnt     Gap

*     0+    0                          616.0323       -3.0000           100.49%
      0     0      237.5014    65      616.0323      237.5014      393   61.45%
*     0+    0                          244.1001      237.5014             2.70%
      0     0      240.4913    83      244.1001      Cuts: 50      469    1.14%
      0     0      240.6720    95      244.1001      Cuts: 16      524    1.14%
*     0+    0                          242.5426      241.3238             0.50%
      0     0        cutoff            242.5426      242.5426      553    0.00%
Elapsed time = 0.72 sec. (1851.10 ticks, tree = 0.01 MB, solutions = 3)

GUB cover cuts applied:  1
Clique cuts applied:  12
Implied bound cuts applied:  6
Flow cuts applied:  3
Mixed integer rounding cuts applied:  6
Zero-half cuts applied:  5
Gomory fractional cuts applied:  3

Root node processing (before b&c):
  Real time             =    0.72 sec. (1851.64 ticks)
Parallel b&c, 20 threads:
  Real time             =    0.00 sec. (0.00 ticks)
  Sync time (average)   =    0.00 sec.
  Wait time (average)   =    0.00 sec.
                          ------------
Total (root+branch&cut) =    0.72 sec. (1851.64 ticks)
Truck arcs:
4 9
5 6
8 7
9 10
10 8
customer 3 is served by drone
start of this sortie: 5

242.543
In write mode
